0 0.7875 0.4541015625 0.021875 0.048828125
6 0.5515625 0.443359375 0.109375 0.14453125
6 0.35546875 0.470703125 0.0328125 0.0546875
2 0.3328125 0.4794921875 0.021875 0.048828125
2 0.31171875 0.4814453125 0.0296875 0.056640625
2 0.2921875 0.478515625 0.03125 0.0703125
2 0.24921875 0.4833984375 0.0859375 0.083984375
2 0.37734375 0.478515625 0.0140625 0.03125
2 0.415625 0.4814453125 0.065625 0.064453125
2 0.46796875 0.482421875 0.0390625 0.0390625
2 0.49375 0.484375 0.021875 0.05078125
2 0.55390625 0.4794921875 0.0703125 0.091796875
2 0.6203125 0.4853515625 0.11875 0.115234375
