0 0.7421875 0.486328125 0.021875 0.09375
0 0.7234375 0.484375 0.021875 0.09765625
0 0.496875 0.4833984375 0.053125 0.119140625
0 0.04765625 0.4931640625 0.0265625 0.103515625
2 0.51953125 0.4765625 0.0328125 0.046875
2 0.46875 0.4638671875 0.01875 0.013671875
2 0.4515625 0.46484375 0.01875 0.01953125
2 0.40703125 0.4609375 0.0359375 0.01953125
2 0.43203125 0.4609375 0.0140625 0.01171875
2 0.38046875 0.462890625 0.0109375 0.0234375
2 0.3640625 0.46484375 0.028125 0.02734375
2 0.34140625 0.4697265625 0.0171875 0.029296875
2 0.3234375 0.4716796875 0.03125 0.033203125
2 0.2796875 0.478515625 0.05625 0.046875
