2 0.9359375 0.5537109375 0.128125 0.220703125
2 0.78671875 0.5205078125 0.2109375 0.154296875
2 0.64140625 0.48046875 0.1015625 0.1015625
2 0.58125 0.4873046875 0.034375 0.048828125
2 0.56171875 0.4814453125 0.0234375 0.037109375
2 0.51953125 0.46875 0.0328125 0.02734375
2 0.471875 0.4697265625 0.021875 0.025390625
2 0.4375 0.466796875 0.015625 0.015625
2 0.41171875 0.466796875 0.0171875 0.01953125
2 0.39453125 0.4716796875 0.0171875 0.021484375
2 0.37421875 0.4677734375 0.0234375 0.029296875
2 0.365625 0.4736328125 0.028125 0.025390625
2 0.31328125 0.470703125 0.0546875 0.0546875
