0 0.78046875 0.4794921875 0.0390625 0.142578125
0 0.640625 0.470703125 0.025 0.10546875
0 0.85859375 0.4140625 0.0140625 0.03515625
6 0.26875 0.4423828125 0.03125 0.041015625
2 0.92109375 0.4423828125 0.1328125 0.056640625
2 0.67890625 0.4560546875 0.1203125 0.060546875
2 0.81484375 0.431640625 0.0546875 0.04296875
2 0.55 0.447265625 0.028125 0.05859375
2 0.50625 0.447265625 0.03125 0.0390625
2 0.33984375 0.4521484375 0.0328125 0.037109375
2 0.3203125 0.4521484375 0.01875 0.033203125
2 0.3015625 0.4482421875 0.028125 0.029296875
2 0.253125 0.455078125 0.025 0.03515625
2 0.26796875 0.4482421875 0.0203125 0.029296875
2 0.21875 0.4638671875 0.065625 0.064453125
2 0.10703125 0.4775390625 0.1640625 0.154296875
