0 0.32265625 0.462890625 0.0140625 0.0546875
0 0.38046875 0.45703125 0.0109375 0.03515625
0 0.434375 0.462890625 0.015625 0.04296875
0 0.45234375 0.4638671875 0.0140625 0.037109375
0 0.86484375 0.4873046875 0.0328125 0.103515625
1 0.94765625 0.564453125 0.0734375 0.1171875
1 0.85078125 0.5068359375 0.0296875 0.068359375
1 0.61484375 0.49609375 0.0265625 0.0546875
1 0.65546875 0.498046875 0.0234375 0.0546875
1 0.54609375 0.4765625 0.0140625 0.0390625
2 0.9375 0.5322265625 0.125 0.130859375
2 0.771875 0.5068359375 0.103125 0.076171875
2 0.728125 0.49609375 0.075 0.06640625
2 0.68671875 0.486328125 0.0515625 0.05859375
2 0.46640625 0.4619140625 0.0140625 0.021484375
2 0.39921875 0.4619140625 0.0265625 0.021484375
