0 0.65 0.4697265625 0.01875 0.068359375
0 0.20234375 0.4765625 0.0140625 0.0390625
0 0.21640625 0.4755859375 0.0109375 0.037109375
0 0.221875 0.4755859375 0.009375 0.037109375
0 0.2375 0.47265625 0.0125 0.04296875
0 0.27421875 0.470703125 0.0078125 0.03515625
0 0.2828125 0.4697265625 0.009375 0.033203125
0 0.29921875 0.4716796875 0.0078125 0.021484375
0 0.30390625 0.4716796875 0.0046875 0.021484375
0 0.3109375 0.4716796875 0.00625 0.025390625
0 0.31796875 0.4716796875 0.0078125 0.025390625
0 0.32421875 0.46875 0.0078125 0.02734375
0 0.33203125 0.4697265625 0.0078125 0.025390625
0 0.33984375 0.4716796875 0.0078125 0.025390625
0 0.346875 0.46875 0.00625 0.02734375
0 0.353125 0.47265625 0.00625 0.0234375
0 0.36953125 0.4716796875 0.0078125 0.021484375
0 0.3765625 0.47265625 0.00625 0.01953125
1 0.0625 0.4951171875 0.021875 0.037109375
1 0.26171875 0.4794921875 0.0140625 0.029296875
2 0.39765625 0.466796875 0.0359375 0.03515625
2 0.49140625 0.49609375 0.1234375 0.1328125
14 0.665625 0.4951171875 0.01875 0.044921875
