0 0.79921875 0.52734375 0.0203125 0.08984375
0 0.7640625 0.4951171875 0.021875 0.033203125
0 0.7015625 0.5 0.021875 0.046875
0 0.23125 0.490234375 0.015625 0.02734375
0 0.2640625 0.490234375 0.0125 0.02734375
0 0.28046875 0.4873046875 0.0140625 0.017578125
0 0.34765625 0.4931640625 0.0078125 0.025390625
0 0.36015625 0.4921875 0.0078125 0.0234375
2 0.03515625 0.533203125 0.0703125 0.1015625
2 0.51015625 0.498046875 0.0203125 0.01953125
2 0.52890625 0.4912109375 0.0140625 0.013671875
2 0.51328125 0.484375 0.0109375 0.01171875
2 0.50234375 0.478515625 0.0109375 0.01171875
