0 0.0109375 0.4560546875 0.015625 0.048828125
0 0.0515625 0.4658203125 0.028125 0.083984375
0 0.10390625 0.4482421875 0.0203125 0.029296875
0 0.0859375 0.4423828125 0.01875 0.025390625
0 0.4453125 0.4580078125 0.015625 0.056640625
0 0.72578125 0.46875 0.0265625 0.0859375
0 0.64609375 0.4609375 0.0171875 0.0546875
0 0.57890625 0.458984375 0.0140625 0.04296875
0 0.8828125 0.4736328125 0.04375 0.103515625
0 0.90859375 0.47265625 0.0484375 0.1015625
0 0.9234375 0.447265625 0.01875 0.046875
0 0.78046875 0.44921875 0.0203125 0.03125
0 0.471875 0.4462890625 0.00625 0.017578125
1 0.22890625 0.517578125 0.1203125 0.08984375
2 0.34921875 0.48828125 0.1234375 0.08203125
2 0.54140625 0.474609375 0.0578125 0.0546875
2 0.51796875 0.46875 0.0203125 0.046875
2 0.50859375 0.4677734375 0.0234375 0.041015625
2 0.50390625 0.4609375 0.0265625 0.0390625
2 0.5 0.4541015625 0.025 0.033203125
2 0.48515625 0.4521484375 0.0171875 0.021484375
2 0.47734375 0.451171875 0.0078125 0.015625
2 0.434375 0.447265625 0.015625 0.02734375
