0 0.26328125 0.400390625 0.0171875 0.0546875
0 0.246875 0.3955078125 0.015625 0.060546875
0 0.43515625 0.4052734375 0.0109375 0.037109375
0 0.45546875 0.404296875 0.0109375 0.03125
0 0.46484375 0.4052734375 0.0078125 0.029296875
0 0.4875 0.4052734375 0.0125 0.029296875
0 0.50625 0.39453125 0.025 0.0546875
0 0.5171875 0.41015625 0.0125 0.01953125
0 0.53671875 0.4052734375 0.0140625 0.029296875
0 0.56015625 0.3994140625 0.0328125 0.048828125
0 0.61484375 0.408203125 0.0140625 0.02734375
0 0.62109375 0.4140625 0.0171875 0.02734375
0 0.6390625 0.4140625 0.009375 0.03125
0 0.6609375 0.4169921875 0.025 0.037109375
0 0.69921875 0.4248046875 0.0140625 0.037109375
0 0.7171875 0.443359375 0.025 0.07421875
0 0.75703125 0.4794921875 0.0453125 0.146484375
0 0.7625 0.478515625 0.0375 0.1484375
0 0.940625 0.4755859375 0.0375 0.123046875
0 0.98359375 0.462890625 0.0171875 0.0546875
0 0.98515625 0.5458984375 0.0296875 0.099609375
1 0.8671875 0.48828125 0.025 0.07421875
2 0.1375 0.517578125 0.275 0.40234375
2 0.56171875 0.6669921875 0.4796875 0.494140625
