0 0.05078125 0.4423828125 0.0203125 0.060546875
0 0.07734375 0.4375 0.0140625 0.0234375
0 0.06484375 0.4384765625 0.0140625 0.021484375
0 0.17421875 0.4755859375 0.0546875 0.126953125
0 0.1875 0.4755859375 0.05 0.119140625
0 0.615625 0.4619140625 0.0125 0.044921875
0 0.72109375 0.4609375 0.0203125 0.0703125
0 0.7796875 0.4638671875 0.028125 0.068359375
0 0.8546875 0.447265625 0.025 0.0390625
0 0.9859375 0.453125 0.01875 0.04296875
0 0.496875 0.4453125 0.00625 0.01953125
2 0.24609375 0.4638671875 0.1046875 0.052734375
2 0.57734375 0.4775390625 0.0640625 0.064453125
2 0.55 0.4716796875 0.021875 0.044921875
2 0.5421875 0.4677734375 0.025 0.044921875
2 0.5359375 0.4609375 0.028125 0.04296875
2 0.53203125 0.45703125 0.0296875 0.04296875
2 0.515625 0.451171875 0.015625 0.0234375
2 0.51015625 0.4482421875 0.0109375 0.017578125
2 0.50234375 0.447265625 0.0109375 0.015625
2 0.47890625 0.4462890625 0.0140625 0.013671875
14 0.0796875 0.6640625 0.15 0.21484375
1 0.1203125 0.4892578125 0.01875 0.068359375
1 0.20625 0.46875 0.01875 0.046875
