0 0.015625 0.5068359375 0.021875 0.076171875
0 0.0375 0.5078125 0.021875 0.07421875
0 0.0546875 0.5068359375 0.021875 0.072265625
0 0.0640625 0.5048828125 0.015625 0.064453125
0 0.08828125 0.513671875 0.0171875 0.05859375
0 0.08046875 0.5029296875 0.0171875 0.068359375
0 0.10625 0.5078125 0.0125 0.0625
0 0.0953125 0.5068359375 0.0125 0.064453125
0 0.26796875 0.5 0.0078125 0.0234375
0 0.275 0.5 0.00625 0.02734375
0 0.2828125 0.498046875 0.009375 0.02734375
0 0.25859375 0.4951171875 0.0078125 0.029296875
0 0.6796875 0.4638671875 0.009375 0.029296875
0 0.6859375 0.4638671875 0.009375 0.033203125
0 0.69296875 0.4599609375 0.0109375 0.037109375
6 0.46328125 0.4736328125 0.0484375 0.068359375
2 0.1765625 0.4951171875 0.134375 0.119140625
2 0.534375 0.5068359375 0.103125 0.111328125
2 0.425 0.4951171875 0.0375 0.041015625
2 0.4 0.501953125 0.015625 0.02734375
14 0.61875 0.4755859375 0.065625 0.037109375
