0 0.17109375 0.46484375 0.0234375 0.0703125
0 0.19453125 0.4677734375 0.0171875 0.064453125
0 0.11796875 0.515625 0.0578125 0.109375
0 0.12890625 0.509765625 0.0328125 0.12890625
0 0.83203125 0.482421875 0.0390625 0.12890625
0 0.91875 0.4814453125 0.034375 0.123046875
0 0.3421875 0.4892578125 0.025 0.091796875
2 0.34296875 0.45703125 0.0296875 0.0390625
2 0.30859375 0.4677734375 0.0421875 0.044921875
2 0.06328125 0.484375 0.1265625 0.078125
2 0.8953125 0.4658203125 0.0875 0.072265625
2 0.78359375 0.462890625 0.1359375 0.0859375
2 0.56015625 0.638671875 0.5421875 0.4921875
4 0.33828125 0.4267578125 0.0515625 0.064453125
