0 0.890625 0.4443359375 0.025 0.080078125
0 0.79609375 0.42578125 0.0140625 0.0625
0 0.74765625 0.4169921875 0.0171875 0.048828125
0 0.66640625 0.40625 0.0109375 0.03125
0 0.478125 0.400390625 0.009375 0.0234375
0 0.46953125 0.400390625 0.0078125 0.02734375
0 0.44609375 0.4013671875 0.0109375 0.033203125
0 0.33828125 0.404296875 0.0140625 0.06640625
0 0.30703125 0.4130859375 0.0234375 0.087890625
0 0.2859375 0.4111328125 0.01875 0.080078125
0 0.2796875 0.419921875 0.028125 0.09375
2 0.5734375 0.4072265625 0.0125 0.013671875
2 0.56640625 0.4072265625 0.0078125 0.013671875
2 0.5453125 0.4072265625 0.034375 0.044921875
2 0.5265625 0.4169921875 0.05 0.044921875
