0 0.54375 0.470703125 0.0125 0.0390625
0 0.55625 0.466796875 0.0125 0.046875
0 0.56796875 0.46875 0.0140625 0.04296875
2 0.54765625 0.455078125 0.0640625 0.03515625
2 0.01640625 0.4970703125 0.0328125 0.083984375
2 0.06328125 0.486328125 0.1046875 0.09375
2 0.15078125 0.462890625 0.0640625 0.04296875
2 0.21875 0.4677734375 0.075 0.060546875
2 0.2640625 0.4677734375 0.046875 0.056640625
2 0.29296875 0.46875 0.0203125 0.03515625
2 0.30859375 0.4658203125 0.0265625 0.033203125
2 0.3296875 0.462890625 0.028125 0.02734375
2 0.34453125 0.4609375 0.0140625 0.0234375
2 0.3796875 0.4609375 0.040625 0.0390625
2 0.40625 0.4423828125 0.015625 0.017578125
2 0.40078125 0.4326171875 0.0109375 0.013671875
2 0.453125 0.4482421875 0.01875 0.017578125
2 0.47890625 0.4228515625 0.0109375 0.013671875
2 0.459375 0.4326171875 0.0125 0.013671875
2 0.46171875 0.3896484375 0.0140625 0.013671875
2 0.471875 0.3779296875 0.009375 0.009765625
2 0.69296875 0.4580078125 0.0796875 0.037109375
2 0.7390625 0.4541015625 0.103125 0.044921875
2 0.9421875 0.470703125 0.115625 0.078125
2 0.859375 0.4619140625 0.153125 0.056640625
2 0.79765625 0.4521484375 0.1203125 0.048828125
2 0.475 0.375 0.009375 0.01171875
