0 0.075 0.4677734375 0.01875 0.072265625
0 0.096875 0.47265625 0.01875 0.06640625
0 0.18671875 0.4658203125 0.0140625 0.056640625
0 0.20859375 0.4658203125 0.0078125 0.044921875
0 0.271875 0.45703125 0.009375 0.02734375
0 0.3453125 0.4658203125 0.021875 0.080078125
0 0.71171875 0.4501953125 0.0140625 0.072265625
0 0.81015625 0.44921875 0.0234375 0.0703125
0 0.76484375 0.4375 0.0109375 0.046875
0 0.790625 0.4453125 0.009375 0.046875
0 0.57578125 0.4541015625 0.0171875 0.064453125
0 0.5890625 0.4541015625 0.021875 0.072265625
0 0.63046875 0.4541015625 0.0171875 0.068359375
0 0.66875 0.4501953125 0.021875 0.068359375
2 0.478125 0.4541015625 0.009375 0.009765625
2 0.4359375 0.4560546875 0.0125 0.009765625
2 0.2453125 0.4677734375 0.05625 0.052734375
2 0.50234375 0.458984375 0.0390625 0.0390625
