2 0.0390625 0.447265625 0.078125 0.03515625
2 0.9640625 0.419921875 0.071875 0.03125
2 0.35078125 0.45703125 0.0546875 0.0546875
2 0.446875 0.45703125 0.040625 0.0390625
2 0.45 0.4345703125 0.034375 0.021484375
2 0.453125 0.41796875 0.021875 0.01953125
2 0.453125 0.40234375 0.021875 0.01953125
2 0.40625 0.412109375 0.0125 0.015625
2 0.4078125 0.4013671875 0.015625 0.013671875
2 0.41171875 0.3935546875 0.0140625 0.009765625
2 0.425 0.388671875 0.009375 0.0078125
2 0.4515625 0.38671875 0.0125 0.01171875
2 0.60703125 0.4189453125 0.0234375 0.017578125
