0 0.03828125 0.580078125 0.0328125 0.08203125
0 0.05859375 0.583984375 0.0296875 0.0859375
0 0.12109375 0.5615234375 0.0296875 0.056640625
0 0.221875 0.552734375 0.025 0.04296875
0 0.35703125 0.564453125 0.0328125 0.078125
0 0.37734375 0.5771484375 0.0203125 0.044921875
0 0.39375 0.5751953125 0.021875 0.037109375
0 0.28046875 0.5732421875 0.0109375 0.041015625
0 0.2734375 0.5712890625 0.009375 0.033203125
0 0.303125 0.568359375 0.009375 0.03125
0 0.53203125 0.578125 0.0234375 0.0625
0 0.67109375 0.65625 0.0734375 0.2421875
0 0.7640625 0.619140625 0.021875 0.1171875
0 0.79296875 0.6025390625 0.0234375 0.123046875
0 0.81796875 0.5615234375 0.0171875 0.060546875
0 0.73359375 0.6494140625 0.0578125 0.208984375
0 0.97421875 0.564453125 0.0109375 0.03515625
0 0.9828125 0.564453125 0.0125 0.0390625
0 0.546875 0.578125 0.01875 0.0546875
0 0.6875 0.5703125 0.01875 0.0546875
0 0.45859375 0.564453125 0.0078125 0.015625
0 0.46953125 0.5654296875 0.0078125 0.017578125
0 0.3234375 0.5732421875 0.009375 0.029296875
0 0.24609375 0.5625 0.0078125 0.01953125
0 0.25234375 0.5634765625 0.0046875 0.017578125
0 0.14375 0.5615234375 0.00625 0.017578125
0 0.1515625 0.5625 0.009375 0.015625
0 0.16328125 0.5615234375 0.0109375 0.017578125
0 0.1734375 0.5615234375 0.009375 0.017578125
6 0.496875 0.556640625 0.04375 0.046875
2 0.09453125 0.806640625 0.1890625 0.38671875
2 0.18984375 0.6650390625 0.2171875 0.189453125
2 0.4171875 0.7978515625 0.434375 0.404296875
2 0.45625 0.5859375 0.1375 0.03125
