0 0.67265625 0.4501953125 0.0109375 0.048828125
0 0.6375 0.451171875 0.015625 0.0390625
0 0.71328125 0.458984375 0.0203125 0.046875
0 0.73515625 0.4619140625 0.0203125 0.044921875
0 0.578125 0.4521484375 0.009375 0.033203125
0 0.5640625 0.451171875 0.009375 0.03125
0 0.5546875 0.4482421875 0.00625 0.021484375
0 0.3625 0.4619140625 0.025 0.060546875
1 0.734375 0.474609375 0.01875 0.05078125
2 0.14296875 0.544921875 0.2859375 0.3984375
2 0.30625 0.4638671875 0.075 0.080078125
2 0.4234375 0.4560546875 0.090625 0.103515625
2 0.48125 0.44921875 0.015625 0.01171875
2 0.3515625 0.46875 0.025 0.05078125
