0 0.8 0.615234375 0.046875 0.1484375
0 0.54765625 0.576171875 0.0046875 0.015625
0 0.6171875 0.576171875 0.00625 0.02734375
0 0.6078125 0.5732421875 0.00625 0.029296875
2 0.88671875 0.7783203125 0.2265625 0.392578125
2 0.096875 0.6416015625 0.140625 0.130859375
2 0.19140625 0.6337890625 0.0828125 0.107421875
2 0.240625 0.6201171875 0.059375 0.087890625
2 0.27890625 0.607421875 0.0515625 0.06640625
2 0.3296875 0.603515625 0.05625 0.0546875
2 0.35390625 0.591796875 0.0421875 0.046875
2 0.38125 0.591796875 0.015625 0.0390625
2 0.39765625 0.58984375 0.0234375 0.03515625
2 0.453125 0.578125 0.021875 0.01953125
2 0.521875 0.5771484375 0.021875 0.021484375
2 0.5015625 0.576171875 0.015625 0.015625
2 0.4109375 0.5869140625 0.01875 0.029296875
