0 0.43515625 0.46484375 0.0046875 0.015625
0 0.39296875 0.4697265625 0.0078125 0.025390625
6 0.56015625 0.4453125 0.0203125 0.02734375
2 0.10078125 0.5419921875 0.0546875 0.021484375
2 0.39609375 0.50390625 0.0359375 0.03125
2 0.60625 0.529296875 0.06875 0.07421875
2 0.5921875 0.5029296875 0.04375 0.041015625
2 0.57578125 0.4814453125 0.0203125 0.025390625
2 0.56328125 0.4755859375 0.0234375 0.025390625
2 0.54921875 0.4541015625 0.0171875 0.013671875
14 0.93359375 0.4794921875 0.0953125 0.052734375
