0 0.28984375 0.482421875 0.0078125 0.01953125
0 0.33515625 0.482421875 0.0078125 0.015625
0 0.35234375 0.4814453125 0.0046875 0.013671875
0 0.37109375 0.4814453125 0.0078125 0.017578125
0 0.4140625 0.4833984375 0.003125 0.009765625
0 0.4203125 0.48828125 0.00625 0.01953125
0 0.4328125 0.486328125 0.00625 0.015625
0 0.64140625 0.490234375 0.0078125 0.0234375
0 0.64609375 0.4853515625 0.0109375 0.029296875
0 0.65234375 0.4912109375 0.0046875 0.017578125
0 0.66953125 0.48828125 0.0140625 0.01953125
0 0.70390625 0.4814453125 0.0109375 0.037109375
0 0.93203125 0.51953125 0.0171875 0.07421875
0 0.94140625 0.515625 0.0265625 0.09765625
0 0.38984375 0.5302734375 0.0390625 0.107421875
0 0.40859375 0.5263671875 0.0421875 0.123046875
1 0.15546875 0.513671875 0.0234375 0.0390625
2 0.53515625 0.4921875 0.0140625 0.01953125
2 0.525 0.4951171875 0.01875 0.025390625
2 0.50546875 0.4990234375 0.0234375 0.029296875
2 0.5578125 0.5009765625 0.028125 0.029296875
