4 0.10859375 0.50390625 0.2140625 0.2109375
4 0.48515625 0.525390625 0.0203125 0.01953125
0 0.78671875 0.5595703125 0.0171875 0.080078125
0 0.8078125 0.541015625 0.0125 0.05078125
0 0.8453125 0.5478515625 0.015625 0.064453125
0 0.8671875 0.5419921875 0.0125 0.052734375
0 0.91953125 0.53515625 0.0140625 0.046875
0 0.98046875 0.5322265625 0.0140625 0.041015625
0 0.96875 0.52734375 0.009375 0.05078125
0 0.934375 0.53515625 0.0125 0.046875
0 0.99453125 0.52734375 0.0109375 0.04296875
0 0.87890625 0.541015625 0.0109375 0.05859375
0 0.6609375 0.544921875 0.015625 0.046875
0 0.64375 0.5341796875 0.009375 0.013671875
0 0.85546875 0.5390625 0.0109375 0.05078125
2 0.08046875 0.65625 0.1609375 0.21484375
2 0.24765625 0.556640625 0.0484375 0.03515625
2 0.3015625 0.5830078125 0.10625 0.087890625
2 0.4046875 0.595703125 0.115625 0.10546875
2 0.56875 0.623046875 0.1375 0.13671875
2 0.61484375 0.576171875 0.0796875 0.0859375
2 0.45546875 0.5556640625 0.0171875 0.021484375
2 0.46796875 0.5595703125 0.0078125 0.021484375
2 0.35234375 0.5576171875 0.0515625 0.044921875
2 0.36171875 0.5341796875 0.0421875 0.017578125
2 0.51796875 0.544921875 0.0203125 0.01953125
2 0.43125 0.5341796875 0.015625 0.017578125
2 0.45546875 0.5439453125 0.0234375 0.017578125
