2 0.8671875 0.47265625 0.265625 0.30859375
2 0.72109375 0.4453125 0.0109375 0.01171875
2 0.70078125 0.4462890625 0.0109375 0.009765625
2 0.690625 0.447265625 0.009375 0.015625
2 0.67578125 0.451171875 0.0234375 0.02734375
2 0.66640625 0.4580078125 0.0296875 0.033203125
2 0.6484375 0.4541015625 0.0125 0.017578125
2 0.63203125 0.455078125 0.0203125 0.0234375
2 0.6125 0.46875 0.040625 0.0390625
2 0.6 0.4541015625 0.015625 0.021484375
2 0.5796875 0.455078125 0.021875 0.02734375
2 0.565625 0.458984375 0.025 0.02734375
2 0.49921875 0.484375 0.1296875 0.13671875
2 0.36640625 0.4599609375 0.0171875 0.009765625
2 0.27578125 0.466796875 0.0484375 0.0234375
