0 0.77109375 0.4873046875 0.0296875 0.091796875
0 0.7328125 0.484375 0.040625 0.11328125
0 0.7265625 0.5029296875 0.021875 0.068359375
2 0.49765625 0.47265625 0.0078125 0.0078125
2 0.49140625 0.4697265625 0.0046875 0.005859375
2 0.475 0.4716796875 0.009375 0.009765625
2 0.509375 0.46875 0.0125 0.01171875
2 0.43671875 0.4755859375 0.0109375 0.013671875
2 0.3515625 0.4951171875 0.059375 0.056640625
2 0.25078125 0.5009765625 0.0703125 0.060546875
2 0.1984375 0.5009765625 0.05625 0.052734375
2 0.11796875 0.5107421875 0.1078125 0.068359375
2 0.0328125 0.5185546875 0.065625 0.064453125
