6 0.571875 0.3408203125 0.03125 0.017578125
2 0.5453125 0.4169921875 0.0375 0.044921875
2 0.6375 0.4130859375 0.025 0.025390625
2 0.60078125 0.4052734375 0.0109375 0.009765625
2 0.578125 0.404296875 0.009375 0.0078125
2 0.565625 0.396484375 0.00625 0.0078125
2 0.5609375 0.3984375 0.00625 0.0078125
2 0.9640625 0.43359375 0.071875 0.046875
2 0.73828125 0.416015625 0.0265625 0.015625
2 0.7 0.4130859375 0.01875 0.013671875
2 0.53203125 0.388671875 0.0078125 0.0078125
2 0.5375 0.3896484375 0.00625 0.005859375
2 0.52109375 0.38671875 0.0078125 0.0078125
