0 0.16328125 0.50390625 0.0328125 0.1328125
0 0.19609375 0.498046875 0.0359375 0.125
2 0.02890625 0.498046875 0.0578125 0.1015625
2 0.09765625 0.47265625 0.1046875 0.05859375
2 0.25078125 0.44140625 0.0859375 0.046875
2 0.3328125 0.4541015625 0.075 0.056640625
2 0.89453125 0.759765625 0.2109375 0.48046875
2 0.8015625 0.61328125 0.278125 0.2578125
2 0.69609375 0.4755859375 0.0484375 0.056640625
2 0.68828125 0.4677734375 0.0546875 0.052734375
2 0.4828125 0.46484375 0.05 0.0390625
2 0.51171875 0.46484375 0.0171875 0.03125
2 0.5234375 0.4658203125 0.021875 0.029296875
2 0.53046875 0.455078125 0.0234375 0.0234375
2 0.5390625 0.46484375 0.0125 0.0234375
2 0.58515625 0.4658203125 0.0234375 0.021484375
14 0.5515625 0.5537109375 0.015625 0.009765625
14 0.615625 0.6123046875 0.021875 0.013671875
