4 0.52421875 0.3857421875 0.0203125 0.025390625
4 0.54375 0.388671875 0.015625 0.01953125
6 0.6078125 0.4072265625 0.040625 0.052734375
2 0.234375 0.482421875 0.225 0.16796875
2 0.45078125 0.4140625 0.0390625 0.0390625
2 0.47421875 0.4091796875 0.0203125 0.029296875
2 0.490625 0.4072265625 0.015625 0.021484375
2 0.53046875 0.44140625 0.0828125 0.0859375
2 0.56875 0.40625 0.021875 0.0234375
2 0.92578125 0.4814453125 0.1484375 0.169921875
2 0.74375 0.4384765625 0.059375 0.052734375
2 0.58203125 0.408203125 0.0140625 0.01953125
2 0.6828125 0.4033203125 0.009375 0.009765625
2 0.675 0.40234375 0.009375 0.01171875
2 0.66796875 0.4033203125 0.0078125 0.009765625
