0 0.940625 0.4658203125 0.0375 0.142578125
0 0.87578125 0.4443359375 0.0296875 0.115234375
0 0.8453125 0.45703125 0.05625 0.171875
0 0.7296875 0.4638671875 0.015625 0.060546875
0 0.6859375 0.4501953125 0.0125 0.060546875
0 0.52734375 0.4619140625 0.0140625 0.041015625
2 0.428125 0.484375 0.071875 0.07421875
2 0.38125 0.46484375 0.0375 0.03515625
2 0.32109375 0.4765625 0.0640625 0.06640625
2 0.2125 0.5068359375 0.15 0.130859375
2 0.00859375 0.486328125 0.0171875 0.05859375
2 0.03046875 0.4892578125 0.0390625 0.044921875
2 0.0625 0.4833984375 0.05 0.044921875
