0 0.4484375 0.453125 0.00625 0.0234375
0 0.43359375 0.4560546875 0.0078125 0.025390625
0 0.4265625 0.455078125 0.00625 0.01953125
0 0.38515625 0.4609375 0.0078125 0.03125
0 0.37890625 0.458984375 0.0078125 0.02734375
0 0.37109375 0.458984375 0.0078125 0.03125
2 0.6953125 0.517578125 0.096875 0.08984375
2 0.6546875 0.50390625 0.05625 0.0703125
2 0.63359375 0.486328125 0.0671875 0.0703125
2 0.596875 0.478515625 0.034375 0.046875
2 0.5890625 0.4736328125 0.021875 0.041015625
2 0.5828125 0.470703125 0.01875 0.03515625
2 0.5828125 0.46484375 0.034375 0.03515625
2 0.55625 0.458984375 0.01875 0.0234375
2 0.5453125 0.4580078125 0.009375 0.017578125
2 0.53828125 0.455078125 0.0078125 0.01171875
2 0.53125 0.455078125 0.00625 0.01171875
2 0.5296875 0.451171875 0.009375 0.01171875
2 0.50390625 0.4599609375 0.0234375 0.025390625
2 0.70390625 0.4609375 0.0171875 0.015625
