0 0.71640625 0.486328125 0.0234375 0.07421875
0 0.47421875 0.4453125 0.0046875 0.015625
0 0.415625 0.4482421875 0.00625 0.025390625
0 0.40546875 0.4462890625 0.0078125 0.021484375
0 0.3203125 0.46875 0.01875 0.05078125
0 0.30859375 0.470703125 0.0140625 0.0546875
0 0.29765625 0.47265625 0.0171875 0.0546875
2 0.93828125 0.54296875 0.1234375 0.109375
2 0.63984375 0.4912109375 0.0671875 0.064453125
2 0.603125 0.4775390625 0.046875 0.048828125
2 0.5875 0.4716796875 0.028125 0.041015625
2 0.57578125 0.4677734375 0.0203125 0.033203125
2 0.5625 0.4619140625 0.01875 0.025390625
2 0.546875 0.4541015625 0.01875 0.021484375
2 0.53671875 0.4501953125 0.0171875 0.017578125
2 0.5265625 0.4462890625 0.0125 0.013671875
2 0.5203125 0.4453125 0.009375 0.01171875
2 0.5140625 0.4453125 0.00625 0.0078125
2 0.50234375 0.4501953125 0.0203125 0.021484375
2 0.4875 0.4443359375 0.00625 0.005859375
2 0.49296875 0.4443359375 0.0046875 0.005859375
2 0.44609375 0.4560546875 0.0390625 0.037109375
2 0.2859375 0.4375 0.03125 0.01953125
14 0.36015625 0.5029296875 0.0140625 0.005859375
