0 0.975 0.4951171875 0.05 0.416015625
0 0.88125 0.474609375 0.06875 0.2265625
0 0.82265625 0.46875 0.0640625 0.23828125
0 0.66171875 0.4501953125 0.0453125 0.126953125
0 0.6203125 0.447265625 0.0375 0.125
0 0.43828125 0.4482421875 0.0234375 0.099609375
2 0.36875 0.4560546875 0.053125 0.052734375
2 0.2953125 0.447265625 0.01875 0.015625
2 0.025 0.4541015625 0.05 0.068359375
2 0.31875 0.44921875 0.00625 0.0078125
2 0.3234375 0.447265625 0.00625 0.0078125
2 0.3296875 0.4482421875 0.00625 0.005859375
