0 0.03671875 0.4365234375 0.0296875 0.083984375
0 0.27734375 0.4765625 0.0296875 0.0859375
0 0.25625 0.4765625 0.01875 0.09765625
0 0.23515625 0.4599609375 0.0234375 0.048828125
2 0.059375 0.451171875 0.11875 0.05859375
2 0.12421875 0.5 0.2484375 0.1328125
2 0.32265625 0.474609375 0.0734375 0.0625
2 0.3421875 0.466796875 0.059375 0.0625
2 0.39140625 0.4677734375 0.0671875 0.072265625
2 0.55078125 0.529296875 0.3328125 0.3515625
2 0.76640625 0.48828125 0.1703125 0.09765625
2 0.72890625 0.4404296875 0.1109375 0.041015625
