0 0.4890625 0.4501953125 0.015625 0.052734375
0 0.5234375 0.462890625 0.015625 0.05078125
0 0.06484375 0.4404296875 0.0078125 0.025390625
0 0.07109375 0.4326171875 0.0078125 0.013671875
1 0.17890625 0.62109375 0.0703125 0.140625
1 0.440625 0.4697265625 0.01875 0.041015625
1 0.87109375 0.47265625 0.0546875 0.04296875
1 0.81640625 0.46875 0.0515625 0.04296875
2 0.0765625 0.607421875 0.153125 0.28515625
2 0.11796875 0.4736328125 0.1203125 0.072265625
2 0.19140625 0.4638671875 0.0484375 0.037109375
2 0.24296875 0.5302734375 0.0828125 0.107421875
2 0.328125 0.490234375 0.071875 0.0703125
2 0.36328125 0.470703125 0.0453125 0.05078125
2 0.38671875 0.4638671875 0.0203125 0.048828125
2 0.39296875 0.455078125 0.0453125 0.05078125
2 0.41953125 0.4482421875 0.0203125 0.033203125
2 0.503125 0.443359375 0.01875 0.02734375
2 0.44765625 0.4365234375 0.0265625 0.025390625
2 0.465625 0.43359375 0.015625 0.01953125
2 0.85390625 0.6455078125 0.2921875 0.240234375
2 0.72109375 0.56640625 0.1578125 0.15234375
2 0.68046875 0.5146484375 0.1265625 0.130859375
2 0.60703125 0.4765625 0.0859375 0.09375
2 0.56484375 0.470703125 0.0265625 0.06640625
2 0.5390625 0.458984375 0.03125 0.0546875
14 0.49140625 0.48046875 0.0109375 0.0078125
