0 0.0921875 0.484375 0.0125 0.0625
0 0.2953125 0.482421875 0.009375 0.02734375
0 0.3375 0.478515625 0.00625 0.015625
0 0.35390625 0.4775390625 0.0046875 0.013671875
0 0.37265625 0.478515625 0.0078125 0.01953125
0 0.39296875 0.4794921875 0.0109375 0.029296875
0 0.421875 0.484375 0.00625 0.01953125
0 0.61953125 0.474609375 0.0078125 0.0234375
0 0.659375 0.4833984375 0.009375 0.021484375
0 0.69296875 0.48046875 0.0171875 0.0390625
0 0.71328125 0.521484375 0.0296875 0.1015625
0 0.74296875 0.521484375 0.0234375 0.10546875
0 0.75625 0.525390625 0.01875 0.109375
1 0.1703125 0.5087890625 0.021875 0.033203125
2 0.53828125 0.484375 0.0109375 0.01171875
2 0.515625 0.4990234375 0.04375 0.048828125
2 0.55546875 0.494140625 0.0265625 0.03125
2 0.5015625 0.5185546875 0.0625 0.064453125
