0 0.15390625 0.4990234375 0.0296875 0.083984375
0 0.05390625 0.505859375 0.0203125 0.07421875
2 0.25078125 0.4990234375 0.0953125 0.095703125
2 0.31875 0.4990234375 0.05625 0.056640625
2 0.35625 0.50390625 0.03125 0.04296875
2 0.37265625 0.501953125 0.0328125 0.046875
2 0.39765625 0.50390625 0.0203125 0.0390625
2 0.41171875 0.509765625 0.0140625 0.02734375
2 0.425 0.5078125 0.015625 0.0234375
2 0.45546875 0.5009765625 0.0296875 0.037109375
2 0.4921875 0.5068359375 0.01875 0.021484375
2 0.55625 0.494140625 0.05625 0.0546875
2 0.68671875 0.505859375 0.2140625 0.1796875
2 0.8296875 0.4658203125 0.084375 0.048828125
