0 0.25625 0.4560546875 0.021875 0.048828125
2 0.90234375 0.580078125 0.1953125 0.36328125
2 0.7671875 0.537109375 0.26875 0.2421875
2 0.6265625 0.5078125 0.115625 0.1484375
2 0.57421875 0.490234375 0.0671875 0.10546875
2 0.53828125 0.4814453125 0.0609375 0.091796875
2 0.4765625 0.4638671875 0.03125 0.033203125
2 0.46953125 0.4541015625 0.0328125 0.033203125
2 0.45078125 0.4462890625 0.0171875 0.021484375
2 0.409375 0.4404296875 0.015625 0.021484375
2 0.384375 0.4560546875 0.028125 0.029296875
2 0.35625 0.4580078125 0.021875 0.021484375
2 0.1421875 0.5263671875 0.2625 0.220703125
