0 0.13828125 0.525390625 0.0328125 0.11328125
0 0.109375 0.5244140625 0.046875 0.119140625
0 0.23125 0.490234375 0.009375 0.04296875
0 0.33671875 0.4814453125 0.0109375 0.017578125
0 0.371875 0.482421875 0.009375 0.01953125
0 0.42265625 0.4873046875 0.0046875 0.021484375
0 0.4171875 0.48828125 0.00625 0.01953125
0 0.41171875 0.486328125 0.0046875 0.015625
0 0.63125 0.4912109375 0.009375 0.025390625
0 0.64765625 0.4921875 0.0109375 0.01953125
0 0.6703125 0.4892578125 0.015625 0.021484375
0 0.93828125 0.5146484375 0.0234375 0.095703125
0 0.70390625 0.4833984375 0.0140625 0.041015625
0 0.3546875 0.48046875 0.009375 0.01171875
0 0.396875 0.4853515625 0.00625 0.021484375
2 0.55859375 0.4970703125 0.0296875 0.033203125
2 0.5140625 0.49609375 0.021875 0.0234375
2 0.528125 0.494140625 0.015625 0.01953125
2 0.5328125 0.490234375 0.01875 0.0234375
