0 0.790625 0.4482421875 0.0125 0.064453125
0 0.675 0.451171875 0.0125 0.05078125
0 0.66875 0.4501953125 0.0125 0.052734375
0 0.65859375 0.4501953125 0.0109375 0.048828125
0 0.65 0.451171875 0.0125 0.05078125
0 0.640625 0.4501953125 0.0125 0.048828125
0 0.628125 0.4521484375 0.0125 0.052734375
0 0.62109375 0.4501953125 0.0109375 0.052734375
0 0.61328125 0.4541015625 0.0140625 0.060546875
0 0.596875 0.4541015625 0.015625 0.060546875
0 0.52578125 0.4404296875 0.0078125 0.025390625
0 0.24453125 0.4482421875 0.0140625 0.021484375
2 0.32578125 0.470703125 0.0640625 0.0625
2 0.415625 0.49609375 0.121875 0.12890625
2 0.11171875 0.5048828125 0.2234375 0.208984375
