0 0.14375 0.5625 0.015625 0.06640625
0 0.175 0.5576171875 0.015625 0.064453125
0 0.8046875 0.5361328125 0.009375 0.017578125
0 0.796875 0.53515625 0.00625 0.01953125
6 0.5078125 0.525390625 0.05 0.0625
2 0.0703125 0.6123046875 0.140625 0.177734375
2 0.2484375 0.5673828125 0.140625 0.177734375
2 0.328125 0.5654296875 0.059375 0.123046875
2 0.375 0.568359375 0.046875 0.05859375
2 0.4859375 0.6044921875 0.125 0.123046875
2 0.48125 0.5361328125 0.075 0.033203125
2 0.93125 0.7060546875 0.1375 0.251953125
2 0.4390625 0.521484375 0.021875 0.0234375
