0 0.17265625 0.599609375 0.0234375 0.0703125
0 0.184375 0.6015625 0.021875 0.0703125
0 0.3265625 0.576171875 0.009375 0.02734375
0 0.67265625 0.548828125 0.0171875 0.0390625
0 0.69921875 0.5537109375 0.0109375 0.037109375
0 0.7140625 0.5498046875 0.015625 0.037109375
0 0.5890625 0.5595703125 0.00625 0.025390625
0 0.6078125 0.5595703125 0.00625 0.025390625
0 0.4921875 0.5673828125 0.00625 0.017578125
0 0.5046875 0.5673828125 0.00625 0.017578125
0 0.51171875 0.564453125 0.0046875 0.015625
0 0.52421875 0.56640625 0.0046875 0.0234375
0 0.5296875 0.5654296875 0.00625 0.021484375
2 0.765625 0.65625 0.2125 0.1875
2 0.08125 0.7587890625 0.1625 0.314453125
