0 0.715625 0.451171875 0.028125 0.08984375
0 0.765625 0.435546875 0.025 0.04296875
0 0.79375 0.4375 0.021875 0.03515625
0 0.840625 0.4345703125 0.028125 0.037109375
0 0.86171875 0.4287109375 0.0140625 0.041015625
0 0.87421875 0.4345703125 0.0171875 0.041015625
0 0.2453125 0.447265625 0.015625 0.0625
0 0.25859375 0.4521484375 0.0140625 0.060546875
0 0.08046875 0.453125 0.0296875 0.08203125
0 0.5171875 0.4541015625 0.015625 0.056640625
2 0.3265625 0.462890625 0.078125 0.0703125
2 0.365625 0.4521484375 0.01875 0.029296875
2 0.38359375 0.4482421875 0.0171875 0.013671875
2 0.40859375 0.443359375 0.0109375 0.015625
1 0.23359375 0.4658203125 0.0265625 0.044921875
