0 0.15390625 0.5439453125 0.0171875 0.056640625
0 0.175 0.5439453125 0.015625 0.060546875
0 0.27109375 0.5517578125 0.0171875 0.048828125
0 0.25625 0.55078125 0.021875 0.0546875
0 0.325 0.552734375 0.01875 0.05859375
0 0.39375 0.5478515625 0.009375 0.041015625
0 0.403125 0.5458984375 0.009375 0.044921875
0 0.41328125 0.537109375 0.0046875 0.01171875
0 0.57890625 0.5400390625 0.0046875 0.017578125
0 0.584375 0.5390625 0.003125 0.015625
0 0.57109375 0.5400390625 0.0078125 0.013671875
2 0.44375 0.5400390625 0.021875 0.021484375
2 0.54375 0.5732421875 0.084375 0.080078125
