0 0.83984375 0.478515625 0.0203125 0.0859375
0 0.8265625 0.4814453125 0.021875 0.091796875
0 0.78515625 0.4794921875 0.0265625 0.107421875
2 0.49765625 0.4697265625 0.0078125 0.009765625
2 0.44140625 0.4716796875 0.0109375 0.009765625
2 0.3890625 0.482421875 0.040625 0.0390625
2 0.50703125 0.4697265625 0.0078125 0.009765625
2 0.26015625 0.49609375 0.0671875 0.05859375
2 0.17890625 0.5 0.0390625 0.04296875
2 0.11640625 0.5068359375 0.1015625 0.068359375
2 0.03828125 0.5146484375 0.0765625 0.064453125
