0 0.3375 0.4990234375 0.009375 0.029296875
0 0.03359375 0.505859375 0.0234375 0.08984375
0 0.009375 0.509765625 0.01875 0.0859375
2 0.68046875 0.5185546875 0.0578125 0.056640625
2 0.625 0.509765625 0.04375 0.04296875
2 0.52578125 0.5068359375 0.0390625 0.041015625
2 0.49453125 0.50390625 0.0171875 0.01953125
2 0.46875 0.5029296875 0.015625 0.017578125
2 0.50703125 0.4912109375 0.0078125 0.009765625
2 0.4125 0.4873046875 0.078125 0.111328125
2 0.35703125 0.5107421875 0.0328125 0.025390625
2 0.5453125 0.4921875 0.00625 0.0078125
