0 0.7640625 0.44140625 0.0125 0.046875
0 0.85390625 0.4501953125 0.0234375 0.068359375
0 0.89140625 0.4443359375 0.0234375 0.083984375
0 0.7109375 0.455078125 0.0125 0.03515625
0 0.240625 0.4541015625 0.015625 0.076171875
0 0.2296875 0.4638671875 0.01875 0.076171875
0 0.31015625 0.4541015625 0.0140625 0.048828125
0 0.1296875 0.4765625 0.03125 0.12109375
0 0.1703125 0.4951171875 0.090625 0.212890625
1 0.71953125 0.466796875 0.0140625 0.03515625
1 0.6046875 0.4716796875 0.0125 0.048828125
1 0.6453125 0.470703125 0.015625 0.04296875
1 0.540625 0.4873046875 0.09375 0.076171875
2 0.515625 0.455078125 0.034375 0.05859375
2 0.4828125 0.458984375 0.05625 0.0703125
2 0.45703125 0.4736328125 0.0734375 0.072265625
2 0.4078125 0.466796875 0.025 0.04296875
2 0.3703125 0.462890625 0.06875 0.06640625
2 0.903125 0.6328125 0.19375 0.4765625
