0 0.1375 0.4560546875 0.04375 0.130859375
0 0.1203125 0.4521484375 0.040625 0.150390625
0 0.228125 0.458984375 0.05 0.125
0 0.2515625 0.458984375 0.0375 0.140625
0 0.28828125 0.4541015625 0.0203125 0.068359375
0 0.49296875 0.462890625 0.0296875 0.12109375
0 0.48046875 0.458984375 0.0546875 0.140625
2 0.4109375 0.4609375 0.015625 0.02734375
2 0.39140625 0.462890625 0.0265625 0.0390625
2 0.3734375 0.45703125 0.025 0.05859375
2 0.35 0.45703125 0.05 0.06640625
2 0.32890625 0.466796875 0.0734375 0.06640625
2 0.51796875 0.4638671875 0.0171875 0.029296875
2 0.53046875 0.466796875 0.0203125 0.03515625
2 0.56640625 0.45703125 0.0609375 0.06640625
2 0.596875 0.46875 0.05 0.05859375
2 0.62578125 0.4755859375 0.0421875 0.056640625
2 0.690625 0.4716796875 0.10625 0.103515625
2 0.92109375 0.4873046875 0.1578125 0.142578125
2 0.46640625 0.462890625 0.0234375 0.02734375
1 0.1578125 0.4541015625 0.03125 0.037109375
0 0.20859375 0.455078125 0.0140625 0.07421875
0 0.00703125 0.4423828125 0.0171875 0.126953125
