0 0.67265625 0.505859375 0.0546875 0.13671875
2 0.37109375 0.45703125 0.0359375 0.0703125
2 0.3296875 0.4658203125 0.0875 0.091796875
2 0.409375 0.435546875 0.03125 0.03515625
2 0.44296875 0.4404296875 0.0140625 0.009765625
2 0.47109375 0.4404296875 0.0140625 0.009765625
2 0.5359375 0.43359375 0.01875 0.03125
2 0.51796875 0.435546875 0.0171875 0.0234375
2 0.56015625 0.431640625 0.0421875 0.05078125
2 0.56796875 0.4443359375 0.0296875 0.033203125
2 0.6015625 0.4541015625 0.053125 0.048828125
14 0.62109375 0.5322265625 0.0578125 0.080078125
