4 0.415625 0.4140625 0.028125 0.0390625
2 0.0265625 0.4921875 0.053125 0.22265625
2 0.0984375 0.5087890625 0.1125 0.142578125
2 0.29375 0.4453125 0.046875 0.046875
2 0.3203125 0.44140625 0.015625 0.0390625
2 0.3390625 0.4296875 0.028125 0.02734375
2 0.3578125 0.4228515625 0.015625 0.021484375
2 0.3921875 0.419921875 0.01875 0.01171875
2 0.421875 0.4296875 0.03125 0.03125
2 0.45 0.419921875 0.025 0.02734375
2 0.46640625 0.431640625 0.0296875 0.02734375
2 0.47421875 0.4443359375 0.0140625 0.029296875
2 0.5046875 0.4443359375 0.05 0.048828125
2 0.571875 0.4033203125 0.034375 0.013671875
