4 0.74921875 0.5517578125 0.0171875 0.025390625
0 0.77421875 0.5712890625 0.0109375 0.037109375
0 0.8 0.57421875 0.0125 0.03515625
0 0.46484375 0.5830078125 0.0203125 0.064453125
0 0.18515625 0.60546875 0.0359375 0.1171875
0 0.5203125 0.5517578125 0.009375 0.017578125
0 0.5328125 0.55078125 0.0125 0.01953125
0 0.92578125 0.59765625 0.0203125 0.05078125
0 0.94609375 0.595703125 0.0171875 0.046875
0 0.990625 0.595703125 0.01875 0.0625
0 0.965625 0.578125 0.01875 0.02734375
2 0.721875 0.5546875 0.015625 0.015625
2 0.734375 0.5556640625 0.0125 0.013671875
2 0.51953125 0.58203125 0.0765625 0.046875
2 0.53359375 0.6318359375 0.1328125 0.111328125
