0 0.29765625 0.4599609375 0.0171875 0.056640625
0 0.3125 0.4619140625 0.015625 0.060546875
0 0.34375 0.4560546875 0.009375 0.041015625
0 0.35234375 0.462890625 0.0109375 0.04296875
0 0.37109375 0.458984375 0.0078125 0.03125
0 0.6796875 0.455078125 0.028125 0.04296875
0 0.7140625 0.47265625 0.015625 0.08203125
0 0.728125 0.443359375 0.009375 0.02734375
0 0.72578125 0.4765625 0.0171875 0.078125
0 0.74140625 0.4755859375 0.0171875 0.080078125
0 0.7546875 0.4658203125 0.01875 0.080078125
0 0.88671875 0.5107421875 0.0328125 0.115234375
0 0.9125 0.51171875 0.025 0.109375
0 0.9328125 0.509765625 0.028125 0.11328125
0 0.95390625 0.51171875 0.0234375 0.109375
1 0.38984375 0.4931640625 0.0265625 0.048828125
1 0.16015625 0.474609375 0.0515625 0.04296875
2 0.56328125 0.4638671875 0.0234375 0.025390625
2 0.47734375 0.455078125 0.0078125 0.01171875
2 0.47109375 0.45703125 0.0109375 0.015625
2 0.45859375 0.4580078125 0.0171875 0.025390625
2 0.453125 0.4609375 0.015625 0.02734375
2 0.4359375 0.4599609375 0.028125 0.037109375
