0 0.70703125 0.5576171875 0.0140625 0.037109375
0 0.68125 0.5556640625 0.009375 0.029296875
0 0.67265625 0.5537109375 0.0109375 0.025390625
0 0.6546875 0.556640625 0.009375 0.02734375
0 0.52734375 0.5546875 0.0078125 0.0234375
6 0.1390625 0.5244140625 0.078125 0.044921875
2 0.83984375 0.712890625 0.3203125 0.453125
2 0.603125 0.58984375 0.1 0.11328125
2 0.5078125 0.5673828125 0.025 0.029296875
2 0.47109375 0.58203125 0.0609375 0.07421875
2 0.40859375 0.5634765625 0.0265625 0.021484375
2 0.43515625 0.560546875 0.0234375 0.0234375
2 0.109375 0.5732421875 0.059375 0.052734375
2 0.16015625 0.5712890625 0.0453125 0.052734375
