0 0.7765625 0.5556640625 0.1125 0.333984375
0 0.83515625 0.4638671875 0.0671875 0.220703125
2 0.13828125 0.5380859375 0.2765625 0.279296875
2 0.29375 0.5048828125 0.04375 0.056640625
2 0.35234375 0.4931640625 0.0453125 0.044921875
2 0.42265625 0.4853515625 0.0296875 0.029296875
2 0.47890625 0.4794921875 0.0171875 0.017578125
2 0.53828125 0.4892578125 0.0328125 0.037109375
2 0.58828125 0.4970703125 0.0546875 0.095703125
2 0.6484375 0.50390625 0.128125 0.12109375
2 0.89296875 0.578125 0.2140625 0.46484375
