0 0.0109375 0.48046875 0.021875 0.07421875
0 0.028125 0.474609375 0.028125 0.0859375
0 0.06875 0.466796875 0.028125 0.0859375
0 0.1953125 0.458984375 0.01875 0.07421875
0 0.1515625 0.515625 0.046875 0.1484375
0 0.24921875 0.4677734375 0.0390625 0.076171875
4 0.28359375 0.431640625 0.0671875 0.09375
2 0.2484375 0.4580078125 0.059375 0.052734375
2 0.51484375 0.619140625 0.5140625 0.46875
2 0.97890625 0.462890625 0.0421875 0.05078125
2 0.321875 0.4501953125 0.028125 0.037109375
12 0.215625 0.5390625 0.084375 0.1015625
