0 0.01171875 0.4599609375 0.0140625 0.037109375
0 0.0453125 0.45703125 0.025 0.03515625
0 0.0671875 0.4482421875 0.01875 0.033203125
0 0.0734375 0.4599609375 0.01875 0.033203125
0 0.12578125 0.4755859375 0.0109375 0.044921875
0 0.140625 0.4775390625 0.009375 0.044921875
0 0.14765625 0.478515625 0.0109375 0.04296875
0 0.60078125 0.4921875 0.0234375 0.0625
1 0.5921875 0.5068359375 0.021875 0.037109375
2 0.61640625 0.4501953125 0.0140625 0.017578125
2 0.60234375 0.44921875 0.0140625 0.015625
2 0.59296875 0.4541015625 0.0171875 0.021484375
2 0.5796875 0.4541015625 0.015625 0.021484375
2 0.5625 0.4541015625 0.025 0.029296875
2 0.53828125 0.458984375 0.0296875 0.03125
2 0.51640625 0.4619140625 0.0234375 0.029296875
2 0.5015625 0.462890625 0.021875 0.03515625
2 0.478125 0.4658203125 0.0375 0.033203125
2 0.43828125 0.4443359375 0.0328125 0.009765625
2 0.346875 0.4599609375 0.053125 0.048828125
2 0.28515625 0.447265625 0.0796875 0.03125
2 0.284375 0.458984375 0.065625 0.03515625
2 0.29609375 0.486328125 0.1234375 0.05078125
2 0.15234375 0.4775390625 0.1234375 0.052734375
2 0.07890625 0.5205078125 0.1578125 0.095703125
2 0.053125 0.6201171875 0.10625 0.181640625
2 0.65390625 0.45703125 0.0203125 0.01953125
2 0.63515625 0.46484375 0.0390625 0.03125
2 0.678125 0.46875 0.053125 0.04296875
2 0.76640625 0.57421875 0.2140625 0.21875
2 0.86328125 0.650390625 0.2734375 0.3203125
