0 0.778125 0.486328125 0.025 0.1015625
0 0.7296875 0.5 0.028125 0.046875
0 0.696875 0.4755859375 0.01875 0.052734375
1 0.64296875 0.484375 0.0171875 0.0390625
2 0.0609375 0.4912109375 0.121875 0.193359375
2 0.140625 0.4814453125 0.040625 0.083984375
2 0.18359375 0.48046875 0.0640625 0.07421875
2 0.228125 0.4765625 0.05625 0.05859375
2 0.2984375 0.4814453125 0.059375 0.052734375
2 0.34453125 0.48046875 0.0359375 0.0390625
2 0.3734375 0.4833984375 0.021875 0.029296875
2 0.4640625 0.48046875 0.0375 0.0390625
