0 0.48828125 0.4560546875 0.0140625 0.060546875
6 0.6765625 0.3984375 0.215625 0.2734375
2 0.11796875 0.4736328125 0.1921875 0.154296875
2 0.221875 0.4599609375 0.075 0.123046875
2 0.275 0.46484375 0.053125 0.0859375
2 0.3203125 0.4599609375 0.040625 0.068359375
2 0.346875 0.45703125 0.025 0.0546875
6 0.35859375 0.4453125 0.0453125 0.0703125
2 0.42109375 0.458984375 0.0515625 0.0546875
2 0.48203125 0.4560546875 0.0390625 0.052734375
2 0.51328125 0.4658203125 0.0578125 0.056640625
2 0.55703125 0.4716796875 0.0328125 0.052734375
2 0.740625 0.4716796875 0.215625 0.201171875
2 0.8921875 0.498046875 0.215625 0.30078125
