0 0.65078125 0.474609375 0.0171875 0.0625
2 0.1234375 0.552734375 0.246875 0.20703125
2 0.27734375 0.484375 0.1390625 0.1484375
2 0.35546875 0.4794921875 0.0265625 0.029296875
2 0.375 0.4775390625 0.015625 0.029296875
2 0.38671875 0.474609375 0.0203125 0.02734375
2 0.42265625 0.4716796875 0.0203125 0.021484375
2 0.46953125 0.46875 0.0140625 0.015625
2 0.4796875 0.4765625 0.015625 0.0234375
2 0.49453125 0.484375 0.0171875 0.03125
2 0.5265625 0.478515625 0.0625 0.07421875
2 0.5453125 0.4912109375 0.065625 0.072265625
2 0.41015625 0.4697265625 0.0109375 0.021484375
2 0.46328125 0.458984375 0.0140625 0.015625
14 0.87109375 0.505859375 0.0515625 0.08203125
