0 0.20234375 0.470703125 0.0109375 0.03125
0 0.21796875 0.4697265625 0.0140625 0.033203125
0 0.14375 0.4794921875 0.0125 0.033203125
2 0.04453125 0.490234375 0.0890625 0.08203125
2 0.1046875 0.48046875 0.053125 0.07421875
2 0.2625 0.4775390625 0.04375 0.037109375
2 0.3234375 0.46875 0.03125 0.03125
2 0.39765625 0.462890625 0.0203125 0.01953125
2 0.38359375 0.458984375 0.0109375 0.01171875
2 0.7265625 0.494140625 0.171875 0.14453125
2 0.5796875 0.4716796875 0.08125 0.064453125
2 0.48671875 0.466796875 0.0515625 0.05859375
2 0.45390625 0.4609375 0.0171875 0.0234375
2 0.425 0.462890625 0.021875 0.015625
2 0.36640625 0.46875 0.0203125 0.01171875
