2 0.93671875 0.62890625 0.1265625 0.1484375
2 0.65390625 0.5966796875 0.1359375 0.146484375
2 0.73515625 0.5810546875 0.0359375 0.060546875
2 0.5765625 0.5751953125 0.059375 0.072265625
2 0.5453125 0.5576171875 0.03125 0.037109375
2 0.47890625 0.5810546875 0.0703125 0.076171875
2 0.421875 0.556640625 0.034375 0.02734375
2 0.4421875 0.5498046875 0.0125 0.017578125
2 0.384375 0.556640625 0.01875 0.0234375
2 0.346875 0.556640625 0.0375 0.0390625
2 0.32265625 0.580078125 0.0734375 0.06640625
2 0.27109375 0.5712890625 0.0546875 0.044921875
2 0.22265625 0.5712890625 0.0421875 0.037109375
2 0.09453125 0.6181640625 0.1890625 0.142578125
2 0.95 0.52734375 0.059375 0.03515625
