0 0.32734375 0.47265625 0.0140625 0.04296875
0 0.34140625 0.46875 0.0078125 0.0390625
0 0.61484375 0.431640625 0.0046875 0.015625
0 0.80078125 0.4794921875 0.0109375 0.044921875
0 0.81953125 0.4677734375 0.0140625 0.044921875
1 0.16171875 0.50390625 0.0265625 0.01171875
2 0.56796875 0.4521484375 0.0265625 0.029296875
2 0.53046875 0.474609375 0.0453125 0.04296875
2 0.5265625 0.4462890625 0.021875 0.017578125
2 0.57265625 0.4296875 0.0109375 0.01171875
2 0.59140625 0.4306640625 0.0109375 0.009765625
2 0.59609375 0.4248046875 0.0046875 0.005859375
2 0.60859375 0.4228515625 0.0046875 0.005859375
