4 0.62265625 0.572265625 0.1578125 0.14453125
0 0.703125 0.5771484375 0.009375 0.052734375
0 0.71640625 0.576171875 0.0109375 0.046875
0 0.0890625 0.5439453125 0.015625 0.044921875
0 0.74609375 0.5927734375 0.0296875 0.044921875
2 0.01953125 0.7060546875 0.0390625 0.306640625
2 0.34140625 0.802734375 0.4046875 0.39453125
2 0.38671875 0.58203125 0.1609375 0.0703125
2 0.48203125 0.62109375 0.0484375 0.12109375
2 0.490625 0.578125 0.0375 0.046875
2 0.4359375 0.5458984375 0.053125 0.017578125
2 0.53359375 0.5810546875 0.0234375 0.056640625
