0 0.6734375 0.45703125 0.046875 0.1328125
0 0.51015625 0.447265625 0.0265625 0.08984375
0 0.4625 0.462890625 0.046875 0.11328125
0 0.45078125 0.4658203125 0.0546875 0.107421875
0 0.334375 0.4599609375 0.05 0.111328125
0 0.23671875 0.46875 0.0390625 0.109375
0 0.271875 0.45703125 0.053125 0.109375
0 0.0515625 0.4677734375 0.03125 0.107421875
0 0.01171875 0.46484375 0.0234375 0.1171875
2 0.90234375 0.4892578125 0.1953125 0.337890625
2 0.4296875 0.453125 0.03125 0.05078125
2 0.10234375 0.4609375 0.0890625 0.06640625
