0 0.71171875 0.4619140625 0.0359375 0.115234375
0 0.67890625 0.455078125 0.0296875 0.12890625
0 0.8 0.458984375 0.03125 0.13671875
0 0.77578125 0.4619140625 0.0421875 0.134765625
0 0.82265625 0.4609375 0.0328125 0.1328125
0 0.86484375 0.4638671875 0.0453125 0.138671875
0 0.90234375 0.4619140625 0.0296875 0.142578125
0 0.9171875 0.4873046875 0.04375 0.177734375
0 0.95078125 0.474609375 0.0515625 0.1875
0 0.9875 0.462890625 0.025 0.14453125
1 0.01015625 0.462890625 0.0203125 0.0390625
1 0.02578125 0.458984375 0.0296875 0.03515625
2 0.31171875 0.4501953125 0.0328125 0.048828125
2 0.1671875 0.443359375 0.040625 0.046875
2 0.23984375 0.4736328125 0.1390625 0.146484375
2 0.09375 0.4521484375 0.08125 0.060546875
