0 0.07265625 0.5595703125 0.0109375 0.052734375
0 0.571875 0.5419921875 0.009375 0.013671875
0 0.609375 0.54296875 0.009375 0.0234375
2 0.2796875 0.583984375 0.040625 0.0625
2 0.1890625 0.603515625 0.103125 0.10546875
2 0.359375 0.5615234375 0.03125 0.033203125
2 0.38359375 0.5556640625 0.0203125 0.021484375
2 0.39609375 0.552734375 0.0109375 0.015625
2 0.48984375 0.5595703125 0.0265625 0.029296875
2 0.45078125 0.5654296875 0.0578125 0.052734375
2 0.56328125 0.59375 0.0984375 0.08984375
2 0.37578125 0.7216796875 0.2796875 0.275390625
2 0.4453125 0.642578125 0.121875 0.125
