0 0.96328125 0.4541015625 0.0078125 0.037109375
0 0.94296875 0.4541015625 0.0078125 0.029296875
0 0.44140625 0.4765625 0.0265625 0.0703125
0 0.26796875 0.4560546875 0.0203125 0.048828125
0 0.27890625 0.453125 0.0109375 0.0546875
0 0.18359375 0.4482421875 0.0171875 0.041015625
1 0.43828125 0.46875 0.0484375 0.03515625
1 0.4421875 0.46875 0.0375 0.03515625
1 0.19765625 0.484375 0.0484375 0.03515625
1 0.0875 0.47265625 0.034375 0.03125
2 0.90390625 0.689453125 0.1921875 0.265625
2 0.78125 0.5888671875 0.303125 0.177734375
2 0.62109375 0.54296875 0.1796875 0.13671875
2 0.57109375 0.46875 0.1109375 0.05859375
2 0.69140625 0.470703125 0.0890625 0.0546875
2 0.91953125 0.44921875 0.0453125 0.03515625
2 0.95390625 0.4501953125 0.0328125 0.033203125
2 0.015625 0.458984375 0.03125 0.03515625
2 0.0765625 0.4599609375 0.071875 0.041015625
