0 0.84140625 0.5498046875 0.0296875 0.060546875
0 0.70078125 0.5341796875 0.0203125 0.037109375
2 0.94921875 0.8720703125 0.1015625 0.255859375
2 0.85625 0.734375 0.2875 0.3125
2 0.71953125 0.6298828125 0.1890625 0.158203125
2 0.63515625 0.55859375 0.1171875 0.1015625
2 0.565625 0.552734375 0.04375 0.05859375
2 0.57265625 0.552734375 0.0234375 0.05078125
2 0.484375 0.529296875 0.08125 0.046875
2 0.453125 0.5576171875 0.165625 0.072265625
2 0.48515625 0.7900390625 0.4578125 0.419921875
2 0.5640625 0.5146484375 0.046875 0.037109375
