0 0.4484375 0.4228515625 0.00625 0.017578125
0 0.51171875 0.443359375 0.0109375 0.03515625
0 0.5453125 0.4296875 0.00625 0.0234375
1 0.43984375 0.43359375 0.0078125 0.015625
1 0.52265625 0.462890625 0.0140625 0.03515625
2 0.07578125 0.5966796875 0.1515625 0.189453125
2 0.15546875 0.5341796875 0.1390625 0.162109375
2 0.240625 0.517578125 0.065625 0.1015625
2 0.26484375 0.4560546875 0.0953125 0.044921875
2 0.33671875 0.4697265625 0.0609375 0.056640625
2 0.37421875 0.4541015625 0.0390625 0.041015625
2 0.3921875 0.447265625 0.01875 0.03125
2 0.4 0.443359375 0.015625 0.0234375
2 0.40703125 0.43359375 0.0203125 0.01953125
2 0.41484375 0.4267578125 0.0171875 0.017578125
2 0.428125 0.427734375 0.009375 0.015625
2 0.45390625 0.421875 0.0046875 0.0078125
2 0.490625 0.43359375 0.025 0.0234375
2 0.90625 0.5244140625 0.1875 0.119140625
2 0.80078125 0.4853515625 0.1671875 0.083984375
2 0.7453125 0.470703125 0.1125 0.078125
2 0.69609375 0.466796875 0.0390625 0.0625
2 0.63125 0.45703125 0.06875 0.046875
2 0.65859375 0.46484375 0.0609375 0.046875
2 0.61015625 0.4375 0.0515625 0.04296875
2 0.58046875 0.4365234375 0.0296875 0.033203125
2 0.034375 0.4716796875 0.06875 0.068359375
