0 0.196875 0.5458984375 0.009375 0.029296875
0 0.2203125 0.54296875 0.009375 0.02734375
0 0.2703125 0.546875 0.009375 0.0234375
0 0.29453125 0.55078125 0.0078125 0.03125
0 0.68828125 0.5390625 0.0140625 0.046875
0 0.75 0.5322265625 0.015625 0.056640625
0 0.7609375 0.52734375 0.015625 0.05078125
2 0.42109375 0.5380859375 0.0171875 0.017578125
2 0.440625 0.5390625 0.015625 0.015625
2 0.50078125 0.5654296875 0.0796875 0.080078125
2 0.63984375 0.5546875 0.0765625 0.0703125
2 0.59921875 0.5517578125 0.0296875 0.056640625
2 0.9328125 0.6884765625 0.134375 0.236328125
