0 0.11640625 0.517578125 0.0203125 0.06640625
0 0.13359375 0.5166015625 0.0234375 0.080078125
2 0.5828125 0.494140625 0.075 0.09765625
2 0.46484375 0.4970703125 0.0328125 0.017578125
2 0.51015625 0.5166015625 0.0609375 0.060546875
2 0.47890625 0.578125 0.1484375 0.1484375
2 0.790625 0.6025390625 0.228125 0.193359375
2 0.2296875 0.4833984375 0.04375 0.029296875
2 0.396875 0.490234375 0.025 0.01953125
2 0.375 0.490234375 0.01875 0.01953125
2 0.35390625 0.4892578125 0.0234375 0.021484375
2 0.32890625 0.4873046875 0.0234375 0.021484375
2 0.275 0.4873046875 0.03125 0.025390625
2 0.3015625 0.490234375 0.01875 0.01953125
