4 0.58046875 0.5693359375 0.0390625 0.033203125
0 0.98203125 0.60546875 0.0203125 0.07421875
0 0.96640625 0.615234375 0.0234375 0.0859375
0 0.9515625 0.609375 0.015625 0.0703125
0 0.93984375 0.6142578125 0.0171875 0.080078125
0 0.89453125 0.609375 0.0203125 0.078125
0 0.85 0.59765625 0.015625 0.0625
0 0.7125 0.59375 0.0125 0.05859375
0 0.6921875 0.591796875 0.015625 0.0625
0 0.66875 0.59375 0.0125 0.05078125
0 0.64609375 0.583984375 0.0109375 0.03515625
0 0.6140625 0.57421875 0.009375 0.02734375
0 0.62421875 0.57421875 0.0078125 0.03125
0 0.63515625 0.580078125 0.0078125 0.01953125
0 0.37109375 0.599609375 0.0140625 0.05078125
0 0.35546875 0.5986328125 0.0140625 0.052734375
0 0.2984375 0.6064453125 0.015625 0.060546875
0 0.3078125 0.607421875 0.0125 0.05859375
0 0.0390625 0.60546875 0.021875 0.05859375
0 0.6765625 0.59765625 0.009375 0.046875
2 0.56015625 0.6123046875 0.0546875 0.060546875
2 0.55 0.5771484375 0.01875 0.017578125
2 0.52890625 0.5771484375 0.0140625 0.017578125
2 0.51875 0.5849609375 0.025 0.025390625
2 0.496875 0.580078125 0.015625 0.01953125
2 0.4828125 0.583984375 0.021875 0.0234375
2 0.41171875 0.59765625 0.0296875 0.02734375
2 0.43203125 0.5888671875 0.0171875 0.021484375
2 0.4578125 0.576171875 0.03125 0.015625
2 0.45703125 0.6142578125 0.0640625 0.060546875
