1 0.521875 0.4501953125 0.025 0.048828125
1 0.48984375 0.4609375 0.0265625 0.0390625
1 0.453125 0.458984375 0.03125 0.046875
1 0.40234375 0.4609375 0.0296875 0.0546875
1 0.42109375 0.458984375 0.0328125 0.0546875
1 0.35625 0.4619140625 0.046875 0.072265625
1 0.284375 0.4736328125 0.05625 0.072265625
1 0.240625 0.4794921875 0.0375 0.064453125
1 0.30078125 0.474609375 0.0515625 0.05859375
1 0.2125 0.4794921875 0.05625 0.060546875
1 0.15 0.484375 0.065625 0.08203125
1 0.040625 0.4912109375 0.08125 0.087890625
1 0.34296875 0.46875 0.0296875 0.05078125
2 0.8859375 0.4287109375 0.06875 0.080078125
2 0.61953125 0.4365234375 0.0453125 0.029296875
2 0.5796875 0.431640625 0.040625 0.03125
2 0.11484375 0.423828125 0.2109375 0.09375
