4 0.3671875 0.4521484375 0.0375 0.044921875
0 0.81015625 0.4580078125 0.0265625 0.126953125
0 0.8609375 0.44140625 0.015625 0.08984375
0 0.65625 0.4287109375 0.028125 0.052734375
0 0.6328125 0.4384765625 0.01875 0.052734375
0 0.621875 0.4716796875 0.040625 0.134765625
0 0.59296875 0.4619140625 0.0171875 0.064453125
0 0.53046875 0.4580078125 0.0078125 0.029296875
0 0.56015625 0.462890625 0.0140625 0.05859375
0 0.175 0.4609375 0.0125 0.0390625
0 0.18984375 0.455078125 0.0109375 0.03515625
1 0.46328125 0.4736328125 0.0109375 0.025390625
1 0.6078125 0.5029296875 0.01875 0.041015625
2 0.4203125 0.46875 0.015625 0.0078125
2 0.30625 0.4638671875 0.028125 0.033203125
2 0.2453125 0.46875 0.053125 0.0546875
