2 0.31328125 0.646484375 0.3203125 0.2578125
2 0.27421875 0.5146484375 0.0734375 0.037109375
2 0.378125 0.5048828125 0.053125 0.033203125
2 0.42265625 0.494140625 0.0359375 0.03125
2 0.5625 0.5009765625 0.065625 0.068359375
2 0.58984375 0.482421875 0.0390625 0.05078125
2 0.6515625 0.5224609375 0.1 0.111328125
2 0.61640625 0.4775390625 0.0203125 0.025390625
2 0.69765625 0.4716796875 0.0359375 0.033203125
2 0.74140625 0.486328125 0.0671875 0.0703125
2 0.965625 0.455078125 0.028125 0.03125
2 0.92421875 0.4677734375 0.0421875 0.041015625
2 0.321875 0.5068359375 0.021875 0.021484375
2 0.85859375 0.4580078125 0.0140625 0.017578125
2 0.8671875 0.458984375 0.0125 0.01953125
2 0.87578125 0.458984375 0.0109375 0.015625
2 0.8984375 0.458984375 0.015625 0.01953125
2 0.884375 0.4619140625 0.009375 0.013671875
