0 0.66328125 0.470703125 0.0171875 0.0546875
0 0.4828125 0.462890625 0.00625 0.0234375
2 0.02109375 0.5 0.0421875 0.04296875
2 0.36640625 0.470703125 0.0609375 0.0625
2 0.39765625 0.462890625 0.0171875 0.04296875
2 0.29140625 0.4814453125 0.0203125 0.021484375
2 0.321875 0.4755859375 0.0125 0.009765625
2 0.27109375 0.474609375 0.0171875 0.015625
2 0.40859375 0.4609375 0.0109375 0.0390625
2 0.41953125 0.4599609375 0.0140625 0.037109375
2 0.42890625 0.4580078125 0.0234375 0.037109375
2 0.45078125 0.4560546875 0.0234375 0.037109375
