0 0.796875 0.4853515625 0.021875 0.080078125
0 0.72890625 0.46875 0.0203125 0.05859375
0 0.65703125 0.4521484375 0.0078125 0.029296875
0 0.665625 0.447265625 0.00625 0.0234375
0 0.8375 0.478515625 0.01875 0.07421875
1 0.14765625 0.5048828125 0.0703125 0.056640625
1 0.85546875 0.6630859375 0.0765625 0.166015625
1 0.82578125 0.52734375 0.0421875 0.08984375
2 0.415625 0.4736328125 0.05625 0.060546875
2 0.53046875 0.4609375 0.0453125 0.04296875
2 0.553125 0.4443359375 0.009375 0.009765625
2 0.5640625 0.4453125 0.0125 0.01171875
