1 0.51171875 0.490234375 0.0484375 0.046875
2 0.44765625 0.46875 0.0171875 0.01953125
2 0.48046875 0.4716796875 0.0265625 0.029296875
2 0.49296875 0.4765625 0.0265625 0.03125
2 0.515625 0.482421875 0.04375 0.0390625
2 0.37109375 0.47265625 0.0140625 0.0234375
2 0.35546875 0.47265625 0.0265625 0.03125
2 0.35234375 0.4755859375 0.0203125 0.025390625
2 0.3453125 0.4775390625 0.015625 0.029296875
2 0.3296875 0.4755859375 0.021875 0.037109375
2 0.30859375 0.4794921875 0.0390625 0.041015625
2 0.0390625 0.4853515625 0.078125 0.068359375
2 0.14921875 0.498046875 0.1171875 0.08984375
2 0.5984375 0.4970703125 0.071875 0.087890625
2 0.64765625 0.5078125 0.0953125 0.125
2 0.77421875 0.517578125 0.2421875 0.22265625
2 0.92734375 0.5625 0.1453125 0.3046875
