0 0.8515625 0.4501953125 0.021875 0.072265625
0 0.79375 0.451171875 0.01875 0.07421875
0 0.8234375 0.458984375 0.025 0.046875
0 0.63203125 0.4677734375 0.0234375 0.080078125
0 0.58125 0.478515625 0.03125 0.06640625
0 0.5703125 0.4599609375 0.0125 0.037109375
0 0.7484375 0.4619140625 0.015625 0.060546875
0 0.365625 0.4609375 0.009375 0.0234375
2 0.04140625 0.5 0.0828125 0.1171875
2 0.09296875 0.4765625 0.0359375 0.06640625
2 0.1625 0.4736328125 0.11875 0.099609375
2 0.23359375 0.4775390625 0.0546875 0.060546875
2 0.26484375 0.466796875 0.0609375 0.04296875
2 0.2984375 0.4619140625 0.03125 0.033203125
2 0.325 0.4609375 0.028125 0.02734375
2 0.4515625 0.4716796875 0.109375 0.119140625
