0 0.2984375 0.4951171875 0.0125 0.033203125
0 0.31953125 0.48828125 0.0109375 0.01171875
0 0.3375 0.4892578125 0.0125 0.021484375
0 0.146875 0.49609375 0.00625 0.03515625
0 0.2390625 0.494140625 0.009375 0.03125
0 0.66328125 0.501953125 0.0171875 0.03125
0 0.64921875 0.4990234375 0.0109375 0.025390625
0 0.76953125 0.498046875 0.0234375 0.0390625
0 0.39140625 0.4951171875 0.0078125 0.021484375
2 0.4921875 0.501953125 0.01875 0.01953125
2 0.525 0.5029296875 0.01875 0.017578125
2 0.53203125 0.4970703125 0.0140625 0.017578125
2 0.553125 0.5068359375 0.03125 0.033203125
2 0.51640625 0.4912109375 0.0078125 0.009765625
2 0.41328125 0.513671875 0.0421875 0.0390625
