0 0.896875 0.490234375 0.075 0.21875
0 0.946875 0.4775390625 0.053125 0.224609375
0 0.5796875 0.4677734375 0.025 0.107421875
0 0.54375 0.47265625 0.025 0.1171875
0 0.52421875 0.4755859375 0.0328125 0.123046875
0 0.5140625 0.474609375 0.015625 0.1171875
0 0.446875 0.4775390625 0.03125 0.119140625
0 0.4625 0.4619140625 0.028125 0.107421875
0 0.41796875 0.4619140625 0.0234375 0.095703125
0 0.384375 0.4541015625 0.028125 0.083984375
0 0.359375 0.4580078125 0.028125 0.080078125
0 0.31484375 0.4580078125 0.0234375 0.076171875
0 0.29296875 0.453125 0.0234375 0.08203125
0 0.27265625 0.4521484375 0.0171875 0.076171875
2 0.0875 0.53515625 0.175 0.21875
2 0.5703125 0.451171875 0.190625 0.08203125
2 0.77421875 0.46484375 0.1703125 0.08203125
14 0.78984375 0.474609375 0.1765625 0.21484375
