0 0.87890625 0.5771484375 0.0234375 0.095703125
0 0.7515625 0.548828125 0.021875 0.0625
0 0.7375 0.552734375 0.015625 0.0625
0 0.71640625 0.55078125 0.0203125 0.0625
0 0.696875 0.5517578125 0.021875 0.060546875
0 0.67109375 0.5458984375 0.0140625 0.041015625
0 0.659375 0.5439453125 0.0125 0.044921875
0 0.62265625 0.5400390625 0.0078125 0.021484375
0 0.61484375 0.5380859375 0.0109375 0.025390625
0 0.00625 0.576171875 0.0125 0.0703125
0 0.0265625 0.57421875 0.03125 0.09375
0 0.19296875 0.5625 0.0140625 0.05078125
0 0.23359375 0.5546875 0.0203125 0.05078125
0 0.21640625 0.5478515625 0.0109375 0.041015625
0 0.2890625 0.5361328125 0.0125 0.021484375
0 0.334375 0.5341796875 0.00625 0.021484375
0 0.34453125 0.53515625 0.0078125 0.0234375
0 0.26171875 0.54296875 0.0078125 0.0234375
0 0.37734375 0.533203125 0.0078125 0.01953125
0 0.36484375 0.5361328125 0.0078125 0.025390625
0 0.3546875 0.5361328125 0.009375 0.025390625
0 0.38515625 0.529296875 0.0046875 0.015625
0 0.3921875 0.529296875 0.00625 0.015625
0 0.17734375 0.4921875 0.0234375 0.046875
0 0.40546875 0.529296875 0.0046875 0.015625
6 0.55 0.537109375 0.096875 0.1171875
2 0.3109375 0.6484375 0.209375 0.203125
2 0.3171875 0.5400390625 0.028125 0.017578125
2 0.44140625 0.580078125 0.0859375 0.08203125
2 0.5875 0.619140625 0.15 0.14453125
2 0.49453125 0.5625 0.0265625 0.04296875
2 0.48125 0.548828125 0.021875 0.02734375
2 0.44609375 0.53515625 0.0265625 0.01171875
2 0.496875 0.53125 0.015625 0.01953125
2 0.48125 0.5302734375 0.01875 0.017578125
