0 0.22578125 0.47265625 0.0171875 0.0625
0 0.26875 0.47265625 0.015625 0.046875
2 0.921875 0.5458984375 0.15625 0.310546875
2 0.7578125 0.5009765625 0.153125 0.134765625
2 0.67265625 0.4951171875 0.0796875 0.087890625
2 0.63125 0.482421875 0.06875 0.078125
2 0.58828125 0.478515625 0.0484375 0.0546875
2 0.55859375 0.4755859375 0.0359375 0.041015625
2 0.5015625 0.4755859375 0.021875 0.021484375
2 0.45703125 0.4765625 0.0484375 0.01953125
2 0.39921875 0.4765625 0.0453125 0.01953125
2 0.43359375 0.4755859375 0.0171875 0.017578125
