0 0.5859375 0.4755859375 0.015625 0.052734375
0 0.60390625 0.470703125 0.0203125 0.0625
0 0.61796875 0.474609375 0.0171875 0.0546875
2 0.92734375 0.4755859375 0.1453125 0.103515625
2 0.8515625 0.46484375 0.103125 0.0546875
2 0.0453125 0.4521484375 0.08125 0.021484375
2 0.13125 0.478515625 0.13125 0.08984375
2 0.2078125 0.47265625 0.078125 0.0703125
2 0.259375 0.4755859375 0.0375 0.044921875
2 0.2875 0.4716796875 0.034375 0.044921875
2 0.34375 0.4716796875 0.0625 0.064453125
2 0.31015625 0.4677734375 0.0203125 0.033203125
2 0.55546875 0.4599609375 0.0796875 0.041015625
2 0.384375 0.462890625 0.025 0.01953125
2 0.38515625 0.447265625 0.0203125 0.01953125
2 0.41484375 0.4345703125 0.0171875 0.013671875
2 0.41171875 0.4482421875 0.0171875 0.017578125
2 0.39453125 0.4423828125 0.0078125 0.013671875
2 0.46953125 0.4501953125 0.0203125 0.021484375
2 0.5 0.42578125 0.015625 0.015625
2 0.5078125 0.4140625 0.0125 0.01171875
2 0.47890625 0.3896484375 0.0140625 0.013671875
2 0.64453125 0.4443359375 0.0359375 0.029296875
2 0.478125 0.4345703125 0.015625 0.017578125
