0 0.32265625 0.5302734375 0.0359375 0.107421875
0 0.3328125 0.525390625 0.04375 0.125
0 0.33515625 0.5283203125 0.0171875 0.115234375
0 0.23046875 0.4873046875 0.0046875 0.044921875
0 0.28984375 0.48046875 0.0078125 0.02734375
0 0.353125 0.4814453125 0.00625 0.013671875
0 0.37109375 0.482421875 0.0078125 0.01953125
0 0.390625 0.478515625 0.00625 0.01953125
0 0.396875 0.4853515625 0.00625 0.017578125
0 0.4140625 0.4873046875 0.00625 0.017578125
0 0.41953125 0.4873046875 0.0078125 0.021484375
0 0.43359375 0.4853515625 0.0046875 0.013671875
0 0.6328125 0.490234375 0.00625 0.01953125
0 0.640625 0.4892578125 0.00625 0.021484375
0 0.65 0.490234375 0.009375 0.01953125
0 0.6671875 0.4873046875 0.009375 0.017578125
0 0.67421875 0.48828125 0.0046875 0.01953125
0 0.93203125 0.513671875 0.0203125 0.09375
0 0.94296875 0.51953125 0.0265625 0.0859375
1 0.15390625 0.51171875 0.0234375 0.03125
2 0.52421875 0.4970703125 0.0171875 0.021484375
2 0.5078125 0.498046875 0.021875 0.02734375
2 0.5578125 0.5 0.025 0.03125
2 0.54375 0.4873046875 0.0125 0.017578125
