0 0.946875 0.615234375 0.0375 0.1171875
0 0.684375 0.576171875 0.01875 0.0546875
0 0.61953125 0.5703125 0.0109375 0.0390625
0 0.6078125 0.5712890625 0.0125 0.037109375
0 0.5796875 0.55078125 0.00625 0.01171875
0 0.56953125 0.55859375 0.0109375 0.0234375
0 0.2796875 0.572265625 0.021875 0.0703125
0 0.259375 0.5712890625 0.01875 0.060546875
0 0.32265625 0.55859375 0.0109375 0.0390625
0 0.3375 0.55859375 0.0125 0.03515625
0 0.34765625 0.5556640625 0.0078125 0.025390625
2 0.60234375 0.56640625 0.0640625 0.02734375
2 0.51796875 0.5556640625 0.0296875 0.017578125
2 0.50390625 0.5693359375 0.0328125 0.037109375
2 0.4609375 0.56640625 0.034375 0.0390625
2 0.48046875 0.787109375 0.3828125 0.375
2 0.1375 0.7421875 0.275 0.30859375
2 0.371875 0.5478515625 0.01875 0.017578125
