0 0.4234375 0.59375 0.015625 0.05078125
0 0.5078125 0.5986328125 0.0125 0.048828125
0 0.49609375 0.5966796875 0.0109375 0.048828125
0 0.95 0.5966796875 0.01875 0.056640625
0 0.934375 0.5966796875 0.015625 0.060546875
0 0.91953125 0.59765625 0.0140625 0.0546875
0 0.896875 0.595703125 0.015625 0.05859375
0 0.884375 0.5966796875 0.0125 0.052734375
0 0.8078125 0.5888671875 0.0125 0.021484375
0 0.75703125 0.5947265625 0.0046875 0.025390625
0 0.7234375 0.5927734375 0.00625 0.021484375
0 0.7609375 0.595703125 0.00625 0.0234375
0 0.66640625 0.583984375 0.0078125 0.01953125
6 0.159375 0.5537109375 0.153125 0.076171875
2 0.5640625 0.603515625 0.053125 0.04296875
2 0.6421875 0.6025390625 0.053125 0.048828125
2 0.61640625 0.595703125 0.0171875 0.03125
2 0.6859375 0.595703125 0.015625 0.01953125
2 0.67578125 0.5810546875 0.0140625 0.017578125
