4 0.30234375 0.505859375 0.0671875 0.05078125
0 0.15390625 0.5126953125 0.0078125 0.029296875
0 0.13828125 0.5146484375 0.0078125 0.029296875
0 0.603125 0.5205078125 0.00625 0.021484375
0 0.6453125 0.51953125 0.009375 0.0234375
0 0.61640625 0.5185546875 0.0078125 0.025390625
0 0.33359375 0.5595703125 0.0203125 0.080078125
0 0.2421875 0.5419921875 0.01875 0.083984375
6 0.48671875 0.4931640625 0.1171875 0.115234375
2 0.56015625 0.541015625 0.0390625 0.0390625
2 0.52890625 0.568359375 0.0390625 0.04296875
2 0.628125 0.6201171875 0.159375 0.146484375
2 0.409375 0.5390625 0.134375 0.078125
2 0.43203125 0.6865234375 0.2578125 0.267578125
