0 0.27421875 0.5771484375 0.0140625 0.044921875
0 0.16328125 0.578125 0.0109375 0.046875
0 0.15 0.5810546875 0.0125 0.052734375
0 0.13828125 0.5810546875 0.0140625 0.056640625
0 0.1 0.6015625 0.025 0.0859375
0 0.73828125 0.5712890625 0.0140625 0.033203125
0 0.7515625 0.5712890625 0.0125 0.025390625
0 0.89609375 0.59375 0.0328125 0.11328125
0 0.95234375 0.6005859375 0.0328125 0.119140625
0 0.984375 0.5888671875 0.025 0.099609375
0 0.403125 0.56640625 0.009375 0.0234375
1 0.08515625 0.630859375 0.0703125 0.0625
1 0.05234375 0.626953125 0.0703125 0.06640625
2 0.5703125 0.5751953125 0.025 0.025390625
2 0.5453125 0.5693359375 0.01875 0.017578125
2 0.51640625 0.5703125 0.0203125 0.01953125
2 0.5328125 0.56640625 0.009375 0.015625
2 0.50625 0.5615234375 0.009375 0.009765625
