0 0.5140625 0.5009765625 0.009375 0.025390625
0 0.7640625 0.5244140625 0.0125 0.041015625
6 0.69140625 0.4970703125 0.0765625 0.107421875
2 0.39609375 0.5859375 0.1546875 0.140625
2 0.49296875 0.5498046875 0.0890625 0.080078125
2 0.72109375 0.53125 0.0609375 0.05859375
2 0.6078125 0.560546875 0.125 0.13671875
2 0.5375 0.5283203125 0.04375 0.056640625
2 0.9859375 0.5517578125 0.028125 0.091796875
2 0.95703125 0.5341796875 0.0859375 0.099609375
2 0.91328125 0.529296875 0.0703125 0.078125
2 0.86015625 0.5302734375 0.0515625 0.068359375
2 0.8484375 0.5166015625 0.071875 0.076171875
