0 0.31875 0.4658203125 0.00625 0.025390625
0 0.31171875 0.4638671875 0.0078125 0.029296875
0 0.30390625 0.46484375 0.0078125 0.03515625
0 0.29375 0.46484375 0.0125 0.03515625
0 0.28359375 0.4658203125 0.0078125 0.033203125
0 0.19609375 0.4775390625 0.0359375 0.099609375
0 0.153125 0.548828125 0.18125 0.37890625
0 0.08125 0.56640625 0.1625 0.39453125
2 0.43984375 0.45703125 0.0265625 0.02734375
2 0.41875 0.4609375 0.009375 0.0078125
2 0.4703125 0.494140625 0.125 0.1328125
2 0.76015625 0.490234375 0.4796875 0.2890625
