0 0.40859375 0.548828125 0.0046875 0.015625
0 0.41640625 0.5478515625 0.0078125 0.017578125
0 0.45078125 0.5478515625 0.0046875 0.013671875
0 0.475 0.5595703125 0.009375 0.041015625
0 0.46640625 0.5546875 0.0078125 0.02734375
0 0.57265625 0.541015625 0.0078125 0.01171875
1 0.35546875 0.58984375 0.0453125 0.0703125
2 0.56640625 0.580078125 0.0671875 0.0703125
2 0.55 0.568359375 0.040625 0.05078125
2 0.53359375 0.560546875 0.0328125 0.046875
2 0.5140625 0.5625 0.01875 0.03125
2 0.89765625 0.8154296875 0.2046875 0.369140625
