0 0.8296875 0.46875 0.059375 0.19921875
0 0.5703125 0.486328125 0.0625 0.18359375
0 0.69375 0.4404296875 0.04375 0.126953125
0 0.67109375 0.4736328125 0.0421875 0.197265625
0 0.640625 0.4677734375 0.053125 0.220703125
0 0.603125 0.451171875 0.01875 0.07421875
0 0.278125 0.4619140625 0.009375 0.037109375
0 0.2890625 0.4638671875 0.009375 0.037109375
2 0.8265625 0.4462890625 0.090625 0.087890625
2 0.50234375 0.4609375 0.0359375 0.0390625
2 0.39375 0.45703125 0.03125 0.03125
2 0.43359375 0.4541015625 0.0203125 0.021484375
2 0.2453125 0.46875 0.059375 0.05078125
