0 0.23125 0.4873046875 0.00625 0.044921875
0 0.28984375 0.48046875 0.0078125 0.0234375
0 0.3359375 0.482421875 0.00625 0.015625
0 0.353125 0.48046875 0.00625 0.01171875
0 0.37109375 0.4814453125 0.0078125 0.017578125
0 0.390625 0.4765625 0.00625 0.01953125
0 0.39453125 0.48046875 0.0078125 0.03125
0 0.42578125 0.529296875 0.0453125 0.109375
0 0.40859375 0.484375 0.0046875 0.01953125
0 0.45 0.52734375 0.046875 0.125
0 0.44375 0.529296875 0.040625 0.109375
0 0.64296875 0.4892578125 0.0109375 0.021484375
0 0.65234375 0.4912109375 0.0046875 0.017578125
0 0.671875 0.4873046875 0.009375 0.021484375
0 0.70546875 0.48828125 0.0078125 0.0234375
0 0.93203125 0.5126953125 0.0265625 0.095703125
0 0.95078125 0.517578125 0.0234375 0.0859375
1 0.15703125 0.5146484375 0.0234375 0.041015625
2 0.528125 0.490234375 0.015625 0.015625
2 0.52265625 0.49609375 0.0171875 0.0234375
2 0.5046875 0.4990234375 0.025 0.025390625
2 0.5578125 0.4970703125 0.028125 0.029296875
