4 0.46015625 0.5400390625 0.0203125 0.029296875
0 0.83203125 0.5771484375 0.0265625 0.033203125
0 0.859375 0.591796875 0.021875 0.0546875
1 0.20546875 0.640625 0.0703125 0.07421875
2 0.61953125 0.5859375 0.1796875 0.22265625
2 0.3984375 0.71484375 0.271875 0.28515625
2 0.5125 0.59375 0.053125 0.0703125
2 0.46875 0.5732421875 0.025 0.029296875
2 0.43828125 0.5703125 0.0296875 0.01953125
2 0.44609375 0.5517578125 0.0140625 0.013671875
2 0.74765625 0.5810546875 0.0265625 0.021484375
2 0.5140625 0.5537109375 0.01875 0.013671875
2 0.4640625 0.552734375 0.0125 0.01171875
2 0.4921875 0.5595703125 0.021875 0.021484375
