0 0.3921875 0.55078125 0.00625 0.0234375
0 0.396875 0.548828125 0.00625 0.0234375
0 0.31953125 0.55859375 0.0140625 0.0390625
0 0.34140625 0.5546875 0.0046875 0.01953125
0 0.34609375 0.5556640625 0.0046875 0.025390625
0 0.3546875 0.5537109375 0.00625 0.021484375
0 0.58828125 0.5615234375 0.0171875 0.044921875
0 0.5734375 0.5546875 0.00625 0.02734375
0 0.55234375 0.5654296875 0.0109375 0.041015625
1 0.29453125 0.6015625 0.0203125 0.05078125
2 0.43984375 0.6748046875 0.2015625 0.205078125
2 0.43984375 0.564453125 0.1140625 0.0234375
2 0.48046875 0.5478515625 0.0359375 0.009765625
2 0.48203125 0.529296875 0.0328125 0.03125
14 0.16171875 0.6474609375 0.0296875 0.111328125
14 0.53828125 0.5478515625 0.0421875 0.072265625
