0 0.72578125 0.5048828125 0.0359375 0.130859375
0 0.47109375 0.4765625 0.0140625 0.046875
2 0.16328125 0.50390625 0.1984375 0.15625
2 0.06484375 0.4931640625 0.1296875 0.134765625
2 0.42109375 0.50390625 0.1140625 0.109375
2 0.28046875 0.4833984375 0.0515625 0.048828125
2 0.32578125 0.4814453125 0.0390625 0.033203125
2 0.346875 0.4775390625 0.01875 0.029296875
2 0.3625 0.4775390625 0.021875 0.029296875
14 0.81484375 0.435546875 0.3703125 0.2265625
14 0.53515625 0.4658203125 0.1109375 0.138671875
2 0.6390625 0.48046875 0.103125 0.09765625
