0 0.54921875 0.4580078125 0.0203125 0.048828125
0 0.52578125 0.45703125 0.0140625 0.046875
0 0.50625 0.46875 0.028125 0.0703125
0 0.434375 0.4541015625 0.015625 0.044921875
0 0.459375 0.46484375 0.015625 0.0703125
0 0.47109375 0.466796875 0.0234375 0.07421875
0 0.5765625 0.466796875 0.028125 0.07421875
0 0.3140625 0.455078125 0.015625 0.05078125
0 0.3265625 0.4638671875 0.028125 0.080078125
0 0.1140625 0.45703125 0.021875 0.078125
0 0.2375 0.42578125 0.00625 0.015625
2 0.38828125 0.4501953125 0.0109375 0.009765625
2 0.46796875 0.455078125 0.0515625 0.02734375
2 0.6421875 0.4560546875 0.0625 0.060546875
2 0.303125 0.470703125 0.021875 0.06640625
2 0.290625 0.4765625 0.0375 0.078125
2 0.234375 0.482421875 0.1125 0.1015625
2 0.78671875 0.5234375 0.2484375 0.18359375
