0 0.90625 0.47265625 0.075 0.23046875
0 0.63515625 0.4833984375 0.0390625 0.162109375
0 0.51953125 0.4453125 0.0640625 0.05078125
0 0.39453125 0.451171875 0.0109375 0.05859375
2 0.7640625 0.453125 0.1875 0.08984375
2 0.5921875 0.439453125 0.05625 0.08203125
2 0.3234375 0.4521484375 0.0375 0.041015625
2 0.27734375 0.44921875 0.0265625 0.03125
2 0.24765625 0.451171875 0.0296875 0.03515625
2 0.190625 0.4599609375 0.059375 0.060546875
2 0.14453125 0.45703125 0.0265625 0.02734375
2 0.0796875 0.46484375 0.128125 0.12109375
2 0.22421875 0.458984375 0.0171875 0.0234375
6 0.2484375 0.4384765625 0.03125 0.041015625
