2 0.353125 0.466796875 0.03125 0.03515625
2 0.2984375 0.4638671875 0.04375 0.037109375
2 0.25625 0.4697265625 0.04375 0.048828125
2 0.2203125 0.48046875 0.05625 0.05078125
2 0.1453125 0.4794921875 0.059375 0.048828125
2 0.57421875 0.4609375 0.0609375 0.04296875
2 0.6015625 0.466796875 0.05625 0.046875
2 0.4328125 0.46875 0.01875 0.02734375
2 0.4484375 0.474609375 0.03125 0.0390625
2 0.45078125 0.4794921875 0.0203125 0.033203125
2 0.4671875 0.4794921875 0.03125 0.048828125
2 0.48671875 0.48046875 0.0328125 0.0625
2 0.5171875 0.48828125 0.075 0.0703125
2 0.90859375 0.58984375 0.1828125 0.30859375
