0 0.16953125 0.4619140625 0.0171875 0.029296875
0 0.4453125 0.4716796875 0.009375 0.029296875
0 0.5125 0.4833984375 0.0125 0.041015625
0 0.5375 0.474609375 0.015625 0.04296875
2 0.01484375 0.46484375 0.0296875 0.0390625
2 0.05234375 0.4619140625 0.0734375 0.037109375
2 0.090625 0.462890625 0.053125 0.03515625
2 0.11875 0.4658203125 0.040625 0.033203125
2 0.21328125 0.4658203125 0.0671875 0.025390625
2 0.28203125 0.4619140625 0.0515625 0.017578125
2 0.28046875 0.498046875 0.1453125 0.06640625
2 0.35625 0.498046875 0.071875 0.05859375
2 0.36484375 0.47265625 0.0296875 0.0234375
2 0.41171875 0.4755859375 0.0671875 0.033203125
2 0.59609375 0.5419921875 0.2359375 0.177734375
