0 0.01015625 0.478515625 0.0203125 0.04296875
0 0.03125 0.48046875 0.025 0.0390625
0 0.10390625 0.4921875 0.0203125 0.06640625
0 0.87265625 0.509765625 0.0234375 0.08984375
0 0.70390625 0.482421875 0.0109375 0.03515625
0 0.67109375 0.490234375 0.0109375 0.0234375
0 0.65 0.490234375 0.009375 0.0234375
0 0.62890625 0.490234375 0.0109375 0.0234375
0 0.53125 0.517578125 0.028125 0.09765625
0 0.28984375 0.482421875 0.0078125 0.01953125
0 0.3375 0.482421875 0.009375 0.01953125
0 0.37109375 0.482421875 0.0078125 0.01953125
0 0.39296875 0.48828125 0.0109375 0.0390625
0 0.41484375 0.48828125 0.0046875 0.01953125
0 0.42265625 0.4873046875 0.0046875 0.021484375
2 0.50546875 0.4931640625 0.0140625 0.017578125
2 0.5609375 0.50390625 0.021875 0.0234375
1 0.15546875 0.5166015625 0.0296875 0.044921875
