2 0.259375 0.453125 0.015625 0.01953125
2 0.2453125 0.458984375 0.021875 0.015625
2 0.28984375 0.462890625 0.0140625 0.0234375
2 0.30390625 0.4638671875 0.0265625 0.025390625
2 0.321875 0.466796875 0.028125 0.02734375
2 0.38046875 0.4697265625 0.0234375 0.033203125
2 0.40234375 0.466796875 0.0390625 0.03515625
2 0.43203125 0.466796875 0.0453125 0.04296875
2 0.4578125 0.46875 0.034375 0.046875
2 0.49453125 0.4658203125 0.0640625 0.064453125
2 0.525 0.482421875 0.084375 0.078125
2 0.3515625 0.46875 0.05 0.04296875
2 0.19296875 0.4873046875 0.0640625 0.056640625
2 0.21328125 0.4794921875 0.0421875 0.052734375
2 0.02109375 0.5009765625 0.0421875 0.158203125
