0 0.73671875 0.5322265625 0.0140625 0.037109375
0 0.8578125 0.537109375 0.009375 0.04296875
0 0.709375 0.5302734375 0.009375 0.033203125
0 0.8125 0.5302734375 0.009375 0.044921875
2 0.83125 0.7890625 0.3375 0.41796875
2 0.61953125 0.59765625 0.1703125 0.17578125
2 0.0765625 0.7431640625 0.153125 0.310546875
2 0.16796875 0.638671875 0.1984375 0.16015625
2 0.52109375 0.533203125 0.0203125 0.0234375
2 0.4921875 0.533203125 0.03125 0.03125
2 0.28125 0.544921875 0.028125 0.01953125
2 0.25234375 0.5458984375 0.0234375 0.025390625
2 0.32421875 0.5400390625 0.0203125 0.013671875
2 0.13359375 0.544921875 0.0359375 0.0390625
2 0.2296875 0.546875 0.021875 0.01953125
