4 0.81953125 0.595703125 0.3609375 0.6015625
0 0.05703125 0.5546875 0.0140625 0.0390625
0 0.10703125 0.55078125 0.0171875 0.0390625
0 0.15390625 0.5517578125 0.0140625 0.033203125
0 0.17421875 0.5546875 0.0109375 0.0234375
0 0.18671875 0.5546875 0.0109375 0.01953125
0 0.21640625 0.544921875 0.0109375 0.01953125
0 0.2296875 0.548828125 0.009375 0.0234375
0 0.2453125 0.5556640625 0.009375 0.029296875
0 0.2640625 0.5537109375 0.0125 0.033203125
0 0.34296875 0.560546875 0.0109375 0.03515625
0 0.35390625 0.5615234375 0.0109375 0.033203125
0 0.3734375 0.5625 0.009375 0.02734375
0 0.39609375 0.576171875 0.0171875 0.046875
0 0.4125 0.55859375 0.009375 0.03125
0 0.421875 0.5615234375 0.009375 0.029296875
0 0.4359375 0.5625 0.0125 0.03515625
0 0.13125 0.546875 0.0125 0.02734375
2 0.6140625 0.587890625 0.071875 0.0625
2 0.55546875 0.5673828125 0.0359375 0.044921875
2 0.49453125 0.5966796875 0.0828125 0.091796875
2 0.146875 0.6044921875 0.090625 0.080078125
2 0.065625 0.623046875 0.11875 0.11328125
2 0.01015625 0.63671875 0.0203125 0.09765625
2 0.5921875 0.5615234375 0.01875 0.017578125
