4 0.51640625 0.52734375 0.0390625 0.05859375
0 0.80546875 0.5712890625 0.0171875 0.033203125
0 0.9140625 0.5908203125 0.01875 0.025390625
0 0.71640625 0.57421875 0.0109375 0.046875
0 0.70390625 0.572265625 0.0109375 0.046875
0 0.64609375 0.55859375 0.0078125 0.02734375
0 0.634375 0.55859375 0.00625 0.0234375
0 0.60234375 0.556640625 0.0078125 0.03125
0 0.58671875 0.5498046875 0.0078125 0.029296875
1 0.6390625 0.587890625 0.0125 0.03125
2 0.48515625 0.5576171875 0.0171875 0.017578125
2 0.53125 0.5947265625 0.075 0.091796875
2 0.45078125 0.5595703125 0.0609375 0.083984375
2 0.37578125 0.6376953125 0.1421875 0.142578125
