0 0.21640625 0.4560546875 0.0234375 0.041015625
0 0.24453125 0.4677734375 0.0234375 0.056640625
0 0.275 0.47265625 0.028125 0.078125
0 0.4890625 0.548828125 0.040625 0.15234375
1 0.240625 0.5146484375 0.040625 0.099609375
1 0.26171875 0.5205078125 0.0484375 0.103515625
1 0.29296875 0.5244140625 0.0578125 0.091796875
1 0.928125 0.5478515625 0.078125 0.087890625
1 0.965625 0.544921875 0.06875 0.0859375
2 0.02578125 0.474609375 0.0515625 0.05859375
2 0.0796875 0.4873046875 0.096875 0.064453125
2 0.1796875 0.498046875 0.115625 0.07421875
