0 0.34609375 0.4931640625 0.0234375 0.083984375
0 0.37109375 0.490234375 0.0203125 0.08203125
0 0.571875 0.4970703125 0.025 0.111328125
2 0.0203125 0.578125 0.040625 0.140625
2 0.09375 0.52734375 0.1875 0.17578125
2 0.2140625 0.5205078125 0.090625 0.111328125
2 0.2765625 0.505859375 0.09375 0.09375
2 0.39296875 0.46484375 0.0640625 0.04296875
2 0.509375 0.4716796875 0.040625 0.033203125
2 0.5328125 0.4736328125 0.0125 0.025390625
2 0.54296875 0.47265625 0.0171875 0.0234375
2 0.87109375 0.6845703125 0.2578125 0.376953125
2 0.78203125 0.5830078125 0.1984375 0.212890625
2 0.6765625 0.5234375 0.1 0.10546875
2 0.6359375 0.51171875 0.053125 0.08984375
2 0.3390625 0.4521484375 0.046875 0.029296875
14 0.5734375 0.556640625 0.01875 0.01171875
14 0.56015625 0.5419921875 0.0140625 0.009765625
14 0.603125 0.59765625 0.01875 0.015625
