0 0.5109375 0.4365234375 0.009375 0.029296875
1 0.59140625 0.46484375 0.0140625 0.0546875
1 0.603125 0.4501953125 0.015625 0.041015625
1 0.54375 0.4541015625 0.01875 0.056640625
1 0.49765625 0.4541015625 0.0109375 0.029296875
1 0.57265625 0.4619140625 0.0203125 0.052734375
2 0.20703125 0.58203125 0.4140625 0.3359375
2 0.32265625 0.4423828125 0.0140625 0.021484375
2 0.33984375 0.4443359375 0.0109375 0.021484375
2 0.35234375 0.4443359375 0.0109375 0.017578125
2 0.36015625 0.44140625 0.0140625 0.01953125
