0 0.70546875 0.4921875 0.0359375 0.1015625
0 0.6921875 0.443359375 0.01875 0.0625
0 0.128125 0.4931640625 0.021875 0.048828125
0 0.15 0.498046875 0.021875 0.046875
0 0.14296875 0.4970703125 0.0109375 0.048828125
0 0.16796875 0.4931640625 0.0171875 0.052734375
0 0.18203125 0.4921875 0.0109375 0.046875
0 0.21640625 0.494140625 0.0078125 0.0390625
0 0.23125 0.490234375 0.015625 0.04296875
0 0.24609375 0.4873046875 0.0109375 0.037109375
0 0.26640625 0.490234375 0.0078125 0.03125
0 0.275 0.48828125 0.009375 0.03125
0 0.28125 0.4873046875 0.00625 0.029296875
0 0.29453125 0.486328125 0.0078125 0.03125
0 0.30234375 0.486328125 0.0078125 0.03125
1 0.20703125 0.5 0.0171875 0.03125
2 0.53203125 0.490234375 0.0265625 0.07421875
2 0.48203125 0.5166015625 0.1171875 0.126953125
2 0.33515625 0.484375 0.0578125 0.0546875
14 0.86953125 0.5234375 0.0453125 0.0859375
