1 0.14921875 0.517578125 0.0515625 0.09375
2 0.45390625 0.4541015625 0.0109375 0.013671875
2 0.43828125 0.458984375 0.0140625 0.015625
2 0.4828125 0.474609375 0.034375 0.03515625
2 0.50390625 0.4619140625 0.0171875 0.021484375
2 0.51875 0.4755859375 0.015625 0.029296875
2 0.53125 0.474609375 0.025 0.046875
2 0.5625 0.4736328125 0.0625 0.068359375
2 0.615625 0.48828125 0.078125 0.08984375
2 0.64296875 0.5009765625 0.0890625 0.091796875
2 0.40078125 0.4716796875 0.0546875 0.056640625
2 0.35078125 0.478515625 0.0265625 0.04296875
2 0.32109375 0.48046875 0.0546875 0.04296875
2 0.9125 0.5087890625 0.175 0.494140625
