4 0.6578125 0.5478515625 0.0375 0.048828125
0 0.83984375 0.5625 0.0171875 0.05859375
0 0.99296875 0.5546875 0.0140625 0.03125
0 0.72109375 0.5537109375 0.0078125 0.025390625
0 0.6796875 0.5517578125 0.009375 0.029296875
0 0.340625 0.5595703125 0.015625 0.052734375
0 0.3078125 0.5712890625 0.021875 0.060546875
2 0.859375 0.78515625 0.28125 0.4296875
2 0.62265625 0.556640625 0.0265625 0.02734375
2 0.5703125 0.5595703125 0.025 0.025390625
2 0.5890625 0.55078125 0.025 0.0234375
2 0.61015625 0.5537109375 0.0140625 0.021484375
