4 0.42421875 0.390625 0.0296875 0.04296875
2 0.14453125 0.4951171875 0.2890625 0.619140625
2 0.9828125 0.654296875 0.034375 0.18359375
2 0.9078125 0.4580078125 0.059375 0.072265625
2 0.8328125 0.4375 0.090625 0.09765625
2 0.7859375 0.4482421875 0.090625 0.052734375
2 0.71953125 0.4306640625 0.0421875 0.033203125
2 0.67578125 0.4248046875 0.0453125 0.025390625
2 0.57890625 0.431640625 0.0640625 0.0546875
2 0.50234375 0.40625 0.0296875 0.03515625
2 0.4765625 0.4052734375 0.025 0.029296875
2 0.44765625 0.4013671875 0.0140625 0.017578125
2 0.43125 0.40234375 0.021875 0.0234375
2 0.6328125 0.421875 0.01875 0.01171875
