6 0.6484375 0.4736328125 0.059375 0.095703125
2 0.11953125 0.5576171875 0.1265625 0.064453125
2 0.23984375 0.537109375 0.0671875 0.04296875
2 0.4890625 0.494140625 0.009375 0.01171875
2 0.503125 0.4931640625 0.009375 0.005859375
2 0.515625 0.4912109375 0.009375 0.005859375
2 0.525 0.4912109375 0.00625 0.005859375
2 0.56484375 0.515625 0.0453125 0.046875
2 0.6140625 0.494140625 0.009375 0.01171875
2 0.59296875 0.494140625 0.0046875 0.00390625
2 0.590625 0.494140625 0.003125 0.00390625
2 0.603125 0.494140625 0.003125 0.00390625
2 0.6046875 0.4921875 0.003125 0.00390625
2 0.68828125 0.4931640625 0.0796875 0.111328125
2 0.8109375 0.5361328125 0.1375 0.126953125
