4 0.4421875 0.4443359375 0.009375 0.013671875
0 0.03203125 0.5498046875 0.0640625 0.349609375
0 0.225 0.4482421875 0.009375 0.041015625
0 0.246875 0.453125 0.015625 0.06640625
0 0.94765625 0.4814453125 0.0390625 0.134765625
1 0.11796875 0.4462890625 0.0578125 0.052734375
1 0.14296875 0.4482421875 0.0578125 0.048828125
2 0.32890625 0.4677734375 0.0703125 0.068359375
2 0.35078125 0.4580078125 0.0671875 0.068359375
2 0.39296875 0.462890625 0.0234375 0.03515625
2 0.409375 0.4609375 0.01875 0.02734375
2 0.98125 0.4658203125 0.0375 0.056640625
2 0.7375 0.4892578125 0.315625 0.134765625
2 0.60078125 0.466796875 0.0578125 0.0546875
2 0.5640625 0.4560546875 0.05625 0.060546875
2 0.5296875 0.466796875 0.021875 0.03125
2 0.51796875 0.462890625 0.0203125 0.02734375
2 0.49765625 0.4599609375 0.0359375 0.041015625
2 0.46484375 0.46484375 0.0265625 0.02734375
2 0.4421875 0.4638671875 0.01875 0.017578125
2 0.42578125 0.4599609375 0.0203125 0.013671875
2 0.459375 0.4501953125 0.025 0.013671875
