0 0.334375 0.5 0.009375 0.02734375
2 0.68515625 0.5224609375 0.0578125 0.056640625
2 0.6265625 0.515625 0.046875 0.046875
2 0.53984375 0.498046875 0.0109375 0.01171875
2 0.528125 0.4951171875 0.009375 0.009765625
2 0.50546875 0.4951171875 0.0046875 0.005859375
2 0.4984375 0.494140625 0.00625 0.0078125
2 0.4875 0.4970703125 0.009375 0.009765625
2 0.47421875 0.509765625 0.0265625 0.03125
2 0.45625 0.5126953125 0.01875 0.044921875
2 0.29140625 0.5185546875 0.0859375 0.076171875
2 0.40859375 0.490234375 0.0859375 0.1171875
