0 0.60625 0.46484375 0.00625 0.01171875
0 0.54765625 0.4677734375 0.0046875 0.013671875
0 0.39609375 0.4658203125 0.0046875 0.013671875
0 0.5359375 0.4677734375 0.003125 0.013671875
1 0.6515625 0.54296875 0.034375 0.08203125
2 0.48046875 0.4677734375 0.0171875 0.017578125
2 0.46171875 0.47265625 0.0203125 0.01953125
2 0.4515625 0.4736328125 0.0125 0.021484375
2 0.43359375 0.47265625 0.0265625 0.02734375
2 0.3890625 0.48046875 0.025 0.03515625
2 0.36875 0.4794921875 0.034375 0.044921875
2 0.353125 0.484375 0.028125 0.04296875
2 0.33125 0.4873046875 0.0375 0.048828125
2 0.3015625 0.4892578125 0.05 0.056640625
2 0.2640625 0.49609375 0.059375 0.0625
2 0.2046875 0.5009765625 0.09375 0.072265625
