4 0.40390625 0.4267578125 0.0484375 0.064453125
0 0.1734375 0.4736328125 0.059375 0.134765625
1 0.1734375 0.4921875 0.115625 0.09375
2 0.34140625 0.458984375 0.0578125 0.0703125
2 0.27734375 0.4697265625 0.1015625 0.087890625
2 0.44453125 0.443359375 0.0109375 0.015625
2 0.46328125 0.4453125 0.0265625 0.02734375
2 0.49140625 0.4453125 0.0109375 0.01171875
2 0.503125 0.4453125 0.0125 0.02734375
2 0.51328125 0.4453125 0.0203125 0.03125
2 0.5296875 0.4482421875 0.034375 0.041015625
2 0.540625 0.453125 0.021875 0.046875
2 0.5703125 0.4501953125 0.0625 0.068359375
2 0.61640625 0.4619140625 0.0859375 0.083984375
