0 0.5875 0.48046875 0.015625 0.046875
0 0.60546875 0.4765625 0.0140625 0.04296875
0 0.6359375 0.47265625 0.0125 0.05078125
0 0.65078125 0.4755859375 0.0109375 0.044921875
0 0.628125 0.4736328125 0.009375 0.041015625
0 0.6109375 0.47265625 0.009375 0.0390625
0 0.54453125 0.470703125 0.0109375 0.0390625
0 0.55546875 0.466796875 0.0078125 0.0234375
0 0.56640625 0.4638671875 0.0078125 0.029296875
0 0.575 0.46484375 0.00625 0.0234375
2 0.3046875 0.48828125 0.046875 0.04296875
2 0.45078125 0.48828125 0.0734375 0.0703125
2 0.37109375 0.4521484375 0.0140625 0.017578125
2 0.45390625 0.4423828125 0.0234375 0.021484375
2 0.4671875 0.4375 0.015625 0.01953125
