0 0.74296875 0.494140625 0.0203125 0.06640625
0 0.621875 0.4560546875 0.009375 0.033203125
0 0.47578125 0.49609375 0.0296875 0.10546875
0 0.440625 0.4990234375 0.03125 0.099609375
0 0.41796875 0.498046875 0.0265625 0.10546875
0 0.528125 0.4638671875 0.0125 0.044921875
0 0.52265625 0.4482421875 0.0046875 0.013671875
1 0.61015625 0.65625 0.0421875 0.12109375
2 0.065625 0.693359375 0.13125 0.3359375
2 0.1703125 0.6337890625 0.215625 0.236328125
2 0.35703125 0.51171875 0.1046875 0.09375
2 0.396875 0.4970703125 0.0375 0.076171875
2 0.46875 0.46484375 0.028125 0.03515625
2 0.48671875 0.45703125 0.0109375 0.01953125
2 0.48828125 0.4541015625 0.0140625 0.017578125
2 0.49375 0.4521484375 0.0125 0.017578125
2 0.5015625 0.4501953125 0.0125 0.013671875
2 0.503125 0.447265625 0.015625 0.015625
2 0.51328125 0.443359375 0.0109375 0.01171875
2 0.5953125 0.4580078125 0.028125 0.029296875
2 0.58046875 0.4599609375 0.0078125 0.021484375
2 0.57734375 0.4560546875 0.0140625 0.025390625
2 0.56875 0.453125 0.009375 0.015625
2 0.565625 0.44921875 0.0125 0.015625
2 0.56171875 0.4453125 0.0109375 0.015625
2 0.871875 0.6953125 0.25625 0.29296875
2 0.853125 0.552734375 0.178125 0.0859375
2 0.81640625 0.49609375 0.0578125 0.0390625
2 0.809375 0.4951171875 0.075 0.064453125
2 0.753125 0.4814453125 0.0625 0.052734375
2 0.71953125 0.46875 0.0671875 0.0390625
2 0.94765625 0.517578125 0.1046875 0.10546875
