2 0.21171875 0.46875 0.0765625 0.05859375
2 0.28359375 0.4609375 0.0609375 0.05859375
2 0.359375 0.4638671875 0.028125 0.025390625
2 0.4140625 0.484375 0.090625 0.0859375
2 0.75390625 0.5205078125 0.2515625 0.216796875
2 0.6265625 0.50390625 0.071875 0.11328125
2 0.59453125 0.4892578125 0.0453125 0.076171875
2 0.553125 0.48046875 0.05625 0.0546875
2 0.5203125 0.4755859375 0.025 0.041015625
2 0.51328125 0.466796875 0.0390625 0.04296875
2 0.49453125 0.462890625 0.0203125 0.0390625
2 0.4640625 0.4580078125 0.01875 0.017578125
