0 0.9078125 0.5400390625 0.0125 0.033203125
0 0.8953125 0.5322265625 0.0125 0.017578125
2 0.8359375 0.5888671875 0.025 0.068359375
2 0.73125 0.6044921875 0.19375 0.177734375
2 0.62734375 0.580078125 0.0609375 0.09375
2 0.58671875 0.5595703125 0.0453125 0.052734375
2 0.50703125 0.587890625 0.0890625 0.09765625
2 0.4078125 0.55078125 0.046875 0.05078125
2 0.37265625 0.5498046875 0.0234375 0.037109375
2 0.3390625 0.5703125 0.08125 0.078125
2 0.265625 0.5556640625 0.034375 0.041015625
2 0.19921875 0.5751953125 0.1046875 0.076171875
2 0.51875 0.5302734375 0.059375 0.017578125
2 0.45078125 0.5439453125 0.0234375 0.029296875
