0 0.44375 0.4501953125 0.009375 0.029296875
0 0.45078125 0.4462890625 0.0046875 0.017578125
0 0.47109375 0.439453125 0.0046875 0.015625
0 0.49609375 0.44140625 0.0046875 0.015625
1 0.9765625 0.5791015625 0.046875 0.119140625
1 0.5015625 0.44921875 0.00625 0.01171875
1 0.03125 0.5107421875 0.028125 0.052734375
2 0.0421875 0.625 0.084375 0.17578125
2 0.12578125 0.55859375 0.1640625 0.17578125
2 0.24375 0.5205078125 0.071875 0.099609375
2 0.31015625 0.5078125 0.0453125 0.078125
2 0.35078125 0.4853515625 0.0578125 0.056640625
2 0.37890625 0.4736328125 0.0328125 0.041015625
2 0.378125 0.4609375 0.04375 0.0390625
2 0.4078125 0.4580078125 0.028125 0.029296875
2 0.4046875 0.462890625 0.0125 0.02734375
2 0.4203125 0.455078125 0.015625 0.02734375
2 0.428125 0.451171875 0.01875 0.0234375
2 0.43984375 0.4462890625 0.0140625 0.017578125
2 0.45625 0.4423828125 0.009375 0.013671875
2 0.87578125 0.4931640625 0.1828125 0.083984375
2 0.96875 0.4755859375 0.0625 0.068359375
2 0.58359375 0.4892578125 0.0578125 0.064453125
2 0.55625 0.4716796875 0.04375 0.041015625
2 0.53515625 0.4599609375 0.0203125 0.025390625
2 0.50546875 0.4423828125 0.0109375 0.013671875
2 0.66171875 0.4580078125 0.0546875 0.029296875
2 0.60234375 0.4462890625 0.0484375 0.025390625
2 0.565625 0.443359375 0.03125 0.01953125
2 0.4828125 0.4384765625 0.009375 0.009765625
14 0.2796875 0.5966796875 0.03125 0.021484375
