0 0.51484375 0.44921875 0.0078125 0.0234375
0 0.6859375 0.451171875 0.0125 0.03125
0 0.70234375 0.462890625 0.0171875 0.04296875
0 0.71640625 0.4462890625 0.0171875 0.037109375
1 0.278125 0.498046875 0.025 0.05859375
1 0.58671875 0.466796875 0.0078125 0.0234375
1 0.60234375 0.46484375 0.0046875 0.015625
2 0.32421875 0.470703125 0.0671875 0.0703125
2 0.37578125 0.4921875 0.1296875 0.09375
2 0.4328125 0.466796875 0.071875 0.0859375
2 0.47734375 0.4580078125 0.0453125 0.064453125
0 0.9921875 0.431640625 0.015625 0.0546875
1 0.9890625 0.4716796875 0.025 0.064453125
1 0.71875 0.474609375 0.028125 0.05078125
