0 0.7109375 0.45703125 0.01875 0.06640625
0 0.68828125 0.45703125 0.0171875 0.0703125
0 0.675 0.4580078125 0.0125 0.064453125
0 0.65546875 0.4521484375 0.0140625 0.056640625
0 0.496875 0.45703125 0.0125 0.04296875
0 0.48125 0.45703125 0.0125 0.0390625
0 0.621875 0.4580078125 0.015625 0.060546875
0 0.10859375 0.4453125 0.0171875 0.0390625
1 0.1140625 0.48828125 0.034375 0.046875
2 0.4625 0.4609375 0.025 0.03125
2 0.47265625 0.4462890625 0.0109375 0.013671875
2 0.41484375 0.453125 0.0078125 0.01171875
2 0.4015625 0.453125 0.0125 0.015625
2 0.39296875 0.4580078125 0.0203125 0.021484375
2 0.43359375 0.4599609375 0.0390625 0.041015625
2 0.9125 0.48046875 0.15 0.11328125
