0 0.32734375 0.4892578125 0.0171875 0.072265625
0 0.34765625 0.4912109375 0.0203125 0.068359375
0 0.3578125 0.4912109375 0.009375 0.056640625
0 0.3828125 0.4814453125 0.01875 0.041015625
2 0.56953125 0.49609375 0.0390625 0.0546875
2 0.534375 0.50390625 0.059375 0.10546875
2 0.65546875 0.474609375 0.1359375 0.1328125
2 0.73125 0.5048828125 0.1875 0.166015625
2 0.45859375 0.5107421875 0.1453125 0.162109375
2 0.83203125 0.5166015625 0.1859375 0.166015625
2 0.8703125 0.5419921875 0.10625 0.166015625
2 0.94296875 0.529296875 0.1140625 0.2578125
