0 0.96171875 0.49609375 0.0421875 0.1875
2 0.025 0.5205078125 0.05 0.091796875
2 0.06484375 0.51171875 0.0703125 0.0859375
2 0.10625 0.509765625 0.04375 0.06640625
2 0.18046875 0.494140625 0.0421875 0.03125
2 0.2578125 0.484375 0.025 0.01953125
2 0.34140625 0.4853515625 0.0359375 0.037109375
2 0.40859375 0.47265625 0.0109375 0.01171875
2 0.43203125 0.4697265625 0.0140625 0.013671875
2 0.4515625 0.4697265625 0.0125 0.013671875
2 0.240625 0.4853515625 0.015625 0.017578125
2 0.38046875 0.474609375 0.0359375 0.01953125
