2 0.62734375 0.4619140625 0.0546875 0.037109375
2 0.54921875 0.4970703125 0.1046875 0.087890625
2 0.51875 0.470703125 0.071875 0.078125
2 0.48359375 0.47265625 0.0203125 0.0625
2 0.4703125 0.4736328125 0.015625 0.044921875
2 0.46015625 0.4697265625 0.0171875 0.025390625
2 0.45703125 0.4619140625 0.0265625 0.033203125
2 0.31328125 0.4658203125 0.0859375 0.107421875
2 0.36640625 0.4658203125 0.0203125 0.021484375
2 0.3875 0.46484375 0.0125 0.01171875
2 0.37734375 0.46484375 0.0078125 0.015625
2 0.42109375 0.4658203125 0.0109375 0.009765625
2 0.07890625 0.443359375 0.1171875 0.0546875
2 0.14375 0.4453125 0.078125 0.046875
2 0.1984375 0.4462890625 0.05 0.044921875
2 0.23515625 0.4501953125 0.0328125 0.029296875
