0 0.08046875 0.478515625 0.0171875 0.08203125
0 0.10546875 0.47265625 0.0203125 0.0859375
0 0.18125 0.47265625 0.034375 0.06640625
0 0.6703125 0.49609375 0.059375 0.1796875
0 0.60234375 0.455078125 0.0171875 0.08203125
0 0.53125 0.462890625 0.0375 0.078125
0 0.56796875 0.458984375 0.0203125 0.078125
0 0.58203125 0.45703125 0.0171875 0.078125
0 0.796875 0.484375 0.065625 0.19140625
0 0.77890625 0.486328125 0.0421875 0.19140625
1 0.39765625 0.486328125 0.0734375 0.05859375
2 0.26796875 0.4716796875 0.0578125 0.052734375
2 0.4265625 0.4580078125 0.021875 0.025390625
2 0.46171875 0.4580078125 0.0140625 0.013671875
2 0.484375 0.4560546875 0.015625 0.013671875
2 0.49765625 0.45703125 0.0078125 0.0078125
2 0.52578125 0.4619140625 0.0390625 0.041015625
