4 0.49921875 0.38671875 0.0203125 0.0234375
4 0.51953125 0.388671875 0.0203125 0.02734375
6 0.665625 0.3935546875 0.01875 0.013671875
2 0.50078125 0.396484375 0.0109375 0.01171875
2 0.47734375 0.3935546875 0.0109375 0.009765625
2 0.4859375 0.392578125 0.00625 0.0078125
2 0.55078125 0.396484375 0.0140625 0.015625
2 0.57421875 0.4091796875 0.0203125 0.021484375
2 0.590625 0.4150390625 0.03125 0.029296875
2 0.51640625 0.453125 0.0984375 0.09375
2 0.56328125 0.39453125 0.0109375 0.01171875
2 0.57265625 0.392578125 0.0109375 0.01171875
2 0.58515625 0.39453125 0.0109375 0.01171875
2 0.59765625 0.3955078125 0.0109375 0.009765625
2 0.61796875 0.3974609375 0.0171875 0.013671875
2 0.63125 0.3994140625 0.015625 0.013671875
2 0.6484375 0.400390625 0.015625 0.015625
2 0.6625 0.404296875 0.0125 0.01171875
2 0.67421875 0.4052734375 0.0140625 0.013671875
2 0.70078125 0.4072265625 0.0140625 0.017578125
2 0.709375 0.41015625 0.015625 0.015625
2 0.73046875 0.4140625 0.0234375 0.015625
2 0.74765625 0.416015625 0.0109375 0.015625
2 0.76796875 0.41796875 0.0296875 0.01953125
2 0.95859375 0.42578125 0.0828125 0.1015625
2 0.9015625 0.4306640625 0.03125 0.056640625
2 0.86484375 0.4326171875 0.0453125 0.048828125
2 0.83359375 0.421875 0.0234375 0.0234375
2 0.8078125 0.4208984375 0.028125 0.021484375
