0 0.01953125 0.5009765625 0.0171875 0.064453125
0 0.0421875 0.5048828125 0.015625 0.048828125
0 0.0546875 0.498046875 0.01875 0.0625
0 0.08359375 0.49609375 0.0203125 0.06640625
0 0.10703125 0.4931640625 0.0140625 0.060546875
0 0.12734375 0.4931640625 0.0140625 0.060546875
0 0.1859375 0.490234375 0.009375 0.0390625
0 0.1953125 0.4912109375 0.009375 0.037109375
0 0.20390625 0.4921875 0.0078125 0.03515625
0 0.21953125 0.4921875 0.0109375 0.0390625
0 0.25703125 0.48828125 0.0109375 0.0390625
0 0.29375 0.4921875 0.00625 0.02734375
0 0.3234375 0.4892578125 0.00625 0.025390625
0 0.3046875 0.4912109375 0.00625 0.029296875
0 0.14140625 0.4931640625 0.0109375 0.048828125
0 0.165625 0.490234375 0.015625 0.05078125
6 0.48203125 0.474609375 0.0359375 0.05078125
2 0.5328125 0.5029296875 0.10625 0.107421875
2 0.40546875 0.4892578125 0.0265625 0.025390625
0 0.93984375 0.390625 0.0203125 0.0703125
0 0.9140625 0.39453125 0.025 0.07421875
