0 0.4640625 0.4580078125 0.00625 0.013671875
1 0.48203125 0.4697265625 0.0109375 0.021484375
2 0.5828125 0.462890625 0.025 0.02734375
2 0.4234375 0.46484375 0.0375 0.03125
2 0.3953125 0.470703125 0.025 0.04296875
2 0.37578125 0.4716796875 0.0359375 0.048828125
2 0.34765625 0.4765625 0.0453125 0.05859375
2 0.2953125 0.4765625 0.071875 0.08203125
2 0.24296875 0.4873046875 0.0859375 0.087890625
2 0.1625 0.4990234375 0.115625 0.103515625
2 0.06328125 0.52734375 0.1265625 0.15625
2 0.02265625 0.4423828125 0.0453125 0.025390625
2 0.69921875 0.513671875 0.1296875 0.12109375
