1 0.4484375 0.5244140625 0.134375 0.095703125
6 0.46875 0.4482421875 0.034375 0.025390625
2 0.54921875 0.46875 0.0828125 0.0859375
2 0.50078125 0.462890625 0.0359375 0.05078125
2 0.48125 0.466796875 0.0125 0.02734375
2 0.47421875 0.462890625 0.0140625 0.0234375
2 0.46484375 0.4609375 0.0171875 0.01953125
2 0.39921875 0.4609375 0.0109375 0.01171875
2 0.38984375 0.4619140625 0.0140625 0.013671875
2 0.3796875 0.4619140625 0.0125 0.013671875
2 0.36953125 0.462890625 0.0171875 0.015625
2 0.35 0.4716796875 0.046875 0.037109375
2 0.29296875 0.4736328125 0.0203125 0.048828125
2 0.27109375 0.4736328125 0.0484375 0.052734375
2 0.2546875 0.4814453125 0.0375 0.052734375
2 0.21015625 0.484375 0.0734375 0.0625
2 0.17578125 0.4677734375 0.0328125 0.029296875
2 0.23125 0.451171875 0.034375 0.0234375
2 0.13046875 0.4638671875 0.0390625 0.041015625
2 0.11875 0.4736328125 0.03125 0.029296875
2 0.059375 0.4716796875 0.090625 0.056640625
2 0.0234375 0.47265625 0.046875 0.05859375
2 0.3203125 0.4716796875 0.025 0.029296875
