0 0.69296875 0.5107421875 0.0171875 0.037109375
0 0.715625 0.5068359375 0.015625 0.033203125
0 0.1578125 0.505859375 0.01875 0.03125
0 0.21640625 0.5009765625 0.0140625 0.017578125
0 0.2421875 0.5009765625 0.0125 0.013671875
2 0.95234375 0.537109375 0.0953125 0.08203125
2 0.8359375 0.5634765625 0.275 0.130859375
2 0.61328125 0.5732421875 0.3359375 0.158203125
2 0.36640625 0.5400390625 0.1921875 0.107421875
2 0.27578125 0.56640625 0.2296875 0.12109375
2 0.128125 0.5771484375 0.25625 0.158203125
2 0.0953125 0.677734375 0.190625 0.3203125
2 0.60234375 0.5078125 0.1609375 0.0546875
