0 0.85078125 0.4560546875 0.0078125 0.033203125
0 0.8140625 0.4755859375 0.0125 0.041015625
0 0.8046875 0.4794921875 0.009375 0.037109375
0 0.7921875 0.4736328125 0.009375 0.029296875
0 0.7828125 0.474609375 0.009375 0.03125
0 0.775 0.4765625 0.00625 0.0234375
0 0.30546875 0.4833984375 0.0109375 0.017578125
0 0.31796875 0.48828125 0.0078125 0.01953125
0 0.325 0.486328125 0.00625 0.01953125
0 0.33515625 0.4853515625 0.0078125 0.021484375
0 0.4453125 0.4765625 0.00625 0.0234375
0 0.4578125 0.474609375 0.00625 0.015625
2 0.90078125 0.4755859375 0.1078125 0.048828125
2 0.69453125 0.478515625 0.0265625 0.0390625
2 0.621875 0.48828125 0.025 0.0234375
2 0.66328125 0.4833984375 0.0546875 0.056640625
2 0.5015625 0.4931640625 0.0625 0.056640625
2 0.45390625 0.498046875 0.0328125 0.03515625
2 0.359375 0.5029296875 0.09375 0.044921875
2 0.1171875 0.4921875 0.05625 0.03125
2 0.075 0.501953125 0.103125 0.04296875
2 0.21015625 0.5322265625 0.2078125 0.138671875
