4 0.3828125 0.4609375 0.021875 0.03125
0 0.64921875 0.4521484375 0.0265625 0.068359375
0 0.5890625 0.45703125 0.015625 0.05078125
0 0.5734375 0.462890625 0.0125 0.046875
0 0.56015625 0.4619140625 0.0140625 0.056640625
1 0.4484375 0.4736328125 0.00625 0.013671875
2 0.03359375 0.5029296875 0.0671875 0.130859375
2 0.13828125 0.4892578125 0.1046875 0.087890625
2 0.240625 0.48046875 0.0625 0.0546875
2 0.3 0.4736328125 0.040625 0.044921875
2 0.328125 0.474609375 0.025 0.03125
2 0.33984375 0.46875 0.0203125 0.02734375
2 0.35859375 0.4697265625 0.0140625 0.017578125
2 0.36796875 0.4677734375 0.0078125 0.013671875
2 0.3875 0.4697265625 0.021875 0.021484375
