0 0.81484375 0.494140625 0.0453125 0.12890625
0 0.78515625 0.5 0.0296875 0.109375
0 0.75625 0.5 0.028125 0.109375
0 0.5046875 0.48828125 0.009375 0.02734375
0 0.18203125 0.5 0.0390625 0.12109375
0 0.8984375 0.5810546875 0.203125 0.427734375
0 0.20546875 0.490234375 0.0109375 0.03125
1 0.0578125 0.5078125 0.040625 0.03515625
2 0.33359375 0.4921875 0.0203125 0.02734375
2 0.31875 0.494140625 0.025 0.0234375
2 0.26875 0.4970703125 0.025 0.021484375
2 0.1296875 0.509765625 0.103125 0.109375
2 0.38203125 0.4912109375 0.0234375 0.029296875
2 0.43359375 0.5048828125 0.0921875 0.091796875
