4 0.1203125 0.5283203125 0.240625 0.310546875
0 0.75 0.5390625 0.015625 0.0625
0 0.7375 0.5341796875 0.009375 0.044921875
0 0.721875 0.541015625 0.0125 0.0546875
0 0.67890625 0.529296875 0.0109375 0.0390625
0 0.65078125 0.5283203125 0.0078125 0.025390625
0 0.3609375 0.5771484375 0.034375 0.095703125
0 0.27578125 0.5537109375 0.0140625 0.056640625
0 0.3296875 0.55078125 0.021875 0.0546875
0 0.3046875 0.54296875 0.009375 0.0390625
0 0.3125 0.5380859375 0.009375 0.037109375
2 0.509375 0.634765625 0.215625 0.22265625
2 0.925 0.560546875 0.046875 0.0546875
2 0.39140625 0.5390625 0.0421875 0.02734375
2 0.43203125 0.53515625 0.0390625 0.03125
