0 0.86875 0.591796875 0.01875 0.0625
0 0.753125 0.5966796875 0.0375 0.087890625
0 0.73359375 0.59765625 0.0265625 0.08984375
0 0.64921875 0.5595703125 0.0171875 0.025390625
0 0.66953125 0.56640625 0.0140625 0.0390625
0 0.69765625 0.5673828125 0.0140625 0.044921875
0 0.6875 0.5712890625 0.01875 0.048828125
0 0.5515625 0.5810546875 0.0125 0.044921875
0 0.53828125 0.57421875 0.0171875 0.046875
0 0.49140625 0.564453125 0.0109375 0.02734375
0 0.3515625 0.5732421875 0.015625 0.041015625
0 0.24921875 0.55859375 0.0171875 0.046875
0 0.2265625 0.580078125 0.025 0.046875
0 0.1921875 0.5771484375 0.021875 0.048828125
2 0.28984375 0.6123046875 0.1234375 0.107421875
2 0.446875 0.5693359375 0.1125 0.052734375
2 0.425 0.6875 0.21875 0.21484375
