4 0.25625 0.5341796875 0.096875 0.068359375
0 0.01171875 0.572265625 0.0234375 0.15625
0 0.028125 0.5400390625 0.00625 0.029296875
0 0.0359375 0.5400390625 0.00625 0.029296875
0 0.05546875 0.5361328125 0.0109375 0.041015625
0 0.0921875 0.595703125 0.053125 0.21875
0 0.125 0.587890625 0.034375 0.1640625
0 0.425 0.5634765625 0.01875 0.064453125
0 0.47109375 0.564453125 0.0140625 0.06640625
0 0.48125 0.5654296875 0.009375 0.064453125
0 0.68046875 0.5830078125 0.0296875 0.095703125
0 0.71328125 0.59375 0.0296875 0.0859375
0 0.7328125 0.595703125 0.03125 0.1015625
0 0.7578125 0.6025390625 0.021875 0.099609375
0 0.8828125 0.625 0.040625 0.13671875
0 0.38828125 0.53515625 0.0140625 0.01953125
0 0.04296875 0.5380859375 0.0078125 0.029296875
2 0.1984375 0.55078125 0.01875 0.03515625
2 0.275 0.56640625 0.04375 0.0546875
2 0.33984375 0.6005859375 0.1421875 0.134765625
