0 0.15859375 0.556640625 0.0390625 0.046875
0 0.125 0.5615234375 0.028125 0.044921875
2 0.92421875 0.82421875 0.1515625 0.3515625
2 0.834375 0.67578125 0.31875 0.30078125
2 0.6359375 0.630859375 0.134375 0.14453125
2 0.58125 0.587890625 0.06875 0.08203125
2 0.5453125 0.576171875 0.03125 0.0546875
2 0.53203125 0.5654296875 0.0390625 0.048828125
2 0.51171875 0.556640625 0.0328125 0.04296875
2 0.14609375 0.6943359375 0.2921875 0.232421875
2 0.49296875 0.5498046875 0.0234375 0.021484375
2 0.4609375 0.54296875 0.04375 0.01953125
2 0.44921875 0.5859375 0.1234375 0.0625
2 0.409375 0.7060546875 0.26875 0.306640625
2 0.475 0.5322265625 0.015625 0.013671875
