0 0.9796875 0.48046875 0.015625 0.06640625
0 0.89140625 0.48046875 0.0203125 0.07421875
0 0.72265625 0.4521484375 0.0078125 0.021484375
0 0.61171875 0.4482421875 0.0078125 0.021484375
0 0.36640625 0.45703125 0.0109375 0.02734375
0 0.37734375 0.46484375 0.0109375 0.04296875
0 0.38828125 0.46484375 0.0109375 0.03515625
0 0.1953125 0.4755859375 0.015625 0.060546875
0 0.1515625 0.4970703125 0.025 0.072265625
1 0.9265625 0.490234375 0.028125 0.0390625
1 0.8640625 0.5322265625 0.03125 0.083984375
2 0.628125 0.447265625 0.021875 0.0234375
2 0.609375 0.44140625 0.0125 0.015625
2 0.5984375 0.44140625 0.009375 0.0078125
2 0.528125 0.4755859375 0.034375 0.044921875
2 0.50625 0.4833984375 0.053125 0.048828125
2 0.49140625 0.453125 0.0203125 0.01953125
2 0.475 0.462890625 0.034375 0.03515625
