0 0.559375 0.4951171875 0.04375 0.146484375
0 0.50859375 0.4921875 0.0421875 0.14453125
0 0.37890625 0.47265625 0.0140625 0.0625
0 0.3421875 0.4765625 0.01875 0.0625
0 0.3984375 0.4765625 0.025 0.05859375
2 0.04921875 0.501953125 0.0984375 0.15234375
2 0.10703125 0.4912109375 0.1765625 0.134765625
2 0.178125 0.484375 0.096875 0.08984375
2 0.9109375 0.5185546875 0.178125 0.263671875
2 0.8109375 0.51171875 0.121875 0.19921875
2 0.71953125 0.5205078125 0.1234375 0.130859375
2 0.69765625 0.5009765625 0.1890625 0.146484375
2 0.60703125 0.4912109375 0.0609375 0.119140625
2 0.559375 0.48046875 0.053125 0.08203125
2 0.44609375 0.474609375 0.0640625 0.0625
2 0.48125 0.4765625 0.084375 0.0703125
2 0.2546875 0.4638671875 0.0375 0.033203125
2 0.27265625 0.4658203125 0.0265625 0.029296875
2 0.30859375 0.4619140625 0.0359375 0.021484375
