0 0.35390625 0.505859375 0.0078125 0.03125
0 0.03984375 0.5 0.0171875 0.0546875
0 0.16875 0.5146484375 0.025 0.076171875
0 0.13515625 0.513671875 0.0265625 0.08203125
0 0.15078125 0.517578125 0.0203125 0.07421875
2 0.88203125 0.7080078125 0.2359375 0.498046875
2 0.6734375 0.525390625 0.053125 0.05078125
2 0.6265625 0.5166015625 0.040625 0.037109375
2 0.55390625 0.5185546875 0.0609375 0.052734375
2 0.503125 0.5107421875 0.0125 0.013671875
2 0.4984375 0.5087890625 0.0125 0.013671875
2 0.47734375 0.509765625 0.0140625 0.015625
2 0.5140625 0.5 0.00625 0.0078125
2 0.43125 0.4951171875 0.071875 0.099609375
2 0.37578125 0.5126953125 0.0390625 0.029296875
2 0.521875 0.4990234375 0.009375 0.009765625
