4 0.73359375 0.5048828125 0.3578125 0.173828125
0 0.00625 0.5390625 0.0125 0.0546875
0 0.0203125 0.5263671875 0.015625 0.048828125
0 0.0375 0.5322265625 0.0125 0.056640625
0 0.09609375 0.5458984375 0.0140625 0.052734375
0 0.1109375 0.541015625 0.0125 0.05078125
0 0.12890625 0.5263671875 0.0109375 0.033203125
0 0.1734375 0.5244140625 0.009375 0.037109375
0 0.18984375 0.5107421875 0.0109375 0.037109375
0 0.23203125 0.4990234375 0.0140625 0.033203125
0 0.23046875 0.541015625 0.0140625 0.05078125
0 0.246875 0.5390625 0.015625 0.046875
0 0.275 0.5390625 0.0125 0.046875
0 0.28515625 0.537109375 0.0109375 0.05078125
0 0.296875 0.537109375 0.0125 0.0390625
0 0.3125 0.5341796875 0.009375 0.037109375
0 0.33359375 0.5361328125 0.0171875 0.052734375
0 0.32109375 0.5380859375 0.0078125 0.044921875
0 0.36640625 0.5341796875 0.0109375 0.052734375
0 0.353125 0.5341796875 0.0125 0.048828125
0 0.38515625 0.5390625 0.0109375 0.046875
0 0.3765625 0.52734375 0.009375 0.0390625
0 0.14765625 0.654296875 0.0703125 0.328125
2 0.7296875 0.64453125 0.228125 0.2109375
2 0.43203125 0.58203125 0.1234375 0.125
2 0.5 0.5576171875 0.05 0.064453125
2 0.53984375 0.541015625 0.0296875 0.03515625
2 0.50625 0.521484375 0.034375 0.02734375
