0 0.0390625 0.5068359375 0.040625 0.111328125
0 0.08125 0.509765625 0.053125 0.1015625
0 0.6546875 0.4833984375 0.015625 0.025390625
2 0.44765625 0.486328125 0.0609375 0.046875
2 0.578125 0.529296875 0.303125 0.1796875
2 0.69453125 0.4873046875 0.0578125 0.021484375
2 0.63828125 0.4853515625 0.0296875 0.025390625
2 0.7578125 0.4912109375 0.05 0.025390625
2 0.78125 0.513671875 0.10625 0.05078125
2 0.8328125 0.513671875 0.053125 0.046875
2 0.87109375 0.494140625 0.0578125 0.03125
2 0.94296875 0.5400390625 0.1140625 0.138671875
