4 0.9125 0.564453125 0.175 0.87109375
0 0.29140625 0.57421875 0.0328125 0.046875
0 0.2609375 0.568359375 0.021875 0.02734375
2 0.778125 0.708984375 0.190625 0.296875
2 0.70234375 0.634765625 0.1640625 0.1796875
2 0.603125 0.615234375 0.08125 0.09765625
2 0.5796875 0.5888671875 0.046875 0.060546875
2 0.55078125 0.578125 0.0328125 0.046875
2 0.534375 0.5673828125 0.03125 0.033203125
2 0.51484375 0.560546875 0.0203125 0.01953125
2 0.48984375 0.5546875 0.0328125 0.015625
2 0.49453125 0.5908203125 0.0765625 0.056640625
2 0.45234375 0.6748046875 0.1953125 0.228515625
2 0.3515625 0.6201171875 0.09375 0.099609375
2 0.22109375 0.6767578125 0.2515625 0.189453125
2 0.5 0.546875 0.015625 0.01171875
