0 0.66640625 0.4560546875 0.0390625 0.130859375
0 0.6375 0.451171875 0.0375 0.1171875
0 0.50703125 0.4462890625 0.0234375 0.091796875
0 0.4828125 0.4580078125 0.05 0.111328125
0 0.4265625 0.45703125 0.05 0.109375
0 0.39921875 0.46484375 0.0296875 0.10546875
0 0.18046875 0.4638671875 0.0453125 0.103515625
0 0.146875 0.4609375 0.028125 0.1171875
0 0.14765625 0.46875 0.0484375 0.10546875
2 0.44921875 0.455078125 0.0296875 0.05078125
2 0.35625 0.44921875 0.015625 0.015625
2 0.09921875 0.45703125 0.0765625 0.0625
