0 0.79375 0.56640625 0.009375 0.0234375
0 0.77578125 0.568359375 0.0109375 0.01953125
0 0.73203125 0.572265625 0.0078125 0.01171875
0 0.3640625 0.583984375 0.015625 0.05078125
0 0.31015625 0.58203125 0.0234375 0.10546875
0 0.32578125 0.5927734375 0.0171875 0.083984375
0 0.40625 0.56640625 0.0125 0.01171875
0 0.42109375 0.56640625 0.0046875 0.01171875
0 0.42578125 0.5654296875 0.0046875 0.013671875
0 0.60546875 0.56640625 0.0078125 0.015625
2 0.446875 0.6875 0.234375 0.23046875
2 0.5171875 0.576171875 0.115625 0.1640625
2 0.0625 0.58203125 0.11875 0.0546875
