0 0.10546875 0.5458984375 0.0265625 0.037109375
0 0.146875 0.5439453125 0.025 0.029296875
0 0.2046875 0.5478515625 0.015625 0.037109375
0 0.21875 0.546875 0.0125 0.04296875
0 0.2265625 0.546875 0.009375 0.0234375
0 0.31796875 0.5380859375 0.0171875 0.037109375
0 0.5359375 0.5478515625 0.015625 0.033203125
0 0.56328125 0.546875 0.0140625 0.03125
0 0.5796875 0.576171875 0.01875 0.07421875
0 0.65703125 0.568359375 0.0203125 0.06640625
0 0.63828125 0.572265625 0.0171875 0.0703125
0 0.671875 0.5517578125 0.0125 0.041015625
0 0.85234375 0.576171875 0.0171875 0.09765625
0 0.87109375 0.5693359375 0.0234375 0.107421875
0 0.90390625 0.5419921875 0.0140625 0.033203125
0 0.91328125 0.5400390625 0.0109375 0.029296875
0 0.8953125 0.5419921875 0.009375 0.029296875
0 0.8859375 0.5419921875 0.009375 0.025390625
0 0.05390625 0.5537109375 0.0203125 0.025390625
2 0.0578125 0.6279296875 0.115625 0.126953125
2 0.134375 0.5732421875 0.078125 0.037109375
2 0.196875 0.6572265625 0.221875 0.181640625
2 0.275 0.583984375 0.078125 0.08203125
2 0.35 0.583984375 0.084375 0.08984375
2 0.4390625 0.681640625 0.20625 0.23046875
2 0.48046875 0.58203125 0.0921875 0.05859375
2 0.459375 0.5478515625 0.034375 0.009765625
2 0.484375 0.54296875 0.03125 0.01953125
2 0.51171875 0.552734375 0.0234375 0.0390625
