0 0.15546875 0.4501953125 0.0140625 0.048828125
0 0.3171875 0.451171875 0.009375 0.0234375
0 0.328125 0.451171875 0.009375 0.0234375
0 0.6 0.4443359375 0.0125 0.044921875
0 0.78046875 0.4580078125 0.0328125 0.091796875
0 0.75078125 0.45703125 0.0171875 0.07421875
0 0.721875 0.4619140625 0.028125 0.091796875
0 0.734375 0.45703125 0.015625 0.08984375
2 0.0796875 0.525390625 0.159375 0.34375
2 0.41796875 0.451171875 0.0171875 0.0234375
2 0.3828125 0.45703125 0.0625 0.0546875
2 0.46796875 0.45703125 0.0859375 0.09765625
