0 0.45625 0.451171875 0.009375 0.0234375
0 0.421875 0.4658203125 0.0125 0.033203125
0 0.4171875 0.4638671875 0.00625 0.029296875
0 0.4015625 0.466796875 0.00625 0.0234375
0 0.40703125 0.4658203125 0.0078125 0.025390625
0 0.39296875 0.46875 0.0078125 0.0234375
0 0.38671875 0.46484375 0.0046875 0.01171875
0 0.05546875 0.458984375 0.0140625 0.05078125
0 0.653125 0.505859375 0.05625 0.125
0 0.66875 0.5009765625 0.065625 0.134765625
0 0.70625 0.521484375 0.046875 0.1171875
2 0.3203125 0.4677734375 0.025 0.029296875
2 0.27734375 0.4658203125 0.0578125 0.048828125
2 0.13125 0.4677734375 0.065625 0.056640625
2 0.01484375 0.4716796875 0.0296875 0.068359375
2 0.20859375 0.46875 0.0921875 0.08984375
2 0.475 0.4697265625 0.090625 0.041015625
