1 0.59375 0.5048828125 0.009375 0.041015625
2 0.08046875 0.4951171875 0.1421875 0.130859375
2 0.190625 0.494140625 0.0875 0.078125
2 0.24296875 0.4814453125 0.0640625 0.072265625
2 0.29140625 0.4814453125 0.0421875 0.052734375
2 0.31640625 0.4765625 0.0421875 0.05078125
2 0.41328125 0.4697265625 0.0265625 0.025390625
2 0.44375 0.46875 0.040625 0.0390625
2 0.46953125 0.466796875 0.0140625 0.015625
2 0.48203125 0.46875 0.0140625 0.015625
2 0.578125 0.46875 0.0875 0.03125
2 0.49296875 0.466796875 0.0109375 0.015625
2 0.503125 0.46875 0.009375 0.0078125
2 0.51328125 0.466796875 0.0078125 0.0078125
2 0.5203125 0.466796875 0.00625 0.0078125
