0 0.18984375 0.5556640625 0.0421875 0.041015625
0 0.15 0.560546875 0.03125 0.046875
0 0.02421875 0.583984375 0.0234375 0.09765625
2 0.9 0.791015625 0.2 0.41796875
2 0.790625 0.658203125 0.271875 0.26171875
2 0.61953125 0.625 0.1171875 0.12109375
2 0.60703125 0.5712890625 0.0734375 0.033203125
2 0.5765625 0.583984375 0.0625 0.08203125
2 0.54453125 0.5732421875 0.0296875 0.052734375
2 0.53125 0.5634765625 0.0375 0.044921875
2 0.51796875 0.5546875 0.0359375 0.04296875
2 0.49296875 0.5478515625 0.0234375 0.025390625
2 0.4625 0.5419921875 0.04375 0.021484375
2 0.47109375 0.5810546875 0.0734375 0.056640625
2 0.4171875 0.693359375 0.253125 0.28515625
2 0.19609375 0.666015625 0.2359375 0.1953125
