0 0.265625 0.49609375 0.015625 0.046875
0 0.27421875 0.494140625 0.0109375 0.046875
0 0.58515625 0.5029296875 0.0140625 0.048828125
0 0.60078125 0.5029296875 0.0109375 0.052734375
0 0.6171875 0.498046875 0.0125 0.046875
0 0.77265625 0.5078125 0.0171875 0.0625
0 0.74296875 0.4892578125 0.0140625 0.025390625
0 0.8671875 0.4990234375 0.025 0.029296875
0 0.02578125 0.4970703125 0.0234375 0.076171875
0 0.00625 0.5029296875 0.0125 0.072265625
0 0.34609375 0.4853515625 0.0078125 0.013671875
0 0.4203125 0.486328125 0.00625 0.01171875
0 0.40390625 0.484375 0.0046875 0.01171875
2 0.5046875 0.5048828125 0.021875 0.037109375
2 0.52421875 0.4912109375 0.0234375 0.029296875
2 0.47890625 0.5224609375 0.0640625 0.068359375
