1 0.15 0.4765625 0.053125 0.0625
1 0.2703125 0.462890625 0.03125 0.046875
1 0.36328125 0.4560546875 0.0359375 0.041015625
1 0.41796875 0.451171875 0.0265625 0.03515625
1 0.46328125 0.4462890625 0.0234375 0.033203125
1 0.50703125 0.4453125 0.0140625 0.03515625
1 0.52265625 0.439453125 0.0078125 0.01953125
1 0.534375 0.4501953125 0.009375 0.025390625
1 0.54296875 0.44140625 0.0078125 0.015625
1 0.5546875 0.4453125 0.009375 0.02734375
1 0.571875 0.4423828125 0.009375 0.021484375
1 0.58125 0.44140625 0.009375 0.01953125
2 0.7796875 0.427734375 0.0625 0.07421875
2 0.06328125 0.4248046875 0.1265625 0.103515625
