0 0.07265625 0.435546875 0.0234375 0.0546875
0 0.04453125 0.4462890625 0.0140625 0.072265625
0 0.471875 0.451171875 0.0125 0.046875
0 0.61953125 0.439453125 0.0078125 0.0234375
0 0.63984375 0.4365234375 0.0078125 0.017578125
0 0.59375 0.439453125 0.009375 0.0234375
0 0.8234375 0.46875 0.046875 0.20703125
1 0.0203125 0.4921875 0.040625 0.078125
1 0.084375 0.4892578125 0.046875 0.076171875
1 0.096875 0.4873046875 0.046875 0.072265625
1 0.2765625 0.490234375 0.03125 0.0859375
1 0.5421875 0.4638671875 0.021875 0.056640625
1 0.5890625 0.45703125 0.01875 0.04296875
1 0.665625 0.498046875 0.034375 0.0859375
1 0.69921875 0.4833984375 0.0328125 0.115234375
1 0.74921875 0.4814453125 0.0421875 0.107421875
1 0.78046875 0.4970703125 0.0515625 0.130859375
1 0.8109375 0.50390625 0.046875 0.1328125
2 0.359375 0.44921875 0.115625 0.046875
14 0.15859375 0.580078125 0.0296875 0.0234375
