0 0.89921875 0.55078125 0.0234375 0.0625
0 0.75390625 0.5380859375 0.0140625 0.037109375
0 0.3328125 0.55859375 0.03125 0.07421875
0 0.4265625 0.53515625 0.0125 0.0390625
0 0.48203125 0.5361328125 0.0109375 0.029296875
0 0.5109375 0.5419921875 0.009375 0.033203125
0 0.403125 0.541015625 0.015625 0.02734375
2 0.2203125 0.5576171875 0.0375 0.029296875
2 0.09375 0.6884765625 0.1875 0.458984375
2 0.27890625 0.5478515625 0.0109375 0.013671875
2 0.26875 0.552734375 0.015625 0.01953125
2 0.25 0.5537109375 0.021875 0.021484375
2 0.575 0.6982421875 0.29375 0.302734375
2 0.58359375 0.5390625 0.0453125 0.0234375
2 0.7046875 0.537109375 0.021875 0.015625
2 0.73125 0.5302734375 0.025 0.017578125
2 0.659375 0.5390625 0.015625 0.015625
2 0.67421875 0.5400390625 0.0171875 0.017578125
2 0.68828125 0.53515625 0.0171875 0.015625
2 0.29609375 0.5537109375 0.0203125 0.017578125
