0 0.85078125 0.4140625 0.0296875 0.1484375
0 0.8046875 0.46875 0.053125 0.15625
0 0.73671875 0.451171875 0.0265625 0.13671875
0 0.7109375 0.4443359375 0.03125 0.123046875
0 0.67265625 0.4326171875 0.0234375 0.099609375
0 0.6390625 0.455078125 0.0375 0.1484375
0 0.60390625 0.4306640625 0.0140625 0.021484375
0 0.56328125 0.4453125 0.0171875 0.046875
0 0.04453125 0.4580078125 0.0171875 0.052734375
0 0.059375 0.4521484375 0.021875 0.048828125
2 0.4609375 0.4599609375 0.025 0.017578125
2 0.375 0.4580078125 0.0125 0.025390625
2 0.35703125 0.4560546875 0.0296875 0.033203125
