2 0.45078125 0.482421875 0.0546875 0.04296875
2 0.51328125 0.4658203125 0.0328125 0.033203125
2 0.53125 0.4638671875 0.0125 0.025390625
2 0.56875 0.4560546875 0.01875 0.017578125
2 0.55 0.458984375 0.0125 0.015625
2 0.56015625 0.4501953125 0.0109375 0.013671875
2 0.609375 0.4482421875 0.00625 0.009765625
2 0.58203125 0.4482421875 0.0078125 0.009765625
2 0.59921875 0.4453125 0.0046875 0.00390625
2 0.60234375 0.4482421875 0.0046875 0.005859375
0 0.41796875 0.4794921875 0.0171875 0.052734375
2 0.54375 0.4619140625 0.015625 0.017578125
