4 0.5421875 0.45703125 0.021875 0.01171875
0 0.0078125 0.603515625 0.015625 0.13671875
0 0.06484375 0.5732421875 0.0390625 0.123046875
0 0.11015625 0.529296875 0.0421875 0.08203125
0 0.91484375 0.4794921875 0.0265625 0.083984375
0 0.9890625 0.45703125 0.021875 0.046875
0 0.865625 0.4580078125 0.0125 0.021484375
0 0.88515625 0.4619140625 0.0140625 0.025390625
0 0.89921875 0.4580078125 0.0140625 0.025390625
0 0.875 0.4580078125 0.009375 0.021484375
0 0.26875 0.48828125 0.0125 0.0390625
0 0.68125 0.4658203125 0.01875 0.052734375
0 0.94609375 0.462890625 0.0265625 0.05859375
1 0.575 0.4794921875 0.03125 0.025390625
1 0.51875 0.4853515625 0.078125 0.060546875
2 0.078125 0.845703125 0.15625 0.30859375
2 0.2328125 0.6298828125 0.303125 0.248046875
2 0.9296875 0.6259765625 0.140625 0.294921875
2 0.62265625 0.681640625 0.3390625 0.35546875
2 0.834375 0.5400390625 0.1625 0.154296875
2 0.6484375 0.4658203125 0.096875 0.044921875
2 0.60390625 0.50390625 0.1171875 0.03125
2 0.3640625 0.4912109375 0.0625 0.041015625
2 0.596875 0.47265625 0.0375 0.03125
2 0.5578125 0.4765625 0.040625 0.03515625
2 0.440625 0.482421875 0.021875 0.03125
2 0.453125 0.48046875 0.015625 0.02734375
2 0.4625 0.478515625 0.0125 0.02734375
