0 0.72890625 0.54296875 0.0109375 0.03515625
0 0.7109375 0.55078125 0.015625 0.0546875
0 0.7 0.5537109375 0.015625 0.048828125
0 0.8875 0.544921875 0.01875 0.0625
0 0.8609375 0.546875 0.021875 0.06640625
2 0.02890625 0.568359375 0.0578125 0.03515625
2 0.0890625 0.5634765625 0.053125 0.037109375
2 0.1171875 0.61328125 0.128125 0.09375
2 0.28828125 0.576171875 0.0453125 0.04296875
2 0.50546875 0.5810546875 0.0640625 0.060546875
2 0.41796875 0.5908203125 0.0765625 0.076171875
2 0.340625 0.6484375 0.16875 0.14453125
2 0.82421875 0.544921875 0.0546875 0.03515625
2 0.65078125 0.552734375 0.0390625 0.03125
2 0.128125 0.5556640625 0.021875 0.025390625
