0 0.2390625 0.462890625 0.009375 0.03515625
0 0.2515625 0.4638671875 0.0125 0.037109375
0 0.26875 0.4619140625 0.0125 0.041015625
0 0.2859375 0.462890625 0.009375 0.03125
0 0.30390625 0.4609375 0.0078125 0.03125
0 0.296875 0.458984375 0.00625 0.02734375
0 0.3171875 0.4619140625 0.00625 0.021484375
0 0.32109375 0.4619140625 0.0046875 0.021484375
0 0.38203125 0.4619140625 0.0078125 0.021484375
0 0.37421875 0.4619140625 0.0078125 0.021484375
0 0.328125 0.4609375 0.009375 0.0234375
0 0.3390625 0.4599609375 0.009375 0.025390625
0 0.34765625 0.4599609375 0.0078125 0.025390625
0 0.36015625 0.4599609375 0.0078125 0.025390625
0 0.63046875 0.47265625 0.0140625 0.0546875
0 0.6390625 0.4609375 0.0125 0.0546875
1 0.14453125 0.4765625 0.0171875 0.03125
2 0.496875 0.490234375 0.125 0.13671875
2 0.41875 0.4599609375 0.03125 0.033203125
14 0.62265625 0.482421875 0.0203125 0.0390625
