4 0.490625 0.4423828125 0.06875 0.091796875
0 0.17734375 0.4775390625 0.0140625 0.048828125
0 0.5328125 0.46484375 0.0125 0.0390625
0 0.590625 0.4619140625 0.0125 0.048828125
0 0.6265625 0.45703125 0.009375 0.04296875
0 0.61484375 0.4599609375 0.0140625 0.048828125
0 0.6390625 0.453125 0.0125 0.04296875
0 0.7234375 0.462890625 0.021875 0.07421875
0 0.7234375 0.4638671875 0.021875 0.068359375
0 0.7703125 0.4697265625 0.021875 0.095703125
0 0.8109375 0.46875 0.03125 0.09765625
2 0.32109375 0.4716796875 0.0484375 0.044921875
2 0.34765625 0.4677734375 0.0234375 0.029296875
2 0.36640625 0.46484375 0.0203125 0.0234375
2 0.38046875 0.4619140625 0.0109375 0.021484375
2 0.41640625 0.4697265625 0.0671875 0.076171875
