0 0.9046875 0.4794921875 0.028125 0.099609375
0 0.871875 0.4775390625 0.028125 0.095703125
0 0.81875 0.4765625 0.025 0.08984375
1 0.66484375 0.478515625 0.0140625 0.03125
1 0.51953125 0.4716796875 0.0109375 0.021484375
2 0.6390625 0.466796875 0.0875 0.04296875
2 0.47578125 0.4794921875 0.0671875 0.064453125
2 0.43359375 0.4658203125 0.0140625 0.017578125
2 0.44609375 0.4619140625 0.0078125 0.013671875
14 0.81484375 0.51953125 0.0140625 0.0078125
14 0.82734375 0.51953125 0.0109375 0.0078125
14 0.6515625 0.4921875 0.00625 0.0078125
