4 0.62109375 0.4775390625 0.0171875 0.025390625
0 0.0140625 0.5556640625 0.028125 0.060546875
0 0.1828125 0.5419921875 0.025 0.095703125
0 0.29609375 0.529296875 0.0203125 0.08203125
0 0.4328125 0.5068359375 0.0125 0.037109375
0 0.85703125 0.4931640625 0.0265625 0.083984375
0 0.825 0.484375 0.025 0.0703125
0 0.740625 0.4853515625 0.009375 0.037109375
0 0.71953125 0.4755859375 0.0078125 0.017578125
2 0.97265625 0.7451171875 0.0546875 0.326171875
2 0.69453125 0.505859375 0.0609375 0.0625
2 0.60703125 0.484375 0.0109375 0.01171875
2 0.59140625 0.486328125 0.0109375 0.01171875
2 0.5578125 0.4931640625 0.01875 0.025390625
2 0.53359375 0.513671875 0.0640625 0.06640625
2 0.49375 0.515625 0.01875 0.046875
2 0.46875 0.5205078125 0.05 0.060546875
2 0.121875 0.658203125 0.24375 0.19140625
