2 0.03203125 0.501953125 0.0640625 0.109375
2 0.1515625 0.5009765625 0.0375 0.025390625
2 0.215625 0.4912109375 0.021875 0.021484375
2 0.30390625 0.4951171875 0.0234375 0.029296875
2 0.30703125 0.4755859375 0.0171875 0.013671875
2 0.2640625 0.4736328125 0.0125 0.013671875
2 0.246875 0.48046875 0.0125 0.015625
2 0.23515625 0.4833984375 0.0140625 0.017578125
2 0.76796875 0.5205078125 0.1453125 0.076171875
2 0.48203125 0.5244140625 0.1453125 0.169921875
2 0.4125 0.5068359375 0.025 0.056640625
2 0.3890625 0.4873046875 0.021875 0.021484375
2 0.36640625 0.4814453125 0.0203125 0.021484375
2 0.34609375 0.4853515625 0.0234375 0.021484375
2 0.23515625 0.4697265625 0.0140625 0.009765625
2 0.225 0.4658203125 0.009375 0.013671875
14 0.29375 0.466796875 0.025 0.02734375
