0 0.584375 0.484375 0.028125 0.13671875
6 0.534375 0.44921875 0.0375 0.08203125
2 0.16484375 0.505859375 0.1890625 0.171875
2 0.27734375 0.4921875 0.0765625 0.12109375
2 0.32265625 0.498046875 0.0359375 0.07421875
6 0.3375 0.462890625 0.0875 0.1171875
2 0.39140625 0.4755859375 0.0234375 0.044921875
2 0.41171875 0.4716796875 0.0296875 0.037109375
2 0.48515625 0.4765625 0.0453125 0.04296875
2 0.58359375 0.4755859375 0.1046875 0.134765625
2 0.66171875 0.4755859375 0.0546875 0.091796875
2 0.74140625 0.5322265625 0.2109375 0.212890625
2 0.90625 0.54296875 0.16875 0.171875
