0 0.50625 0.453125 0.00625 0.01953125
0 0.5375 0.451171875 0.00625 0.01953125
0 0.5421875 0.451171875 0.00625 0.01953125
0 0.5828125 0.478515625 0.021875 0.078125
2 0.0828125 0.5439453125 0.165625 0.248046875
2 0.1875 0.5126953125 0.165625 0.146484375
2 0.2796875 0.4970703125 0.10625 0.091796875
2 0.34375 0.4765625 0.06875 0.0859375
2 0.3953125 0.4775390625 0.05 0.052734375
2 0.4140625 0.4677734375 0.040625 0.048828125
2 0.43828125 0.4697265625 0.0171875 0.037109375
2 0.43984375 0.462890625 0.0203125 0.04296875
2 0.47109375 0.458984375 0.0265625 0.02734375
2 0.48515625 0.4560546875 0.0140625 0.025390625
2 0.49453125 0.45703125 0.0078125 0.015625
2 0.4984375 0.4541015625 0.009375 0.017578125
2 0.525 0.4521484375 0.0125 0.013671875
2 0.55625 0.45703125 0.009375 0.015625
2 0.56640625 0.4609375 0.0203125 0.02734375
2 0.59609375 0.4677734375 0.0203125 0.033203125
2 0.62109375 0.4814453125 0.0609375 0.076171875
2 0.62109375 0.4931640625 0.0515625 0.064453125
2 0.65 0.5087890625 0.08125 0.095703125
2 0.7078125 0.53515625 0.115625 0.13671875
2 0.79609375 0.5791015625 0.1953125 0.220703125
2 0.89375 0.6396484375 0.2125 0.505859375
2 0.8421875 0.4599609375 0.1125 0.033203125
2 0.75078125 0.451171875 0.0578125 0.03515625
2 0.7015625 0.455078125 0.04375 0.0234375
2 0.5140625 0.453125 0.009375 0.01171875
2 0.27890625 0.4423828125 0.0734375 0.033203125
