2 0.98203125 0.490234375 0.0359375 0.0625
2 0.67265625 0.48828125 0.1015625 0.05078125
2 0.1609375 0.4794921875 0.1 0.076171875
2 0.240625 0.478515625 0.025 0.0234375
2 0.334375 0.474609375 0.01875 0.01953125
2 0.5484375 0.486328125 0.025 0.05078125
2 0.47109375 0.46875 0.1328125 0.16015625
2 0.38828125 0.47265625 0.0171875 0.015625
2 0.35234375 0.466796875 0.0140625 0.01171875
2 0.26796875 0.4736328125 0.0140625 0.013671875
2 0.275 0.462890625 0.009375 0.0078125
2 0.26640625 0.4599609375 0.0109375 0.013671875
2 0.25390625 0.455078125 0.0078125 0.0078125
2 0.01953125 0.4921875 0.0390625 0.0390625
2 0.096875 0.490234375 0.03125 0.03515625
14 0.3375 0.4560546875 0.015625 0.021484375
