0 0.14921875 0.4814453125 0.0234375 0.083984375
0 0.2390625 0.466796875 0.0125 0.046875
0 0.54765625 0.4677734375 0.0140625 0.048828125
1 0.27421875 0.4853515625 0.0203125 0.044921875
1 0.33671875 0.4892578125 0.0171875 0.041015625
1 0.46171875 0.490234375 0.0234375 0.05078125
1 0.5 0.4912109375 0.025 0.048828125
1 0.0828125 0.5380859375 0.05625 0.111328125
1 0.63359375 0.486328125 0.0296875 0.046875
1 0.67109375 0.541015625 0.0546875 0.109375
1 0.87734375 0.603515625 0.1140625 0.19140625
2 0.4203125 0.4658203125 0.021875 0.021484375
2 0.58359375 0.4853515625 0.0703125 0.072265625
2 0.7578125 0.505859375 0.13125 0.1328125
2 0.90234375 0.546875 0.1953125 0.20703125
