0 0.62421875 0.5 0.0109375 0.03515625
0 0.634375 0.4990234375 0.009375 0.029296875
0 0.64921875 0.5029296875 0.0078125 0.029296875
0 0.64296875 0.4990234375 0.0078125 0.029296875
0 0.66015625 0.4951171875 0.0078125 0.021484375
0 0.45625 0.4775390625 0.00625 0.009765625
1 0.6109375 0.552734375 0.021875 0.046875
2 0.4328125 0.5087890625 0.0625 0.064453125
2 0.5015625 0.5419921875 0.109375 0.107421875
2 0.521875 0.482421875 0.0125 0.01171875
2 0.49453125 0.4833984375 0.0203125 0.009765625
2 0.51328125 0.4765625 0.0109375 0.01171875
2 0.53203125 0.4794921875 0.0109375 0.009765625
2 0.553125 0.4755859375 0.00625 0.005859375
