2 0.9671875 0.439453125 0.065625 0.0625
2 0.88984375 0.4560546875 0.1265625 0.068359375
2 0.68515625 0.46875 0.1859375 0.08984375
2 0.5109375 0.4482421875 0.028125 0.029296875
2 0.521875 0.4287109375 0.01875 0.021484375
2 0.43984375 0.4287109375 0.0203125 0.017578125
2 0.41953125 0.4384765625 0.0109375 0.017578125
2 0.41171875 0.44140625 0.0140625 0.0234375
2 0.39609375 0.4482421875 0.0234375 0.033203125
2 0.38515625 0.4541015625 0.0265625 0.029296875
2 0.32421875 0.462890625 0.0703125 0.03515625
2 0.2046875 0.48046875 0.096875 0.0703125
2 0.03984375 0.49609375 0.0796875 0.109375
2 0.021875 0.56640625 0.04375 0.13671875
2 0.13203125 0.45703125 0.0390625 0.03515625
2 0.51953125 0.3779296875 0.0140625 0.017578125
