0 0.58984375 0.466796875 0.0078125 0.0234375
0 0.56328125 0.462890625 0.0078125 0.02734375
1 0.67734375 0.5546875 0.0265625 0.08203125
1 0.5421875 0.4716796875 0.00625 0.013671875
2 0.365625 0.46875 0.046875 0.0390625
2 0.3875 0.4638671875 0.0375 0.041015625
2 0.4125 0.462890625 0.01875 0.03515625
2 0.48671875 0.46484375 0.0296875 0.02734375
2 0.4625 0.46484375 0.01875 0.01953125
2 0.43125 0.46484375 0.025 0.02734375
2 0.50703125 0.4658203125 0.0109375 0.009765625
2 0.5171875 0.466796875 0.0125 0.01171875
