0 0.34453125 0.439453125 0.0046875 0.01953125
0 0.35078125 0.439453125 0.0046875 0.015625
0 0.3734375 0.435546875 0.00625 0.015625
0 0.36484375 0.4365234375 0.0046875 0.013671875
0 0.35546875 0.439453125 0.0046875 0.015625
0 0.37890625 0.4365234375 0.0046875 0.013671875
0 0.27890625 0.4501953125 0.0046875 0.013671875
0 0.271875 0.44921875 0.003125 0.01171875
6 0.45859375 0.419921875 0.0171875 0.01171875
2 0.45390625 0.4814453125 0.1078125 0.115234375
2 0.19453125 0.474609375 0.0703125 0.0546875
