0 0.90859375 0.5732421875 0.0265625 0.083984375
0 0.7171875 0.5693359375 0.0125 0.029296875
0 0.17734375 0.5966796875 0.0203125 0.068359375
0 0.1484375 0.5947265625 0.01875 0.068359375
0 0.34375 0.5791015625 0.021875 0.033203125
0 0.309375 0.568359375 0.009375 0.02734375
0 0.3015625 0.5673828125 0.00625 0.021484375
0 0.28984375 0.5693359375 0.0046875 0.029296875
0 0.296875 0.5673828125 0.00625 0.025390625
2 0.390625 0.5791015625 0.05 0.041015625
2 0.48203125 0.58984375 0.1296875 0.1953125
2 0.36953125 0.728515625 0.2609375 0.265625
