0 0.4734375 0.4599609375 0.009375 0.025390625
1 0.7609375 0.607421875 0.065625 0.140625
2 0.0625 0.51171875 0.125 0.125
2 0.16640625 0.4912109375 0.1171875 0.107421875
2 0.2484375 0.490234375 0.078125 0.07421875
2 0.403125 0.46484375 0.04375 0.04296875
2 0.4328125 0.466796875 0.01875 0.03125
2 0.446875 0.4638671875 0.021875 0.025390625
2 0.4625 0.462890625 0.0125 0.0234375
2 0.4875 0.45703125 0.01875 0.01953125
2 0.51015625 0.45703125 0.0109375 0.01171875
2 0.51953125 0.45703125 0.0078125 0.01171875
0 0.55078125 0.45703125 0.0046875 0.015625
0 0.54140625 0.45703125 0.0046875 0.015625
0 0.6515625 0.4580078125 0.009375 0.013671875
