2 0.6484375 0.517578125 0.09375 0.1015625
2 0.59765625 0.4833984375 0.0453125 0.052734375
2 0.56953125 0.478515625 0.0359375 0.046875
2 0.6890625 0.4697265625 0.0375 0.037109375
2 0.646875 0.4599609375 0.009375 0.009765625
2 0.62265625 0.4541015625 0.0078125 0.009765625
2 0.62734375 0.451171875 0.0078125 0.0078125
2 0.64140625 0.4482421875 0.0078125 0.009765625
2 0.65078125 0.4462890625 0.0078125 0.009765625
2 0.6703125 0.4541015625 0.009375 0.009765625
2 0.66484375 0.4482421875 0.0078125 0.009765625
2 0.62578125 0.4423828125 0.0046875 0.005859375
2 0.6359375 0.4423828125 0.00625 0.005859375
2 0.646875 0.44140625 0.00625 0.0078125
