0 0.934375 0.498046875 0.01875 0.0546875
0 0.74140625 0.5107421875 0.0203125 0.064453125
0 0.709375 0.5087890625 0.021875 0.068359375
0 0.6875 0.5078125 0.0125 0.05078125
0 0.66484375 0.5009765625 0.0171875 0.060546875
0 0.64609375 0.5048828125 0.0171875 0.060546875
0 0.2375 0.4951171875 0.021875 0.056640625
0 0.21484375 0.4990234375 0.0203125 0.064453125
0 0.18828125 0.490234375 0.0171875 0.0625
0 0.178125 0.4931640625 0.0125 0.060546875
0 0.25625 0.48046875 0.0125 0.0234375
0 0.265625 0.49609375 0.0125 0.05078125
1 0.58671875 0.529296875 0.0234375 0.05078125
2 0.5 0.5390625 0.11875 0.11328125
2 0.3484375 0.5234375 0.1 0.09375
2 0.4171875 0.4921875 0.03125 0.04296875
2 0.43515625 0.490234375 0.0140625 0.03125
2 0.453125 0.4951171875 0.01875 0.029296875
