0 0.8921875 0.4814453125 0.04375 0.138671875
0 0.8703125 0.4482421875 0.015625 0.041015625
0 0.91484375 0.4462890625 0.0171875 0.044921875
0 0.93671875 0.466796875 0.0234375 0.08203125
0 0.55 0.4716796875 0.009375 0.041015625
0 0.534375 0.4580078125 0.00625 0.029296875
1 0.76796875 0.6142578125 0.0890625 0.244140625
1 0.58828125 0.541015625 0.0546875 0.12890625
1 0.490625 0.5517578125 0.065625 0.134765625
1 0.2609375 0.478515625 0.021875 0.05078125
1 0.24296875 0.48046875 0.0234375 0.046875
1 0.28046875 0.4755859375 0.0203125 0.041015625
1 0.3015625 0.4697265625 0.01875 0.033203125
2 0.37265625 0.46484375 0.0265625 0.02734375
2 0.3953125 0.4619140625 0.01875 0.017578125
2 0.41640625 0.4609375 0.0234375 0.01953125
2 0.45078125 0.4619140625 0.0203125 0.025390625
