0 0.8875 0.5185546875 0.034375 0.126953125
0 0.84375 0.513671875 0.034375 0.13671875
0 0.81328125 0.51171875 0.0296875 0.11328125
0 0.77109375 0.5107421875 0.0265625 0.115234375
0 0.73828125 0.513671875 0.0328125 0.1484375
1 0.04296875 0.5302734375 0.0234375 0.044921875
2 0.1328125 0.51953125 0.128125 0.109375
2 0.2203125 0.5185546875 0.059375 0.060546875
2 0.25390625 0.51171875 0.0515625 0.05859375
2 0.28125 0.51171875 0.021875 0.046875
2 0.41953125 0.5009765625 0.0171875 0.017578125
2 0.39140625 0.5 0.0171875 0.0234375
