0 0.58125 0.4609375 0.015625 0.05078125
2 0.0546875 0.5146484375 0.109375 0.107421875
2 0.1265625 0.5009765625 0.0875 0.095703125
2 0.1890625 0.4931640625 0.06875 0.083984375
2 0.37265625 0.44921875 0.0421875 0.046875
2 0.34921875 0.4208984375 0.0296875 0.029296875
2 0.36953125 0.4189453125 0.0140625 0.017578125
2 0.390625 0.4306640625 0.03125 0.037109375
2 0.37265625 0.4072265625 0.0171875 0.013671875
2 0.45 0.4384765625 0.040625 0.037109375
2 0.4390625 0.4091796875 0.0125 0.013671875
2 0.43984375 0.396484375 0.0078125 0.0078125
2 0.7609375 0.5390625 0.1875 0.16015625
2 0.64609375 0.5166015625 0.1015625 0.099609375
2 0.53203125 0.4892578125 0.0640625 0.068359375
2 0.5125 0.4560546875 0.028125 0.033203125
2 0.5078125 0.4482421875 0.03125 0.033203125
2 0.4984375 0.4375 0.03125 0.03515625
2 0.48203125 0.4228515625 0.0203125 0.021484375
2 0.4703125 0.408203125 0.01875 0.01953125
2 0.4578125 0.40234375 0.009375 0.01171875
14 0.4109375 0.4013671875 0.021875 0.029296875
