0 0.703125 0.5234375 0.046875 0.11328125
0 0.6734375 0.5048828125 0.046875 0.138671875
0 0.653125 0.5068359375 0.040625 0.130859375
0 0.44921875 0.4501953125 0.0109375 0.025390625
0 0.4140625 0.466796875 0.00625 0.03125
0 0.42109375 0.4638671875 0.0109375 0.037109375
0 0.403125 0.46484375 0.009375 0.02734375
0 0.39609375 0.4658203125 0.0078125 0.021484375
0 0.38984375 0.46484375 0.0078125 0.0234375
0 0.3828125 0.466796875 0.00625 0.01953125
1 0.34453125 0.4775390625 0.0140625 0.029296875
2 0.4734375 0.4716796875 0.09375 0.041015625
2 0.29140625 0.4677734375 0.0296875 0.041015625
2 0.12734375 0.4794921875 0.0234375 0.060546875
2 0.0625 0.4814453125 0.125 0.181640625
2 0.26484375 0.46875 0.0515625 0.0546875
2 0.18671875 0.47265625 0.1109375 0.09765625
