0 0.70703125 0.5 0.0140625 0.0859375
0 0.690625 0.498046875 0.025 0.08984375
0 0.3375 0.4970703125 0.04375 0.123046875
0 0.24296875 0.4765625 0.0078125 0.04296875
0 0.03671875 0.5029296875 0.0265625 0.103515625
2 0.51640625 0.4873046875 0.0421875 0.044921875
2 0.4515625 0.4755859375 0.015625 0.017578125
2 0.43515625 0.47265625 0.0078125 0.0078125
2 0.421875 0.4716796875 0.009375 0.009765625
2 0.41328125 0.47265625 0.0109375 0.01171875
2 0.38046875 0.474609375 0.0140625 0.0234375
2 0.365625 0.4755859375 0.028125 0.029296875
2 0.3171875 0.4814453125 0.01875 0.029296875
2 0.3453125 0.482421875 0.0125 0.02734375
2 0.2796875 0.4892578125 0.05625 0.048828125
