0 0.98671875 0.4931640625 0.0265625 0.134765625
0 0.675 0.439453125 0.015625 0.03515625
0 0.21796875 0.484375 0.0265625 0.0546875
0 0.08046875 0.4619140625 0.0203125 0.072265625
0 0.05390625 0.46484375 0.0234375 0.078125
0 0.00703125 0.466796875 0.0140625 0.09765625
0 0.02265625 0.4609375 0.0203125 0.08203125
0 0.153125 0.443359375 0.0125 0.0234375
1 0.5421875 0.466796875 0.009375 0.0234375
1 0.55859375 0.4814453125 0.0109375 0.029296875
1 0.60546875 0.48046875 0.0109375 0.0390625
1 0.17734375 0.4814453125 0.0234375 0.048828125
1 0.10546875 0.46875 0.0328125 0.05078125
1 0.5765625 0.478515625 0.015625 0.05078125
2 0.42578125 0.56640625 0.3390625 0.25390625
