0 0.02109375 0.599609375 0.0234375 0.05078125
0 0.08203125 0.61328125 0.0296875 0.07421875
0 0.13046875 0.611328125 0.0390625 0.05859375
0 0.31796875 0.60546875 0.0140625 0.06640625
0 0.65625 0.57421875 0.00625 0.01953125
0 0.6515625 0.572265625 0.00625 0.01953125
0 0.76328125 0.580078125 0.0078125 0.04296875
0 0.7171875 0.578125 0.00625 0.03515625
0 0.72578125 0.5712890625 0.0046875 0.025390625
0 0.81640625 0.609375 0.0234375 0.0859375
0 0.44140625 0.5712890625 0.0046875 0.017578125
2 0.38046875 0.6240234375 0.0953125 0.091796875
2 0.5015625 0.5869140625 0.046875 0.021484375
2 0.4953125 0.6982421875 0.20625 0.201171875
