0 0.58046875 0.474609375 0.0203125 0.08984375
0 0.59453125 0.4775390625 0.0234375 0.099609375
0 0.6140625 0.4853515625 0.021875 0.080078125
0 0.67890625 0.46484375 0.0296875 0.1015625
0 0.8171875 0.498046875 0.0625 0.2109375
0 0.8515625 0.517578125 0.034375 0.21484375
0 0.91171875 0.498046875 0.0328125 0.19140625
0 0.9453125 0.505859375 0.05 0.21875
0 0.97734375 0.4833984375 0.0453125 0.244140625
2 0.26171875 0.48828125 0.0796875 0.06640625
2 0.29765625 0.47265625 0.0328125 0.046875
2 0.32109375 0.4775390625 0.0171875 0.029296875
2 0.33828125 0.4775390625 0.0203125 0.021484375
2 0.35078125 0.4736328125 0.0203125 0.021484375
2 0.36484375 0.4697265625 0.0109375 0.017578125
2 0.3734375 0.46875 0.009375 0.015625
2 0.38984375 0.4638671875 0.0109375 0.013671875
2 0.40078125 0.4609375 0.0109375 0.015625
2 0.425 0.45703125 0.00625 0.0078125
2 0.45 0.4697265625 0.028125 0.025390625
2 0.43984375 0.458984375 0.0109375 0.01171875
2 0.43671875 0.4521484375 0.0046875 0.005859375
