0 0.334375 0.4462890625 0.0125 0.037109375
0 0.25078125 0.4482421875 0.0140625 0.041015625
0 0.06953125 0.466796875 0.0234375 0.05078125
0 0.8984375 0.4931640625 0.03125 0.126953125
1 0.1921875 0.4814453125 0.04375 0.044921875
1 0.1578125 0.4853515625 0.025 0.044921875
1 0.6359375 0.4658203125 0.01875 0.041015625
1 0.76484375 0.4853515625 0.0265625 0.064453125
1 0.72734375 0.4853515625 0.0359375 0.056640625
2 0.58984375 0.4755859375 0.0640625 0.064453125
2 0.559375 0.4599609375 0.040625 0.048828125
2 0.53828125 0.453125 0.0203125 0.03515625
2 0.51796875 0.435546875 0.0234375 0.0234375
2 0.45859375 0.43359375 0.0140625 0.015625
2 0.44296875 0.435546875 0.0171875 0.01953125
2 0.08203125 0.4541015625 0.0765625 0.041015625
