0 0.64375 0.501953125 0.025 0.08203125
0 0.21484375 0.484375 0.0234375 0.0625
0 0.4828125 0.4560546875 0.0125 0.037109375
1 0.79609375 0.71484375 0.0890625 0.23046875
2 0.05 0.60546875 0.1 0.19140625
2 0.9140625 0.546875 0.171875 0.15625
2 0.875 0.5126953125 0.153125 0.083984375
2 0.74375 0.5048828125 0.146875 0.083984375
2 0.62421875 0.4794921875 0.1046875 0.060546875
2 0.6046875 0.462890625 0.096875 0.046875
2 0.44765625 0.4619140625 0.0359375 0.037109375
2 0.428125 0.4580078125 0.01875 0.029296875
2 0.41796875 0.455078125 0.0109375 0.01953125
2 0.4125 0.4501953125 0.009375 0.017578125
2 0.40703125 0.4482421875 0.0109375 0.013671875
2 0.27734375 0.4775390625 0.0484375 0.044921875
2 0.3 0.4697265625 0.025 0.033203125
2 0.3109375 0.4658203125 0.025 0.029296875
2 0.321875 0.458984375 0.015625 0.0234375
2 0.33515625 0.4541015625 0.0171875 0.021484375
2 0.3453125 0.4501953125 0.0125 0.017578125
2 0.35390625 0.4453125 0.0109375 0.01171875
2 0.35859375 0.443359375 0.0109375 0.01171875
2 0.36484375 0.4404296875 0.0078125 0.009765625
