4 0.5296875 0.462890625 0.06875 0.09375
2 0.09140625 0.5185546875 0.1515625 0.115234375
2 0.2671875 0.4873046875 0.0625 0.060546875
2 0.19765625 0.4775390625 0.0234375 0.021484375
2 0.16875 0.478515625 0.01875 0.015625
2 0.3359375 0.4794921875 0.0375 0.044921875
2 0.35703125 0.482421875 0.0109375 0.03125
2 0.37109375 0.4794921875 0.0203125 0.021484375
2 0.39140625 0.48046875 0.0203125 0.01953125
2 0.41171875 0.4814453125 0.0109375 0.009765625
2 0.45625 0.4775390625 0.01875 0.021484375
2 0.48671875 0.478515625 0.0203125 0.01953125
2 0.92578125 0.59765625 0.1484375 0.27734375
2 0.61484375 0.4873046875 0.1203125 0.130859375
