2 0.025 0.43359375 0.05 0.1640625
2 0.12734375 0.4189453125 0.1234375 0.103515625
2 0.203125 0.41015625 0.059375 0.0859375
2 0.2375 0.4033203125 0.040625 0.072265625
2 0.265625 0.4033203125 0.03125 0.048828125
2 0.278125 0.392578125 0.05 0.0546875
2 0.3140625 0.3916015625 0.025 0.037109375
2 0.3328125 0.3837890625 0.040625 0.041015625
2 0.35859375 0.380859375 0.0234375 0.0234375
2 0.43125 0.3740234375 0.028125 0.029296875
2 0.44453125 0.404296875 0.0609375 0.0546875
2 0.515625 0.3916015625 0.034375 0.037109375
2 0.51953125 0.3994140625 0.0140625 0.041015625
2 0.5296875 0.400390625 0.0125 0.04296875
2 0.55703125 0.40234375 0.0609375 0.0625
