0 0.565625 0.4970703125 0.05 0.150390625
0 0.90234375 0.5673828125 0.1484375 0.498046875
2 0.18046875 0.443359375 0.1484375 0.05859375
2 0.1828125 0.490234375 0.121875 0.09765625
2 0.1828125 0.51171875 0.05625 0.0859375
2 0.103125 0.5048828125 0.159375 0.134765625
2 0.04765625 0.5205078125 0.0953125 0.158203125
2 0.365625 0.5087890625 0.265625 0.314453125
2 0.5546875 0.4794921875 0.10625 0.111328125
2 0.62421875 0.484375 0.0953125 0.11328125
2 0.63515625 0.4990234375 0.0640625 0.115234375
2 0.75546875 0.50390625 0.2234375 0.23828125
2 0.946875 0.5537109375 0.10625 0.255859375
