0 0.53046875 0.4560546875 0.0109375 0.048828125
0 0.61484375 0.462890625 0.0203125 0.05859375
1 0.5234375 0.48046875 0.01875 0.04296875
1 0.64453125 0.47265625 0.0203125 0.03515625
2 0.071875 0.578125 0.14375 0.1875
2 0.1765625 0.5439453125 0.11875 0.115234375
2 0.32265625 0.484375 0.0734375 0.078125
2 0.36796875 0.4716796875 0.0359375 0.048828125
2 0.39296875 0.4658203125 0.0296875 0.037109375
2 0.40703125 0.4560546875 0.0296875 0.037109375
2 0.42265625 0.451171875 0.0140625 0.01953125
2 0.43046875 0.4462890625 0.0140625 0.017578125
2 0.44140625 0.4423828125 0.0171875 0.017578125
2 0.4515625 0.4384765625 0.009375 0.013671875
2 0.459375 0.435546875 0.0125 0.01171875
2 0.48125 0.435546875 0.015625 0.01953125
2 0.54765625 0.45703125 0.0296875 0.04296875
2 0.52578125 0.4423828125 0.0234375 0.025390625
2 0.51796875 0.4326171875 0.0203125 0.017578125
2 0.5046875 0.4326171875 0.0125 0.017578125
2 0.62890625 0.4501953125 0.0359375 0.044921875
2 0.725 0.458984375 0.103125 0.0546875
2 0.7109375 0.43359375 0.059375 0.02734375
2 0.88671875 0.44921875 0.2265625 0.140625
2 0.92578125 0.5009765625 0.1484375 0.119140625
14 0.07421875 0.6904296875 0.0296875 0.021484375
