4 0.4328125 0.3427734375 0.04375 0.041015625
4 0.5734375 0.345703125 0.103125 0.125
4 0.82109375 0.3662109375 0.0921875 0.158203125
0 0.18984375 0.3916015625 0.0078125 0.044921875
0 0.20078125 0.392578125 0.0171875 0.05078125
0 0.115625 0.3876953125 0.015625 0.037109375
6 0.490625 0.361328125 0.071875 0.0703125
2 0.10703125 0.6044921875 0.2140625 0.552734375
2 0.3640625 0.3642578125 0.04375 0.029296875
2 0.43515625 0.39453125 0.0578125 0.06640625
2 0.46484375 0.390625 0.0265625 0.05078125
2 0.52890625 0.380859375 0.0578125 0.06640625
2 0.59375 0.3818359375 0.028125 0.052734375
2 0.6359375 0.3935546875 0.065625 0.080078125
2 0.340625 0.349609375 0.096875 0.04296875
