0 0.71171875 0.556640625 0.0140625 0.05078125
0 0.69453125 0.5576171875 0.0109375 0.044921875
0 0.58203125 0.541015625 0.0046875 0.01953125
0 0.5578125 0.5380859375 0.00625 0.017578125
0 0.49375 0.541015625 0.00625 0.015625
0 0.50390625 0.5400390625 0.0046875 0.013671875
0 0.5078125 0.5400390625 0.003125 0.013671875
0 0.4421875 0.53515625 0.00625 0.015625
1 0.83046875 0.5966796875 0.0359375 0.056640625
2 0.52421875 0.537109375 0.0078125 0.0078125
2 0.46796875 0.5439453125 0.0140625 0.017578125
2 0.4828125 0.54296875 0.015625 0.015625
2 0.45546875 0.5849609375 0.0609375 0.064453125
2 0.44296875 0.5556640625 0.0390625 0.029296875
2 0.3734375 0.5693359375 0.04375 0.037109375
2 0.39609375 0.5595703125 0.0265625 0.041015625
2 0.4140625 0.5546875 0.015625 0.02734375
2 0.07578125 0.5732421875 0.0890625 0.060546875
2 0.475 0.5322265625 0.015625 0.009765625
2 0.4625 0.5341796875 0.015625 0.013671875
2 0.3640625 0.541015625 0.01875 0.0234375
2 0.38125 0.533203125 0.01875 0.0234375
2 0.40625 0.533203125 0.01875 0.01953125
