0 0.03828125 0.4814453125 0.0296875 0.115234375
0 0.0546875 0.46484375 0.01875 0.078125
0 0.07109375 0.47265625 0.0203125 0.078125
0 0.08515625 0.46875 0.0140625 0.0703125
0 0.1125 0.4736328125 0.01875 0.076171875
0 0.68125 0.47265625 0.015625 0.08203125
0 0.690625 0.4619140625 0.0125 0.068359375
0 0.709375 0.4765625 0.021875 0.07421875
0 0.72109375 0.4658203125 0.0140625 0.064453125
0 0.7390625 0.4775390625 0.015625 0.091796875
0 0.8234375 0.46875 0.021875 0.09765625
0 0.77109375 0.4658203125 0.0171875 0.083984375
0 0.7984375 0.466796875 0.01875 0.08203125
2 0.40703125 0.4580078125 0.0109375 0.013671875
2 0.41875 0.45703125 0.0125 0.015625
2 0.440625 0.4560546875 0.01875 0.021484375
2 0.46171875 0.455078125 0.0140625 0.01171875
2 0.47890625 0.45703125 0.0203125 0.01953125
2 0.496875 0.4599609375 0.025 0.029296875
2 0.52421875 0.4609375 0.0453125 0.046875
2 0.3921875 0.4580078125 0.01875 0.017578125
2 0.31640625 0.4638671875 0.0359375 0.041015625
2 0.28671875 0.4609375 0.0359375 0.04296875
2 0.24453125 0.4931640625 0.1234375 0.107421875
