4 0.61171875 0.349609375 0.2015625 0.3203125
0 0.10234375 0.3916015625 0.0390625 0.115234375
0 0.1453125 0.3955078125 0.028125 0.099609375
0 0.31171875 0.388671875 0.0234375 0.03125
0 0.33359375 0.3896484375 0.0203125 0.029296875
0 0.35859375 0.3876953125 0.0203125 0.029296875
0 0.38359375 0.384765625 0.0203125 0.03515625
0 0.40625 0.3876953125 0.01875 0.033203125
0 0.4265625 0.3984375 0.009375 0.01953125
0 0.45 0.3955078125 0.021875 0.037109375
0 0.50546875 0.42578125 0.0203125 0.078125
0 0.5109375 0.3974609375 0.009375 0.041015625
0 0.78125 0.4248046875 0.009375 0.025390625
0 0.7671875 0.4228515625 0.00625 0.021484375
1 0.18125 0.4228515625 0.046875 0.052734375
2 0.37734375 0.515625 0.2671875 0.2265625
2 0.05703125 0.40234375 0.1140625 0.078125
2 0.1046875 0.400390625 0.14375 0.09765625
2 0.7421875 0.4248046875 0.025 0.029296875
2 0.72421875 0.421875 0.0171875 0.0234375
