4 0.6171875 0.474609375 0.021875 0.0390625
4 0.63046875 0.46875 0.0078125 0.0234375
6 0.0671875 0.5205078125 0.134375 0.095703125
6 0.34765625 0.5009765625 0.0328125 0.029296875
2 0.390625 0.5 0.015625 0.015625
2 0.625 0.4892578125 0.025 0.025390625
2 0.440625 0.4931640625 0.025 0.017578125
2 0.4625 0.4921875 0.01875 0.01171875
2 0.53125 0.4990234375 0.03125 0.029296875
2 0.553125 0.4892578125 0.01875 0.021484375
2 0.56640625 0.4873046875 0.0140625 0.017578125
2 0.5859375 0.4873046875 0.01875 0.021484375
2 0.5921875 0.4833984375 0.009375 0.013671875
2 0.60078125 0.4814453125 0.0078125 0.009765625
2 0.4890625 0.4892578125 0.015625 0.009765625
2 0.1453125 0.5322265625 0.040625 0.029296875
