0 0.984375 0.478515625 0.03125 0.12890625
0 0.95625 0.4755859375 0.0375 0.150390625
0 0.253125 0.453125 0.01875 0.06640625
0 0.225 0.4462890625 0.009375 0.037109375
0 0.0171875 0.4345703125 0.025 0.107421875
1 0.11796875 0.4482421875 0.0578125 0.048828125
1 0.15546875 0.4521484375 0.0484375 0.041015625
1 0.08671875 0.443359375 0.0453125 0.04296875
2 0.628125 0.4794921875 0.234375 0.119140625
2 0.490625 0.458984375 0.03125 0.0390625
2 0.4609375 0.4658203125 0.021875 0.025390625
2 0.44140625 0.4619140625 0.0203125 0.017578125
2 0.409375 0.45703125 0.021875 0.03515625
2 0.39296875 0.4619140625 0.0203125 0.037109375
2 0.3546875 0.458984375 0.05 0.0703125
2 0.33046875 0.4677734375 0.0703125 0.068359375
