0 0.11875 0.5458984375 0.009375 0.033203125
0 0.2 0.544921875 0.015625 0.0546875
0 0.3109375 0.5390625 0.009375 0.03125
0 0.321875 0.5390625 0.009375 0.03125
2 0.25546875 0.5478515625 0.0296875 0.033203125
2 0.4578125 0.5732421875 0.128125 0.087890625
2 0.5671875 0.5830078125 0.265625 0.138671875
2 0.81953125 0.5439453125 0.0421875 0.056640625
2 0.8671875 0.55859375 0.1 0.08203125
2 0.79609375 0.5244140625 0.0234375 0.025390625
2 0.03984375 0.5615234375 0.0796875 0.087890625
2 0.9234375 0.541015625 0.040625 0.046875
