0 0.9171875 0.5947265625 0.025 0.091796875
0 0.88671875 0.5888671875 0.0203125 0.083984375
0 0.659375 0.56640625 0.015625 0.05859375
0 0.60703125 0.556640625 0.0140625 0.0390625
0 0.565625 0.5458984375 0.009375 0.029296875
0 0.55703125 0.5458984375 0.0078125 0.029296875
0 0.53984375 0.5498046875 0.0109375 0.021484375
0 0.51171875 0.5439453125 0.0046875 0.013671875
0 0.35625 0.552734375 0.0125 0.0390625
0 0.303125 0.548828125 0.00625 0.02734375
0 0.29375 0.5419921875 0.009375 0.025390625
0 0.2640625 0.587890625 0.025 0.09765625
0 0.45 0.5458984375 0.003125 0.009765625
0 0.4546875 0.5458984375 0.003125 0.009765625
2 0.4765625 0.54296875 0.0125 0.015625
2 0.065625 0.619140625 0.13125 0.12109375
2 0.378125 0.5498046875 0.021875 0.021484375
2 0.39765625 0.5498046875 0.0140625 0.017578125
