4 0.5140625 0.5205078125 0.028125 0.033203125
4 0.22578125 0.513671875 0.1703125 0.11328125
0 0.12578125 0.556640625 0.0171875 0.046875
0 0.56328125 0.548828125 0.0109375 0.0390625
0 0.803125 0.5400390625 0.021875 0.072265625
0 0.78125 0.533203125 0.021875 0.078125
0 0.97265625 0.5419921875 0.0296875 0.115234375
1 0.57890625 0.58984375 0.0234375 0.0546875
2 0.4984375 0.5498046875 0.025 0.025390625
2 0.440625 0.564453125 0.05 0.0546875
2 0.47578125 0.55859375 0.0328125 0.0390625
2 0.38671875 0.5810546875 0.0984375 0.095703125
2 0.296875 0.58203125 0.08125 0.08203125
2 0.1828125 0.6044921875 0.1375 0.126953125
2 0.071875 0.6943359375 0.14375 0.423828125
2 0.71171875 0.5615234375 0.1578125 0.107421875
