0 0.8328125 0.521484375 0.021875 0.09765625
0 0.80234375 0.5224609375 0.0265625 0.095703125
0 0.7875 0.5078125 0.015625 0.078125
0 0.7671875 0.5087890625 0.01875 0.068359375
0 0.60703125 0.474609375 0.0078125 0.01953125
0 0.65 0.505859375 0.0125 0.0703125
0 0.6625 0.482421875 0.0125 0.02734375
0 0.7203125 0.5078125 0.01875 0.0703125
0 0.684375 0.50390625 0.01875 0.0703125
0 0.7453125 0.5126953125 0.015625 0.064453125
0 0.73203125 0.509765625 0.0140625 0.06640625
0 0.69921875 0.5068359375 0.0171875 0.060546875
0 0.7578125 0.505859375 0.015625 0.0703125
0 0.32890625 0.474609375 0.0140625 0.015625
0 0.38359375 0.474609375 0.0078125 0.0234375
1 0.40078125 0.5048828125 0.0109375 0.025390625
1 0.59453125 0.5478515625 0.0265625 0.060546875
2 0.140625 0.552734375 0.253125 0.22265625
2 0.4984375 0.4716796875 0.015625 0.013671875
2 0.48125 0.4755859375 0.021875 0.021484375
2 0.48046875 0.556640625 0.1515625 0.140625
2 0.5265625 0.4677734375 0.009375 0.009765625
