0 0.7359375 0.458984375 0.034375 0.0859375
2 0.43203125 0.435546875 0.0078125 0.0078125
2 0.403125 0.439453125 0.00625 0.00390625
2 0.390625 0.4423828125 0.00625 0.005859375
2 0.38125 0.4453125 0.009375 0.0078125
2 0.36953125 0.4521484375 0.0140625 0.017578125
2 0.34296875 0.4541015625 0.0109375 0.013671875
2 0.33125 0.453125 0.015625 0.01953125
2 0.31796875 0.4580078125 0.0171875 0.017578125
2 0.29765625 0.4599609375 0.0265625 0.021484375
2 0.27421875 0.4638671875 0.0265625 0.025390625
2 0.25 0.4619140625 0.025 0.033203125
2 0.22265625 0.46875 0.0546875 0.0390625
2 0.09140625 0.544921875 0.1828125 0.28515625
