0 0.06640625 0.4716796875 0.0140625 0.044921875
0 0.1296875 0.4970703125 0.06875 0.208984375
0 0.15390625 0.45703125 0.0359375 0.11328125
0 0.98359375 0.458984375 0.0328125 0.1796875
0 0.64140625 0.44921875 0.0140625 0.046875
0 0.58046875 0.458984375 0.0140625 0.05859375
0 0.54921875 0.4599609375 0.0203125 0.052734375
0 0.659375 0.455078125 0.0125 0.0390625
0 0.6671875 0.4443359375 0.009375 0.025390625
0 0.55859375 0.462890625 0.0109375 0.0390625
2 0.35546875 0.62109375 0.5015625 0.45703125
2 0.8703125 0.466796875 0.215625 0.11328125
1 0.0140625 0.4912109375 0.015625 0.033203125
