0 0.7671875 0.515625 0.01875 0.0703125
0 0.728125 0.513671875 0.021875 0.0703125
0 0.70234375 0.5107421875 0.0140625 0.056640625
0 0.67734375 0.5087890625 0.0171875 0.056640625
0 0.65546875 0.5107421875 0.0203125 0.060546875
0 0.1484375 0.4931640625 0.015625 0.060546875
0 0.15859375 0.4931640625 0.0171875 0.064453125
0 0.18359375 0.50390625 0.0265625 0.07421875
0 0.20703125 0.4931640625 0.0203125 0.052734375
0 0.22265625 0.494140625 0.0140625 0.0390625
1 0.58984375 0.5302734375 0.0234375 0.044921875
2 0.4984375 0.5380859375 0.1125 0.115234375
2 0.4484375 0.4951171875 0.01875 0.029296875
2 0.428125 0.4951171875 0.015625 0.021484375
2 0.41015625 0.498046875 0.0296875 0.03125
2 0.26640625 0.544921875 0.1578125 0.1328125
