0 0.23046875 0.486328125 0.0078125 0.04296875
0 0.28984375 0.48046875 0.0078125 0.0234375
0 0.33515625 0.482421875 0.0078125 0.015625
0 0.35234375 0.4814453125 0.0046875 0.009765625
0 0.371875 0.482421875 0.00625 0.01953125
0 0.39609375 0.486328125 0.0078125 0.01953125
0 0.41640625 0.4873046875 0.0046875 0.017578125
0 0.42109375 0.4873046875 0.0046875 0.017578125
0 0.4640625 0.53125 0.05 0.109375
0 0.48359375 0.5302734375 0.0484375 0.111328125
0 0.4921875 0.5302734375 0.053125 0.119140625
0 0.64453125 0.48828125 0.0109375 0.0234375
0 0.6703125 0.48828125 0.0125 0.0234375
0 0.70625 0.4873046875 0.00625 0.021484375
0 0.7609375 0.4853515625 0.0125 0.037109375
0 0.38984375 0.48046875 0.0078125 0.0234375
1 0.15703125 0.513671875 0.0234375 0.03515625
2 0.5265625 0.4912109375 0.015625 0.017578125
2 0.51796875 0.4970703125 0.0171875 0.025390625
2 0.55625 0.498046875 0.028125 0.03125
2 0.87109375 0.591796875 0.2578125 0.23046875
