0 0.084375 0.4609375 0.04375 0.1796875
0 0.575 0.4619140625 0.009375 0.037109375
1 0.11640625 0.48046875 0.0390625 0.0859375
2 0.7359375 0.4912109375 0.121875 0.083984375
2 0.61640625 0.4755859375 0.0609375 0.056640625
2 0.49453125 0.4560546875 0.0234375 0.021484375
2 0.47734375 0.455078125 0.0109375 0.015625
2 0.465625 0.451171875 0.015625 0.015625
2 0.44609375 0.44921875 0.0203125 0.01171875
2 0.425 0.447265625 0.009375 0.01171875
2 0.40234375 0.4482421875 0.0078125 0.009765625
2 0.41015625 0.44921875 0.0078125 0.0078125
2 0.37734375 0.4501953125 0.0203125 0.025390625
2 0.328125 0.4658203125 0.034375 0.060546875
2 0.29765625 0.4658203125 0.0515625 0.072265625
2 0.23984375 0.478515625 0.1078125 0.1015625
