4 0.7234375 0.5107421875 0.128125 0.060546875
0 0.990625 0.541015625 0.01875 0.0546875
0 0.965625 0.544921875 0.015625 0.04296875
0 0.84921875 0.525390625 0.0109375 0.02734375
0 0.871875 0.5263671875 0.00625 0.029296875
0 0.359375 0.537109375 0.0125 0.04296875
0 0.3171875 0.5322265625 0.0125 0.037109375
0 0.21953125 0.5400390625 0.0109375 0.037109375
0 0.03671875 0.533203125 0.0109375 0.03125
0 0.04609375 0.52734375 0.0078125 0.03125
0 0.01484375 0.5322265625 0.0109375 0.033203125
0 0.26953125 0.5322265625 0.0109375 0.041015625
0 0.2578125 0.533203125 0.0125 0.0390625
0 0.28125 0.53125 0.009375 0.02734375
0 0.2984375 0.53125 0.00625 0.0234375
0 0.4375 0.5185546875 0.00625 0.021484375
2 0.915625 0.7138671875 0.16875 0.302734375
2 0.71484375 0.6220703125 0.1984375 0.173828125
2 0.5875 0.5859375 0.090625 0.12890625
2 0.459375 0.630859375 0.20625 0.20703125
2 0.20078125 0.7900390625 0.4015625 0.419921875
2 0.6265625 0.5126953125 0.034375 0.033203125
2 0.15546875 0.541015625 0.0734375 0.0390625
2 0.1171875 0.5322265625 0.065625 0.044921875
