4 0.45625 0.439453125 0.015625 0.0234375
0 0.659375 0.44921875 0.021875 0.0625
2 0.23828125 0.4873046875 0.2765625 0.099609375
2 0.28359375 0.451171875 0.0421875 0.03515625
2 0.33203125 0.4560546875 0.0671875 0.041015625
2 0.4203125 0.447265625 0.015625 0.015625
2 0.44453125 0.4462890625 0.0140625 0.013671875
2 0.47890625 0.4443359375 0.0140625 0.013671875
2 0.4921875 0.4423828125 0.0125 0.017578125
2 0.50390625 0.4453125 0.0140625 0.0234375
2 0.51171875 0.4482421875 0.0171875 0.025390625
2 0.52578125 0.4501953125 0.0265625 0.033203125
2 0.534375 0.4541015625 0.015625 0.037109375
2 0.5546875 0.4501953125 0.040625 0.056640625
2 0.58671875 0.4599609375 0.0640625 0.064453125
2 0.83984375 0.5556640625 0.3203125 0.302734375
