0 0.70859375 0.470703125 0.0203125 0.05078125
0 0.72421875 0.466796875 0.0109375 0.04296875
0 0.73359375 0.4697265625 0.0140625 0.044921875
0 0.6515625 0.458984375 0.0125 0.046875
0 0.6203125 0.462890625 0.0125 0.04296875
1 0.73984375 0.4853515625 0.0265625 0.056640625
1 0.53984375 0.46875 0.0046875 0.015625
1 0.55390625 0.4658203125 0.0046875 0.013671875
2 0.45703125 0.458984375 0.0140625 0.01171875
2 0.43046875 0.462890625 0.0453125 0.03125
2 0.33828125 0.4853515625 0.1515625 0.138671875
2 0.25234375 0.47265625 0.0828125 0.0859375
