4 0.53046875 0.4814453125 0.0390625 0.013671875
0 0.8359375 0.5107421875 0.03125 0.150390625
0 0.9296875 0.5205078125 0.05625 0.169921875
0 0.95625 0.5205078125 0.028125 0.169921875
0 0.23203125 0.4765625 0.0203125 0.0546875
0 0.29765625 0.474609375 0.0109375 0.05859375
0 0.1984375 0.4697265625 0.015625 0.064453125
0 0.3203125 0.47265625 0.009375 0.0390625
1 0.63671875 0.5029296875 0.0328125 0.044921875
1 0.66484375 0.5 0.0234375 0.046875
1 0.48671875 0.4853515625 0.0078125 0.017578125
1 0.50703125 0.484375 0.0109375 0.015625
2 0.58046875 0.48828125 0.0265625 0.03125
2 0.4234375 0.4775390625 0.0375 0.044921875
2 0.4546875 0.4794921875 0.025 0.029296875
2 0.47265625 0.478515625 0.0140625 0.01953125
2 0.48125 0.4775390625 0.00625 0.013671875
