0 0.721875 0.4619140625 0.01875 0.083984375
0 0.70234375 0.4599609375 0.0265625 0.087890625
0 0.55859375 0.4619140625 0.0484375 0.103515625
0 0.09140625 0.47265625 0.0234375 0.08984375
2 0.5078125 0.458984375 0.040625 0.04296875
2 0.45 0.4482421875 0.01875 0.021484375
2 0.434375 0.4453125 0.0125 0.01171875
2 0.42109375 0.4443359375 0.0078125 0.009765625
2 0.40234375 0.447265625 0.0296875 0.015625
2 0.3796875 0.4453125 0.009375 0.015625
2 0.36484375 0.44921875 0.0265625 0.02734375
2 0.33203125 0.4560546875 0.0390625 0.033203125
2 0.2875 0.4609375 0.05 0.04296875
