0 0.85625 0.466796875 0.021875 0.0625
0 0.82109375 0.46875 0.0203125 0.05078125
0 0.70546875 0.4638671875 0.0140625 0.044921875
0 0.159375 0.4482421875 0.021875 0.080078125
0 0.18671875 0.4501953125 0.0234375 0.076171875
0 0.28828125 0.4501953125 0.0140625 0.044921875
0 0.40078125 0.455078125 0.0171875 0.05078125
0 0.334375 0.4443359375 0.0125 0.021484375
0 0.4265625 0.4521484375 0.01875 0.037109375
0 0.4578125 0.44921875 0.00625 0.0234375
0 0.46875 0.4521484375 0.00625 0.021484375
0 0.56953125 0.4482421875 0.0046875 0.017578125
0 0.6765625 0.455078125 0.00625 0.03515625
0 0.09375 0.43359375 0.021875 0.05078125
1 0.2234375 0.4755859375 0.028125 0.068359375
1 0.2015625 0.48046875 0.046875 0.078125
2 0.9734375 0.671875 0.053125 0.171875
2 0.88984375 0.5791015625 0.2203125 0.166015625
2 0.54296875 0.4541015625 0.0296875 0.037109375
2 0.5796875 0.453125 0.015625 0.01953125
2 0.59609375 0.4609375 0.0203125 0.03125
2 0.6171875 0.466796875 0.040625 0.03515625
