0 0.690625 0.4814453125 0.021875 0.080078125
0 0.83125 0.48046875 0.028125 0.07421875
0 0.89375 0.4873046875 0.025 0.056640625
0 0.92578125 0.4765625 0.0359375 0.0859375
2 0.06328125 0.494140625 0.1265625 0.1171875
2 0.15859375 0.4912109375 0.0703125 0.080078125
2 0.22109375 0.4873046875 0.0609375 0.060546875
2 0.38359375 0.47265625 0.0390625 0.0390625
2 0.45703125 0.4541015625 0.0140625 0.013671875
2 0.4765625 0.455078125 0.009375 0.01171875
2 0.50234375 0.453125 0.0109375 0.01171875
14 0.70703125 0.4931640625 0.0328125 0.056640625
