0 0.42890625 0.439453125 0.0078125 0.02734375
0 0.453125 0.439453125 0.00625 0.01953125
0 0.4609375 0.4384765625 0.00625 0.017578125
0 0.471875 0.4384765625 0.009375 0.025390625
0 0.70546875 0.490234375 0.0171875 0.0859375
0 0.7359375 0.4912109375 0.025 0.087890625
0 0.76328125 0.4912109375 0.0296875 0.087890625
2 0.2578125 0.4619140625 0.0625 0.041015625
2 0.13046875 0.46875 0.1109375 0.0625
2 0.0859375 0.486328125 0.171875 0.0859375
2 0.059375 0.4384765625 0.08125 0.021484375
2 0.5140625 0.4384765625 0.03125 0.029296875
