0 0.0765625 0.4482421875 0.0375 0.150390625
0 0.09921875 0.447265625 0.0359375 0.13671875
0 0.3015625 0.4560546875 0.034375 0.138671875
0 0.28515625 0.4609375 0.0328125 0.12890625
0 0.53125 0.4599609375 0.040625 0.142578125
2 0.40625 0.4560546875 0.025 0.037109375
2 0.3921875 0.4619140625 0.021875 0.044921875
2 0.37421875 0.4580078125 0.0234375 0.060546875
2 0.353125 0.4580078125 0.04375 0.064453125
2 0.3375 0.466796875 0.05625 0.06640625
2 0.46875 0.462890625 0.03125 0.02734375
2 0.50234375 0.46484375 0.0171875 0.0234375
2 0.515625 0.4638671875 0.01875 0.029296875
2 0.571875 0.45703125 0.05 0.06640625
2 0.596875 0.46875 0.05 0.05859375
2 0.621875 0.4775390625 0.05 0.056640625
2 0.6890625 0.47265625 0.10625 0.1015625
2 0.96875 0.5126953125 0.0625 0.095703125
1 0.12265625 0.44921875 0.0453125 0.04296875
1 0.15390625 0.4541015625 0.0359375 0.041015625
0 0.0078125 0.443359375 0.015625 0.13671875
