0 0.0859375 0.478515625 0.01875 0.08203125
0 0.11171875 0.4736328125 0.0234375 0.087890625
0 0.1546875 0.4697265625 0.028125 0.068359375
0 0.4953125 0.46875 0.03125 0.08203125
0 0.59453125 0.458984375 0.0171875 0.078125
0 0.61015625 0.458984375 0.0203125 0.08203125
0 0.62890625 0.4580078125 0.0203125 0.083984375
0 0.6984375 0.455078125 0.015625 0.07421875
0 0.65859375 0.5068359375 0.0578125 0.208984375
0 0.70859375 0.4599609375 0.0171875 0.076171875
0 0.7640625 0.5068359375 0.040625 0.193359375
0 0.7609375 0.5 0.084375 0.2109375
1 0.26328125 0.4970703125 0.0796875 0.056640625
2 0.9859375 0.4794921875 0.028125 0.044921875
2 0.509375 0.4599609375 0.021875 0.013671875
2 0.48203125 0.4609375 0.0078125 0.01171875
2 0.4734375 0.4609375 0.009375 0.01171875
2 0.43046875 0.4609375 0.0234375 0.015625
2 0.45234375 0.4609375 0.0234375 0.0234375
2 0.28359375 0.4697265625 0.0609375 0.048828125
2 0.546875 0.4658203125 0.04375 0.041015625
