0 0.36015625 0.462890625 0.0140625 0.04296875
0 0.37734375 0.4697265625 0.0078125 0.033203125
0 0.79609375 0.470703125 0.0265625 0.1015625
0 0.81953125 0.4599609375 0.0328125 0.103515625
0 0.8515625 0.4599609375 0.034375 0.119140625
0 0.74296875 0.4375 0.0140625 0.05859375
0 0.73046875 0.439453125 0.0078125 0.0390625
0 0.68671875 0.4384765625 0.0140625 0.037109375
1 0.2875 0.521484375 0.03125 0.0625
1 0.52265625 0.45703125 0.0359375 0.03125
1 0.4078125 0.470703125 0.0125 0.03125
6 0.46796875 0.4384765625 0.0515625 0.052734375
2 0.53984375 0.453125 0.0171875 0.01953125
2 0.5609375 0.44921875 0.01875 0.01953125
2 0.62734375 0.478515625 0.0734375 0.07421875
2 0.43828125 0.4482421875 0.0109375 0.029296875
2 0.496875 0.4423828125 0.028125 0.033203125
2 0.6203125 0.4345703125 0.015625 0.013671875
