0 0.05546875 0.490234375 0.0765625 0.19921875
0 0.0640625 0.4912109375 0.053125 0.181640625
0 0.5671875 0.4755859375 0.040625 0.146484375
0 0.6625 0.484375 0.065625 0.16796875
0 0.85546875 0.4609375 0.0828125 0.19921875
0 0.7859375 0.4677734375 0.025 0.166015625
0 0.12109375 0.4404296875 0.0296875 0.072265625
2 0.17734375 0.4609375 0.0453125 0.0625
2 0.35546875 0.625 0.5015625 0.46484375
2 0.825 0.45703125 0.14375 0.0703125
2 0.1453125 0.44140625 0.065625 0.03515625
1 0.01171875 0.4892578125 0.0203125 0.037109375
