0 0.2046875 0.4609375 0.025 0.05078125
0 0.61640625 0.478515625 0.0265625 0.078125
0 0.4734375 0.4560546875 0.00625 0.017578125
0 0.74609375 0.4580078125 0.0140625 0.021484375
0 0.578125 0.4580078125 0.00625 0.017578125
0 0.0484375 0.4560546875 0.021875 0.041015625
0 0.01953125 0.4560546875 0.0234375 0.044921875
1 0.13203125 0.490234375 0.0359375 0.0546875
1 0.1859375 0.4892578125 0.034375 0.068359375
2 0.28046875 0.484375 0.1515625 0.0703125
2 0.71796875 0.5087890625 0.0953125 0.095703125
2 0.67265625 0.49609375 0.0421875 0.06640625
2 0.65234375 0.4853515625 0.0359375 0.060546875
2 0.6359375 0.478515625 0.03125 0.05078125
2 0.56171875 0.4619140625 0.0109375 0.009765625
2 0.6015625 0.4638671875 0.0125 0.025390625
2 0.58828125 0.458984375 0.0140625 0.015625
