0 0.7703125 0.4580078125 0.028125 0.087890625
0 0.753125 0.4560546875 0.01875 0.083984375
0 0.7359375 0.458984375 0.025 0.08203125
0 0.71015625 0.4599609375 0.0265625 0.080078125
0 0.6953125 0.4541015625 0.015625 0.072265625
0 0.6734375 0.45703125 0.021875 0.07421875
0 0.65 0.455078125 0.01875 0.07421875
0 0.634375 0.4560546875 0.021875 0.080078125
0 0.528125 0.4443359375 0.0125 0.025390625
0 0.1828125 0.455078125 0.015625 0.03515625
2 0.0734375 0.5302734375 0.146875 0.220703125
2 0.36484375 0.5341796875 0.2265625 0.236328125
