0 0.1828125 0.490234375 0.025 0.0703125
0 0.61328125 0.4501953125 0.0078125 0.025390625
0 0.39609375 0.4677734375 0.0109375 0.037109375
0 0.859375 0.478515625 0.021875 0.0703125
0 0.940625 0.48046875 0.015625 0.05859375
0 0.96328125 0.4814453125 0.0109375 0.060546875
1 0.890625 0.4873046875 0.01875 0.037109375
1 0.8234375 0.5263671875 0.028125 0.064453125
2 0.4796875 0.4638671875 0.034375 0.037109375
2 0.4953125 0.455078125 0.0125 0.01953125
2 0.5296875 0.4765625 0.03125 0.04296875
2 0.51015625 0.484375 0.0515625 0.046875
2 0.59296875 0.4453125 0.0109375 0.0078125
2 0.6265625 0.451171875 0.01875 0.01953125
2 0.60546875 0.4462890625 0.0109375 0.013671875
