0 0.55703125 0.45703125 0.0109375 0.03515625
0 0.5375 0.455078125 0.0125 0.0390625
0 0.5453125 0.458984375 0.009375 0.03515625
0 0.0078125 0.4345703125 0.0125 0.044921875
0 0.49921875 0.4482421875 0.0046875 0.013671875
0 0.50546875 0.4482421875 0.0046875 0.017578125
2 0.821875 0.44921875 0.0875 0.0546875
2 0.084375 0.4599609375 0.075 0.033203125
2 0.11875 0.4580078125 0.0375 0.029296875
2 0.2546875 0.4697265625 0.06875 0.060546875
2 0.340625 0.455078125 0.04375 0.04296875
2 0.2984375 0.4560546875 0.0375 0.033203125
2 0.4703125 0.455078125 0.046875 0.05078125
2 0.36484375 0.4501953125 0.0203125 0.033203125
2 0.38203125 0.4482421875 0.0171875 0.021484375
2 0.39921875 0.447265625 0.0109375 0.01171875
2 0.21796875 0.4541015625 0.0171875 0.021484375
