0 0.57109375 0.5966796875 0.0265625 0.091796875
0 0.1203125 0.595703125 0.0125 0.0390625
2 0.62109375 0.607421875 0.0859375 0.0859375
2 0.234375 0.607421875 0.078125 0.07421875
2 0.29921875 0.607421875 0.0484375 0.05078125
2 0.3328125 0.5986328125 0.040625 0.044921875
2 0.3625 0.5927734375 0.021875 0.037109375
2 0.38125 0.5908203125 0.01875 0.037109375
2 0.39453125 0.5849609375 0.0171875 0.029296875
2 0.45625 0.564453125 0.028125 0.01953125
2 0.5484375 0.5849609375 0.025 0.041015625
2 0.67578125 0.591796875 0.0296875 0.05859375
2 0.5390625 0.5595703125 0.034375 0.037109375
2 0.50546875 0.5625 0.0328125 0.015625
