0 0.171875 0.4951171875 0.034375 0.142578125
0 0.19296875 0.484375 0.0359375 0.14453125
0 0.03203125 0.48046875 0.0328125 0.15234375
6 0.55 0.4521484375 0.05 0.072265625
6 0.44921875 0.455078125 0.0140625 0.01953125
2 0.66484375 0.4990234375 0.0640625 0.064453125
2 0.6265625 0.490234375 0.059375 0.0546875
2 0.6 0.4853515625 0.025 0.044921875
2 0.58984375 0.48046875 0.0390625 0.046875
2 0.575 0.4765625 0.0375 0.046875
2 0.5546875 0.48046875 0.01875 0.03125
2 0.52265625 0.4697265625 0.0140625 0.025390625
2 0.515625 0.4658203125 0.021875 0.025390625
2 0.48359375 0.4755859375 0.0421875 0.041015625
2 0.45546875 0.4609375 0.0203125 0.0234375
2 0.43125 0.4677734375 0.0125 0.033203125
2 0.41484375 0.470703125 0.0328125 0.0390625
2 0.4015625 0.4833984375 0.05625 0.056640625
14 0.73125 0.4697265625 0.103125 0.154296875
