0 0.97734375 0.556640625 0.0453125 0.21875
1 0.60234375 0.5146484375 0.0265625 0.048828125
2 0.0171875 0.5078125 0.034375 0.12890625
2 0.08828125 0.517578125 0.1265625 0.1015625
2 0.18046875 0.5 0.0953125 0.0859375
2 0.30625 0.505859375 0.125 0.09765625
2 0.3859375 0.4814453125 0.034375 0.037109375
2 0.43828125 0.482421875 0.0921875 0.05078125
2 0.4828125 0.474609375 0.0125 0.015625
2 0.4953125 0.47265625 0.0125 0.015625
2 0.50703125 0.474609375 0.0078125 0.0078125
2 0.5125 0.474609375 0.003125 0.0078125
2 0.51640625 0.474609375 0.0046875 0.0078125
2 0.7890625 0.4912109375 0.0375 0.056640625
