0 0.78359375 0.48828125 0.0328125 0.08984375
0 0.74296875 0.482421875 0.0265625 0.109375
2 0.5171875 0.47265625 0.00625 0.0078125
2 0.509375 0.470703125 0.009375 0.01171875
2 0.49921875 0.470703125 0.0109375 0.01171875
2 0.49140625 0.4697265625 0.0046875 0.005859375
2 0.475 0.4716796875 0.009375 0.009765625
2 0.4375 0.4755859375 0.009375 0.009765625
2 0.35703125 0.4921875 0.0578125 0.05078125
2 0.25 0.5009765625 0.071875 0.060546875
2 0.20625 0.5 0.05 0.05078125
2 0.11640625 0.5107421875 0.1046875 0.068359375
2 0.03359375 0.51953125 0.0671875 0.06640625
