0 0.84375 0.451171875 0.021875 0.03125
0 0.98515625 0.4521484375 0.0203125 0.044921875
0 0.696875 0.48828125 0.05625 0.125
0 0.7265625 0.4833984375 0.05 0.119140625
0 0.6078125 0.4638671875 0.01875 0.064453125
0 0.44453125 0.44921875 0.0109375 0.03515625
0 0.434375 0.4453125 0.009375 0.0234375
0 0.50390625 0.4462890625 0.0078125 0.017578125
0 0.08046875 0.4384765625 0.0203125 0.025390625
0 0.0640625 0.439453125 0.01875 0.0234375
0 0.03984375 0.4482421875 0.0234375 0.044921875
2 0.3984375 0.4658203125 0.08125 0.056640625
2 0.4734375 0.443359375 0.015625 0.01953125
2 0.578125 0.4775390625 0.065625 0.060546875
2 0.55 0.4716796875 0.021875 0.048828125
2 0.540625 0.466796875 0.025 0.046875
2 0.53515625 0.462890625 0.0234375 0.0390625
2 0.53203125 0.4560546875 0.0296875 0.041015625
2 0.515625 0.451171875 0.015625 0.0234375
