0 0.359375 0.490234375 0.01875 0.06640625
0 0.37890625 0.4912109375 0.0171875 0.060546875
2 0.55703125 0.4951171875 0.0390625 0.048828125
2 0.51953125 0.4951171875 0.0515625 0.103515625
2 0.6296875 0.4755859375 0.125 0.115234375
2 0.68984375 0.4990234375 0.1546875 0.142578125
2 0.75703125 0.509765625 0.1234375 0.13671875
2 0.7859375 0.5224609375 0.08125 0.146484375
2 0.89296875 0.5107421875 0.2140625 0.208984375
2 0.93203125 0.55078125 0.1359375 0.20703125
2 0.45078125 0.5087890625 0.1421875 0.154296875
