0 0.1921875 0.5400390625 0.0125 0.029296875
0 0.85234375 0.552734375 0.0296875 0.109375
0 0.96640625 0.52734375 0.0234375 0.0625
2 0.1453125 0.66796875 0.290625 0.234375
2 0.253125 0.548828125 0.05625 0.05859375
2 0.3015625 0.546875 0.0375 0.04296875
2 0.353125 0.55078125 0.053125 0.0546875
2 0.40390625 0.5478515625 0.0484375 0.052734375
2 0.44453125 0.58203125 0.0984375 0.1171875
2 0.55859375 0.560546875 0.0890625 0.08203125
2 0.71171875 0.548828125 0.1109375 0.05859375
2 0.79921875 0.5380859375 0.0421875 0.033203125
