4 0.5015625 0.45703125 0.08125 0.109375
0 0.125 0.498046875 0.015625 0.05859375
0 0.13359375 0.494140625 0.0109375 0.05859375
0 0.95859375 0.4912109375 0.0421875 0.134765625
0 0.8953125 0.4951171875 0.03125 0.134765625
0 0.81953125 0.486328125 0.0359375 0.09375
0 0.80625 0.4833984375 0.015625 0.091796875
0 0.7015625 0.4775390625 0.015625 0.056640625
0 0.68359375 0.4716796875 0.0109375 0.048828125
0 0.67421875 0.4697265625 0.0109375 0.052734375
0 0.65703125 0.4736328125 0.0109375 0.048828125
0 0.6453125 0.4814453125 0.0125 0.056640625
0 0.6171875 0.478515625 0.015625 0.05859375
0 0.54609375 0.4814453125 0.0109375 0.041015625
2 0.30625 0.48828125 0.05625 0.0546875
2 0.340625 0.4833984375 0.025 0.033203125
2 0.36171875 0.4794921875 0.0234375 0.025390625
2 0.40546875 0.4853515625 0.0703125 0.076171875
