2 0.0515625 0.576171875 0.090625 0.0703125
2 0.06015625 0.5322265625 0.1203125 0.091796875
2 0.03828125 0.7470703125 0.0765625 0.185546875
2 0.14296875 0.5380859375 0.0421875 0.037109375
2 0.19765625 0.5341796875 0.0453125 0.037109375
2 0.234375 0.568359375 0.0625 0.10546875
2 0.77421875 0.462890625 0.0296875 0.03515625
2 0.75703125 0.474609375 0.0265625 0.046875
2 0.7296875 0.48828125 0.0625 0.0625
2 0.39140625 0.5224609375 0.2640625 0.251953125
2 0.54453125 0.50390625 0.0640625 0.0625
2 0.58828125 0.4912109375 0.0515625 0.060546875
2 0.63515625 0.486328125 0.0484375 0.03515625
2 0.68125 0.556640625 0.15 0.17578125
