0 0.6609375 0.5615234375 0.0125 0.025390625
0 0.71796875 0.5751953125 0.0171875 0.048828125
0 0.70390625 0.568359375 0.0109375 0.0390625
0 0.69296875 0.5693359375 0.0171875 0.041015625
0 0.5734375 0.5986328125 0.021875 0.091796875
0 0.346875 0.5771484375 0.015625 0.041015625
0 0.20859375 0.5849609375 0.0265625 0.048828125
1 0.5515625 0.5859375 0.01875 0.03515625
2 0.4421875 0.576171875 0.1375 0.05859375
2 0.26328125 0.6279296875 0.1390625 0.130859375
2 0.03046875 0.57421875 0.0609375 0.0703125
2 0.40625 0.7392578125 0.284375 0.287109375
