0 0.10625 0.4501953125 0.0125 0.056640625
0 0.125 0.453125 0.01875 0.0703125
0 0.1875 0.4501953125 0.01875 0.080078125
0 0.19921875 0.4521484375 0.0203125 0.083984375
0 0.2140625 0.451171875 0.01875 0.0703125
0 0.2921875 0.4521484375 0.025 0.076171875
0 0.26484375 0.4794921875 0.0390625 0.169921875
0 0.23984375 0.486328125 0.0578125 0.2265625
0 0.3265625 0.48046875 0.096875 0.22265625
2 0.36171875 0.4462890625 0.0296875 0.029296875
2 0.6421875 0.455078125 0.1875 0.08984375
2 0.11328125 0.451171875 0.0578125 0.046875
2 0.01640625 0.44921875 0.0328125 0.0859375
