4 0.48671875 0.5380859375 0.0328125 0.041015625
0 0.928125 0.708984375 0.09375 0.328125
0 0.73515625 0.5703125 0.0203125 0.05078125
0 0.72265625 0.5654296875 0.0140625 0.048828125
0 0.7046875 0.5673828125 0.01875 0.056640625
0 0.684375 0.5693359375 0.01875 0.056640625
0 0.609375 0.5556640625 0.009375 0.025390625
0 0.56015625 0.5654296875 0.0171875 0.044921875
0 0.403125 0.5546875 0.00625 0.0234375
0 0.39921875 0.5546875 0.0046875 0.02734375
0 0.37734375 0.556640625 0.0109375 0.03125
0 0.36796875 0.556640625 0.0109375 0.03515625
0 0.3578125 0.55859375 0.009375 0.03515625
0 0.33125 0.55859375 0.0125 0.0390625
2 0.48671875 0.67578125 0.2203125 0.23828125
14 0.02578125 0.7021484375 0.0515625 0.189453125
