4 0.4015625 0.427734375 0.05 0.06640625
1 0.12109375 0.490234375 0.1140625 0.09765625
2 0.27890625 0.470703125 0.0984375 0.08984375
2 0.3390625 0.458984375 0.059375 0.0703125
2 0.6171875 0.462890625 0.084375 0.0859375
2 0.57578125 0.4501953125 0.0609375 0.068359375
2 0.52734375 0.4482421875 0.0234375 0.041015625
2 0.54140625 0.455078125 0.0203125 0.046875
2 0.46484375 0.4453125 0.0265625 0.02734375
2 0.4921875 0.4462890625 0.0125 0.013671875
2 0.515625 0.4453125 0.015625 0.03125
2 0.50625 0.4453125 0.0125 0.02734375
2 0.5015625 0.4443359375 0.009375 0.025390625
2 0.4453125 0.443359375 0.009375 0.015625
