0 0.52734375 0.490234375 0.0203125 0.0625
2 0.0546875 0.5126953125 0.109375 0.197265625
2 0.1421875 0.513671875 0.128125 0.11328125
2 0.20390625 0.4833984375 0.0609375 0.037109375
2 0.31640625 0.4853515625 0.0671875 0.056640625
2 0.375 0.4892578125 0.021875 0.025390625
2 0.41015625 0.4873046875 0.0203125 0.025390625
2 0.4453125 0.4873046875 0.0375 0.041015625
2 0.6671875 0.5087890625 0.1625 0.146484375
2 0.52265625 0.48828125 0.0421875 0.05078125
2 0.49765625 0.486328125 0.0265625 0.04296875
2 0.48125 0.486328125 0.015625 0.03125
