6 0.4328125 0.474609375 0.009375 0.015625
2 0.075 0.5078125 0.0875 0.06640625
2 0.13984375 0.5166015625 0.0421875 0.041015625
2 0.2703125 0.5205078125 0.040625 0.029296875
2 0.34140625 0.5283203125 0.0140625 0.013671875
2 0.353125 0.5302734375 0.009375 0.009765625
2 0.3734375 0.525390625 0.015625 0.015625
2 0.38984375 0.5283203125 0.0109375 0.009765625
2 0.409375 0.525390625 0.01875 0.015625
2 0.42109375 0.525390625 0.0078125 0.01171875
2 0.490625 0.5224609375 0.03125 0.021484375
2 0.43984375 0.505859375 0.0109375 0.01171875
2 0.42734375 0.484375 0.0078125 0.0078125
2 0.4171875 0.48046875 0.00625 0.0078125
2 0.4234375 0.4765625 0.00625 0.0078125
