0 0.58671875 0.533203125 0.0140625 0.03515625
0 0.9375 0.5439453125 0.01875 0.064453125
0 0.4140625 0.525390625 0.009375 0.01953125
0 0.08984375 0.544921875 0.0078125 0.03125
0 0.23203125 0.544921875 0.0109375 0.03125
0 0.2390625 0.54296875 0.009375 0.03125
2 0.0140625 0.5849609375 0.028125 0.126953125
2 0.28359375 0.6044921875 0.1078125 0.134765625
2 0.5671875 0.529296875 0.021875 0.02734375
2 0.5859375 0.533203125 0.03125 0.02734375
2 0.52890625 0.5234375 0.0203125 0.015625
2 0.48203125 0.5224609375 0.0140625 0.009765625
2 0.7046875 0.6162109375 0.15 0.162109375
2 0.44765625 0.7373046875 0.3734375 0.416015625
2 0.503125 0.5234375 0.01875 0.01171875
2 0.44140625 0.5205078125 0.0140625 0.009765625
