0 0.59296875 0.482421875 0.0265625 0.09375
2 0.08671875 0.4599609375 0.1734375 0.111328125
2 0.4 0.4814453125 0.05625 0.052734375
2 0.590625 0.4814453125 0.0375 0.033203125
2 0.56796875 0.4765625 0.0234375 0.02734375
2 0.54453125 0.4775390625 0.0203125 0.021484375
2 0.53046875 0.4775390625 0.0078125 0.017578125
2 0.521875 0.4755859375 0.0125 0.017578125
2 0.50859375 0.4755859375 0.0140625 0.017578125
2 0.49609375 0.47265625 0.0109375 0.01171875
2 0.45 0.4619140625 0.00625 0.005859375
2 0.43515625 0.470703125 0.0109375 0.0234375
