4 0.52890625 0.5146484375 0.0234375 0.029296875
0 0.93671875 0.5205078125 0.0109375 0.041015625
0 0.94609375 0.5224609375 0.0078125 0.037109375
0 0.90859375 0.5224609375 0.0109375 0.037109375
0 0.89921875 0.5224609375 0.0078125 0.033203125
0 0.83671875 0.5234375 0.0078125 0.02734375
0 0.82578125 0.525390625 0.0078125 0.0234375
0 0.81875 0.525390625 0.00625 0.0234375
0 0.8546875 0.5224609375 0.009375 0.037109375
0 0.86484375 0.5244140625 0.0140625 0.037109375
0 0.8 0.5234375 0.015625 0.02734375
0 0.7875 0.5244140625 0.0125 0.029296875
0 0.72734375 0.533203125 0.0109375 0.04296875
0 0.69609375 0.5302734375 0.0078125 0.033203125
0 0.95625 0.5205078125 0.009375 0.041015625
0 0.7046875 0.52734375 0.009375 0.03125
0 0.640625 0.5302734375 0.009375 0.029296875
0 0.59609375 0.525390625 0.0046875 0.01953125
0 0.61328125 0.53125 0.0078125 0.0234375
0 0.05 0.55078125 0.009375 0.04296875
0 0.06484375 0.5498046875 0.0109375 0.041015625
0 0.25859375 0.537109375 0.0078125 0.02734375
0 0.07734375 0.544921875 0.0078125 0.02734375
0 0.0828125 0.5439453125 0.009375 0.029296875
0 0.096875 0.546875 0.009375 0.03515625
0 0.66875 0.52734375 0.00625 0.0234375
2 0.84765625 0.7197265625 0.3046875 0.302734375
2 0.515625 0.6220703125 0.165625 0.169921875
2 0.3203125 0.580078125 0.109375 0.1015625
2 0.38046875 0.552734375 0.0640625 0.0625
2 0.8140625 0.564453125 0.134375 0.0546875
2 0.23046875 0.546875 0.0515625 0.0390625
2 0.44296875 0.5400390625 0.0265625 0.033203125
2 0.41171875 0.53125 0.0171875 0.015625
2 0.56875 0.537109375 0.021875 0.02734375
2 0.5109375 0.5283203125 0.021875 0.017578125
2 0.48125 0.5263671875 0.01875 0.017578125
