0 0.82734375 0.5859375 0.0140625 0.04296875
0 0.80546875 0.5693359375 0.0140625 0.044921875
0 0.79609375 0.5771484375 0.0140625 0.060546875
0 0.746875 0.56640625 0.015625 0.046875
0 0.7640625 0.5654296875 0.01875 0.052734375
0 0.71796875 0.5751953125 0.0234375 0.060546875
0 0.73203125 0.5615234375 0.0109375 0.044921875
0 0.64453125 0.5625 0.0109375 0.05078125
0 0.6546875 0.5654296875 0.0125 0.048828125
0 0.66171875 0.548828125 0.0109375 0.03515625
2 0.31171875 0.5986328125 0.0515625 0.076171875
2 0.33515625 0.5673828125 0.0453125 0.052734375
2 0.384375 0.576171875 0.059375 0.05859375
2 0.43359375 0.56640625 0.0390625 0.0390625
2 0.46328125 0.5546875 0.0203125 0.0234375
2 0.21875 0.646484375 0.221875 0.19921875
2 0.4921875 0.576171875 0.040625 0.05859375
2 0.50703125 0.591796875 0.0578125 0.07421875
