0 0.00625 0.56640625 0.0125 0.07421875
0 0.01875 0.5625 0.0125 0.04296875
0 0.0328125 0.5537109375 0.015625 0.029296875
2 0.05 0.580078125 0.071875 0.05078125
2 0.25078125 0.55859375 0.0546875 0.05078125
2 0.2890625 0.5458984375 0.046875 0.041015625
2 0.35546875 0.5517578125 0.0328125 0.029296875
2 0.38828125 0.548828125 0.0265625 0.0234375
2 0.47890625 0.5498046875 0.0171875 0.017578125
2 0.5 0.546875 0.015625 0.01953125
2 0.53046875 0.5615234375 0.0515625 0.064453125
2 0.5578125 0.5576171875 0.015625 0.048828125
2 0.56484375 0.5478515625 0.0234375 0.033203125
2 0.6265625 0.5595703125 0.071875 0.087890625
2 0.9703125 0.681640625 0.059375 0.1796875
2 0.9796875 0.560546875 0.040625 0.05859375
2 0.93984375 0.5556640625 0.0453125 0.052734375
2 0.90859375 0.55078125 0.0390625 0.04296875
2 0.88046875 0.552734375 0.0359375 0.0390625
