4 0.45859375 0.435546875 0.0140625 0.01953125
0 0.6484375 0.4384765625 0.015625 0.044921875
0 0.0421875 0.44140625 0.025 0.05859375
2 0.44765625 0.4443359375 0.0140625 0.013671875
2 0.42578125 0.4453125 0.0171875 0.01171875
2 0.48046875 0.44140625 0.0140625 0.015625
2 0.49375 0.4423828125 0.009375 0.013671875
2 0.50234375 0.4423828125 0.0140625 0.021484375
2 0.5109375 0.4443359375 0.015625 0.025390625
2 0.52421875 0.4462890625 0.0203125 0.037109375
2 0.55078125 0.447265625 0.0421875 0.05859375
2 0.34921875 0.46484375 0.0609375 0.05859375
2 0.12265625 0.484375 0.2484375 0.08984375
2 0.578125 0.45703125 0.05625 0.05859375
2 0.721875 0.51953125 0.209375 0.19921875
