0 0.72421875 0.427734375 0.0078125 0.0234375
1 0.94609375 0.5087890625 0.0890625 0.068359375
1 0.84140625 0.5703125 0.0390625 0.10546875
1 0.68515625 0.57421875 0.0515625 0.1171875
2 0.94296875 0.4560546875 0.0171875 0.021484375
2 0.88515625 0.4501953125 0.0984375 0.064453125
2 0.675 0.4384765625 0.01875 0.021484375
2 0.65390625 0.4375 0.0234375 0.0234375
2 0.153125 0.4501953125 0.021875 0.021484375
2 0.0953125 0.4453125 0.021875 0.015625
2 0.071875 0.4482421875 0.015625 0.017578125
2 0.02265625 0.451171875 0.0265625 0.02734375
2 0.50390625 0.50390625 0.1484375 0.09375
