0 0.28984375 0.484375 0.0109375 0.01953125
0 0.33515625 0.4814453125 0.0109375 0.017578125
0 0.37109375 0.4833984375 0.0078125 0.017578125
0 0.7375 0.537109375 0.03125 0.12109375
0 0.7078125 0.53515625 0.04375 0.11328125
0 0.68671875 0.5302734375 0.0328125 0.111328125
0 0.6484375 0.490234375 0.015625 0.0234375
0 0.42109375 0.4892578125 0.0078125 0.021484375
0 0.4328125 0.486328125 0.00625 0.015625
2 0.5578125 0.49609375 0.03125 0.03515625
2 0.5359375 0.494140625 0.0125 0.01953125
2 0.5234375 0.494140625 0.021875 0.02734375
2 0.51328125 0.505859375 0.0359375 0.0390625
