0 0.28125 0.5703125 0.01875 0.078125
0 0.296875 0.5537109375 0.021875 0.041015625
0 0.40234375 0.57421875 0.0140625 0.06640625
0 0.5734375 0.5478515625 0.009375 0.025390625
0 0.56484375 0.5439453125 0.0109375 0.029296875
0 0.55625 0.54296875 0.009375 0.02734375
0 0.45390625 0.552734375 0.0109375 0.0234375
0 0.31171875 0.5546875 0.0109375 0.03515625
0 0.4921875 0.541015625 0.00625 0.01953125
2 0.921875 0.5693359375 0.15625 0.091796875
2 0.8515625 0.533203125 0.065625 0.0390625
2 0.81640625 0.5458984375 0.0703125 0.048828125
2 0.78515625 0.5546875 0.0578125 0.046875
2 0.753125 0.5556640625 0.08125 0.056640625
2 0.7 0.56640625 0.125 0.0625
2 0.20546875 0.5615234375 0.0421875 0.033203125
2 0.115625 0.572265625 0.046875 0.046875
2 0.0484375 0.5712890625 0.06875 0.044921875
2 0.40078125 0.5595703125 0.0640625 0.037109375
2 0.5125 0.552734375 0.05 0.03125
2 0.16171875 0.556640625 0.0390625 0.02734375
