0 0.225 0.4814453125 0.028125 0.103515625
1 0.4765625 0.494140625 0.03125 0.0703125
2 0.953125 0.509765625 0.09375 0.30859375
2 0.85546875 0.5263671875 0.1828125 0.173828125
2 0.746875 0.4970703125 0.13125 0.115234375
2 0.6625 0.4814453125 0.0875 0.076171875
2 0.61875 0.4755859375 0.046875 0.064453125
2 0.59921875 0.470703125 0.0359375 0.05859375
2 0.5765625 0.4697265625 0.0375 0.044921875
2 0.55703125 0.4638671875 0.0296875 0.041015625
2 0.53515625 0.458984375 0.0203125 0.02734375
2 0.528125 0.455078125 0.025 0.02734375
2 0.50625 0.4560546875 0.01875 0.017578125
2 0.43515625 0.455078125 0.0140625 0.015625
2 0.425 0.4560546875 0.0125 0.013671875
2 0.4140625 0.45703125 0.0125 0.01953125
2 0.403125 0.4580078125 0.01875 0.025390625
2 0.3890625 0.4609375 0.021875 0.02734375
2 0.3734375 0.4638671875 0.028125 0.029296875
2 0.34375 0.4658203125 0.04375 0.048828125
2 0.3265625 0.470703125 0.04375 0.046875
2 0.28359375 0.4775390625 0.0546875 0.068359375
2 0.2421875 0.4853515625 0.071875 0.076171875
2 0.1515625 0.498046875 0.14375 0.109375
