0 0.69453125 0.5029296875 0.0078125 0.013671875
0 0.65859375 0.48828125 0.0109375 0.01953125
0 0.64296875 0.4892578125 0.0046875 0.017578125
0 0.365625 0.486328125 0.00625 0.01953125
0 0.371875 0.4853515625 0.00625 0.017578125
0 0.478125 0.478515625 0.003125 0.01171875
0 0.3171875 0.4794921875 0.003125 0.005859375
0 0.3234375 0.48046875 0.003125 0.0078125
2 0.5765625 0.490234375 0.025 0.015625
2 0.4875 0.4775390625 0.009375 0.013671875
2 0.51640625 0.4853515625 0.0109375 0.013671875
2 0.49453125 0.4912109375 0.0203125 0.021484375
2 0.32890625 0.505859375 0.0609375 0.046875
