6 0.66484375 0.47265625 0.0359375 0.0625
2 0.91015625 0.7021484375 0.1796875 0.392578125
2 0.61640625 0.5009765625 0.0453125 0.052734375
2 0.56171875 0.5595703125 0.1421875 0.146484375
2 0.6390625 0.4873046875 0.01875 0.033203125
2 0.09375 0.564453125 0.0875 0.0859375
2 0.04765625 0.5732421875 0.0953125 0.091796875
2 0.25859375 0.5322265625 0.1109375 0.056640625
2 0.33203125 0.5234375 0.0546875 0.046875
2 0.36484375 0.5185546875 0.0328125 0.037109375
2 0.42421875 0.5078125 0.0484375 0.0546875
2 0.48828125 0.498046875 0.0265625 0.0234375
2 0.58125 0.4833984375 0.015625 0.005859375
