1 0.596875 0.4775390625 0.028125 0.041015625
2 0.503125 0.46875 0.025 0.02734375
2 0.4875 0.4677734375 0.0125 0.021484375
2 0.4796875 0.466796875 0.009375 0.015625
2 0.47421875 0.462890625 0.0109375 0.015625
2 0.46953125 0.4560546875 0.0109375 0.013671875
2 0.4453125 0.455078125 0.009375 0.0078125
2 0.4328125 0.455078125 0.009375 0.01171875
2 0.4203125 0.4638671875 0.0125 0.013671875
2 0.403125 0.46484375 0.0125 0.01953125
2 0.39609375 0.4677734375 0.0140625 0.021484375
2 0.38671875 0.4697265625 0.0171875 0.021484375
2 0.36953125 0.470703125 0.0265625 0.02734375
2 0.34375 0.4716796875 0.03125 0.033203125
2 0.3203125 0.474609375 0.028125 0.0390625
2 0.28515625 0.474609375 0.0578125 0.05859375
