0 0.00703125 0.46875 0.0140625 0.09765625
0 0.0328125 0.4599609375 0.021875 0.099609375
0 0.0828125 0.458984375 0.01875 0.07421875
0 0.32109375 0.4609375 0.0359375 0.09375
0 0.584375 0.4501953125 0.021875 0.091796875
0 0.60078125 0.4521484375 0.0265625 0.095703125
0 0.72109375 0.517578125 0.0484375 0.30078125
0 0.75 0.513671875 0.059375 0.3125
0 0.86875 0.5263671875 0.090625 0.341796875
2 0.46328125 0.4501953125 0.0109375 0.009765625
2 0.4265625 0.4541015625 0.009375 0.013671875
2 0.4390625 0.4501953125 0.01875 0.017578125
2 0.49140625 0.451171875 0.0078125 0.0078125
2 0.4984375 0.451171875 0.009375 0.01171875
2 0.52734375 0.45703125 0.0453125 0.04296875
2 0.23984375 0.458984375 0.0640625 0.0546875
