0 0.90859375 0.6064453125 0.0359375 0.095703125
0 0.884375 0.5966796875 0.0375 0.107421875
0 0.15703125 0.548828125 0.0296875 0.1015625
0 0.6453125 0.5322265625 0.009375 0.025390625
0 0.6546875 0.5322265625 0.00625 0.025390625
0 0.70859375 0.533203125 0.0078125 0.02734375
0 0.63203125 0.53125 0.0046875 0.0234375
0 0.6078125 0.5302734375 0.00625 0.021484375
0 0.61953125 0.5302734375 0.0078125 0.025390625
6 0.484375 0.4990234375 0.109375 0.138671875
2 0.58125 0.611328125 0.121875 0.1484375
2 0.48515625 0.7138671875 0.3109375 0.326171875
2 0.39140625 0.615234375 0.1609375 0.22265625
2 0.2703125 0.5224609375 0.034375 0.033203125
