4 0.53671875 0.44921875 0.0390625 0.015625
0 0.9140625 0.46484375 0.025 0.14453125
0 0.1484375 0.44921875 0.021875 0.09765625
0 0.18984375 0.4462890625 0.0234375 0.099609375
0 0.284375 0.443359375 0.015625 0.05859375
1 0.4890625 0.453125 0.009375 0.015625
1 0.5109375 0.453125 0.009375 0.015625
1 0.68828125 0.478515625 0.0328125 0.0703125
1 0.65078125 0.4755859375 0.0296875 0.041015625
2 0.5875 0.4560546875 0.03125 0.037109375
2 0.42265625 0.4462890625 0.0421875 0.044921875
2 0.44921875 0.4521484375 0.0171875 0.029296875
2 0.45859375 0.4482421875 0.0203125 0.029296875
2 0.471875 0.44921875 0.009375 0.0234375
2 0.48046875 0.447265625 0.0078125 0.015625
