0 0.615625 0.4453125 0.025 0.0703125
0 0.54296875 0.4326171875 0.0171875 0.021484375
0 0.9765625 0.4365234375 0.0375 0.119140625
0 0.93125 0.4462890625 0.03125 0.099609375
2 0.10859375 0.525390625 0.2171875 0.234375
2 0.25546875 0.4638671875 0.0265625 0.033203125
2 0.2375 0.4677734375 0.034375 0.029296875
2 0.31015625 0.4560546875 0.0265625 0.021484375
2 0.33984375 0.44921875 0.0171875 0.015625
2 0.371875 0.4453125 0.009375 0.01171875
2 0.41796875 0.443359375 0.0109375 0.01171875
2 0.40703125 0.4423828125 0.0078125 0.005859375
