0 0.203125 0.564453125 0.01875 0.046875
0 0.278125 0.552734375 0.009375 0.03125
0 0.396875 0.53125 0.00625 0.0234375
0 0.42890625 0.5478515625 0.0078125 0.037109375
0 0.434375 0.5478515625 0.009375 0.037109375
0 0.7921875 0.59765625 0.0375 0.12890625
0 0.80859375 0.6015625 0.0328125 0.12109375
0 0.83828125 0.58984375 0.0140625 0.0546875
0 0.44375 0.529296875 0.00625 0.01953125
0 0.44921875 0.5283203125 0.0078125 0.021484375
2 0.29609375 0.564453125 0.0453125 0.0390625
2 0.91796875 0.5859375 0.1078125 0.0625
2 0.5 0.6064453125 0.103125 0.103515625
2 0.4140625 0.728515625 0.290625 0.27734375
2 0.37578125 0.5380859375 0.0203125 0.017578125
