0 0.859375 0.4423828125 0.046875 0.123046875
0 0.40859375 0.447265625 0.0078125 0.0234375
0 0.36875 0.453125 0.009375 0.03515625
2 0.47265625 0.4482421875 0.0171875 0.025390625
2 0.3984375 0.4404296875 0.009375 0.009765625
2 0.38515625 0.4423828125 0.0109375 0.013671875
2 0.36484375 0.4521484375 0.0265625 0.021484375
2 0.3328125 0.4580078125 0.0125 0.017578125
2 0.31953125 0.4580078125 0.0203125 0.025390625
2 0.30390625 0.4609375 0.0234375 0.0234375
2 0.2765625 0.4658203125 0.03125 0.029296875
2 0.253125 0.470703125 0.01875 0.03125
2 0.16875 0.4814453125 0.05625 0.048828125
2 0.2171875 0.4716796875 0.0625 0.044921875
2 0.0828125 0.54296875 0.165625 0.31640625
