4 0.5203125 0.4033203125 0.1125 0.185546875
0 0.9078125 0.443359375 0.03125 0.06640625
0 0.92734375 0.4208984375 0.0234375 0.037109375
2 0.46171875 0.42578125 0.0140625 0.03125
2 0.440625 0.431640625 0.04375 0.04296875
2 0.2859375 0.453125 0.225 0.25390625
2 0.6171875 0.447265625 0.028125 0.0625
2 0.72421875 0.478515625 0.1546875 0.140625
2 0.80078125 0.4521484375 0.0296875 0.044921875
2 0.55234375 0.4599609375 0.1390625 0.150390625
2 0.8625 0.45703125 0.08125 0.1015625
2 0.92109375 0.5791015625 0.1578125 0.451171875
