4 0.7625 0.4609375 0.125 0.1875
2 0.56796875 0.693359375 0.3578125 0.37109375
2 0.98046875 0.720703125 0.0390625 0.296875
2 0.90703125 0.6083984375 0.1859375 0.232421875
2 0.8375 0.556640625 0.13125 0.15625
2 0.78671875 0.5302734375 0.0890625 0.107421875
2 0.70078125 0.482421875 0.0265625 0.05859375
2 0.63828125 0.5439453125 0.1546875 0.154296875
2 0.63203125 0.470703125 0.1015625 0.01953125
2 0.47578125 0.4990234375 0.0421875 0.041015625
2 0.50546875 0.4873046875 0.0234375 0.033203125
2 0.53515625 0.4873046875 0.0390625 0.041015625
