0 0.96875 0.4501953125 0.034375 0.111328125
0 0.85546875 0.4658203125 0.0390625 0.205078125
0 0.18984375 0.470703125 0.0109375 0.046875
0 0.15859375 0.4775390625 0.0140625 0.060546875
0 0.146875 0.4755859375 0.01875 0.068359375
0 0.12578125 0.474609375 0.0234375 0.0859375
2 0.58515625 0.4765625 0.0734375 0.078125
2 0.41640625 0.5068359375 0.2421875 0.279296875
2 0.06484375 0.51171875 0.1296875 0.19921875
13 0.9546875 0.505859375 0.10625 0.15625
2 0.59375 0.458984375 0.0625 0.0703125
2 0.54140625 0.4716796875 0.0234375 0.060546875
