4 0.665625 0.4013671875 0.025 0.033203125
0 0.81328125 0.4521484375 0.0234375 0.095703125
0 0.6359375 0.412109375 0.0125 0.0390625
0 0.61953125 0.4111328125 0.0109375 0.037109375
0 0.1640625 0.4384765625 0.059375 0.240234375
0 0.1125 0.4296875 0.065625 0.23046875
0 0.1953125 0.3759765625 0.025 0.060546875
0 0.25234375 0.4404296875 0.0390625 0.119140625
0 0.29375 0.4443359375 0.05 0.126953125
0 0.3609375 0.435546875 0.034375 0.10546875
0 0.38359375 0.435546875 0.0265625 0.109375
0 0.409375 0.43359375 0.034375 0.08203125
1 0.7625 0.4453125 0.053125 0.046875
2 0.8890625 0.4677734375 0.159375 0.169921875
