0 0.3140625 0.455078125 0.009375 0.0390625
0 0.3234375 0.4541015625 0.009375 0.033203125
0 0.33203125 0.4541015625 0.0078125 0.029296875
0 0.57421875 0.458984375 0.0390625 0.0859375
0 0.84296875 0.517578125 0.1515625 0.38671875
0 0.946875 0.5087890625 0.10625 0.412109375
0 0.84453125 0.505859375 0.1453125 0.4609375
2 0.48828125 0.44921875 0.0140625 0.015625
2 0.475 0.44921875 0.0125 0.015625
2 0.4296875 0.4462890625 0.0625 0.064453125
2 0.24140625 0.4599609375 0.0671875 0.056640625
2 0.534375 0.4580078125 0.04375 0.044921875
