4 0.640625 0.384765625 0.03125 0.046875
4 0.67578125 0.3837890625 0.0234375 0.033203125
4 0.690625 0.3994140625 0.028125 0.041015625
6 0.91796875 0.408203125 0.1640625 0.19140625
2 0.56484375 0.498046875 0.1953125 0.19921875
2 0.4078125 0.447265625 0.115625 0.1015625
2 0.4859375 0.4208984375 0.046875 0.048828125
2 0.60859375 0.400390625 0.0359375 0.0234375
2 0.62734375 0.404296875 0.0203125 0.03125
2 0.6875 0.41015625 0.015625 0.03125
2 0.7140625 0.4208984375 0.053125 0.056640625
2 0.78671875 0.4228515625 0.0453125 0.044921875
