0 0.6625 0.4248046875 0.0125 0.021484375
2 0.075 0.46875 0.15 0.18359375
2 0.18359375 0.474609375 0.0984375 0.08984375
2 0.22578125 0.45703125 0.1015625 0.08984375
2 0.28359375 0.4560546875 0.0484375 0.068359375
2 0.315625 0.4501953125 0.0375 0.056640625
2 0.3375 0.4462890625 0.0375 0.048828125
2 0.375 0.4404296875 0.04375 0.041015625
2 0.39453125 0.4365234375 0.0171875 0.033203125
2 0.4265625 0.4375 0.021875 0.0234375
2 0.43984375 0.431640625 0.0109375 0.015625
2 0.44296875 0.4296875 0.0109375 0.01171875
2 0.45 0.42578125 0.009375 0.01171875
2 0.5078125 0.43359375 0.0125 0.015625
2 0.50234375 0.4296875 0.0109375 0.015625
2 0.6875 0.4599609375 0.08125 0.111328125
2 0.77578125 0.4765625 0.1703125 0.16015625
2 0.94609375 0.53125 0.1078125 0.1875
