0 0.44921875 0.3984375 0.0078125 0.0234375
0 0.9875 0.44921875 0.0125 0.04296875
0 0.99609375 0.451171875 0.0078125 0.0390625
0 0.90625 0.4443359375 0.009375 0.033203125
0 0.91796875 0.447265625 0.0078125 0.0234375
0 0.9265625 0.447265625 0.009375 0.02734375
0 0.9359375 0.4462890625 0.00625 0.029296875
0 0.71015625 0.4150390625 0.0078125 0.017578125
0 0.71484375 0.4150390625 0.0078125 0.017578125
2 0.58046875 0.4609375 0.1015625 0.09375
2 0.528125 0.4072265625 0.01875 0.021484375
2 0.56796875 0.40625 0.0140625 0.015625
2 0.55859375 0.404296875 0.0109375 0.01171875
2 0.55 0.40234375 0.009375 0.01171875
2 0.50859375 0.3984375 0.0078125 0.0078125
2 0.51875 0.3984375 0.00625 0.0078125
