0 0.71015625 0.5234375 0.0703125 0.28515625
0 0.05234375 0.5068359375 0.0609375 0.201171875
14 0.07265625 0.45703125 0.1453125 0.14453125
2 0.9734375 0.533203125 0.053125 0.2265625
2 0.92265625 0.46875 0.1328125 0.0859375
2 0.05390625 0.5009765625 0.1078125 0.150390625
2 0.16796875 0.474609375 0.0609375 0.05859375
2 0.25859375 0.4697265625 0.0328125 0.029296875
14 0.66015625 0.453125 0.4046875 0.1875
14 0.4359375 0.4853515625 0.15625 0.083984375
14 0.371875 0.4794921875 0.096875 0.072265625
14 0.32109375 0.47265625 0.0921875 0.05859375
