0 0.046875 0.486328125 0.028125 0.078125
0 0.2203125 0.49609375 0.034375 0.1171875
0 0.434375 0.5380859375 0.1125 0.318359375
2 0.9671875 0.603515625 0.065625 0.203125
2 0.71015625 0.521484375 0.3078125 0.21484375
2 0.53359375 0.5234375 0.1046875 0.140625
2 0.259375 0.4951171875 0.05 0.091796875
2 0.20078125 0.4912109375 0.0828125 0.076171875
2 0.13125 0.4853515625 0.075 0.060546875
2 0.0734375 0.4833984375 0.040625 0.048828125
2 0.02578125 0.48046875 0.0265625 0.0390625
14 0.3875 0.4765625 0.240625 0.1640625
