6 0.5 0.478515625 0.0125 0.0234375
2 0.24140625 0.5810546875 0.1921875 0.150390625
2 0.06796875 0.513671875 0.0421875 0.0390625
2 0.3640625 0.501953125 0.046875 0.046875
2 0.45234375 0.4970703125 0.0296875 0.029296875
2 0.46640625 0.486328125 0.0078125 0.01171875
2 0.47734375 0.486328125 0.0140625 0.015625
2 0.20859375 0.5 0.0296875 0.01953125
2 0.23359375 0.5009765625 0.0171875 0.013671875
2 0.25 0.5 0.015625 0.01171875
2 0.5046875 0.4833984375 0.0125 0.017578125
2 0.49140625 0.482421875 0.0078125 0.015625
