4 0.42109375 0.431640625 0.0296875 0.04296875
0 0.55546875 0.478515625 0.0421875 0.14453125
1 0.55859375 0.498046875 0.1234375 0.09765625
2 0.2796875 0.46875 0.1 0.08984375
2 0.34140625 0.4599609375 0.0546875 0.068359375
2 0.45078125 0.4599609375 0.0578125 0.056640625
2 0.61796875 0.462890625 0.0828125 0.0859375
2 0.56796875 0.44921875 0.0609375 0.0625
2 0.53359375 0.4482421875 0.0328125 0.041015625
2 0.51328125 0.4462890625 0.0203125 0.033203125
2 0.50390625 0.4443359375 0.0171875 0.025390625
2 0.49296875 0.4453125 0.0109375 0.015625
2 0.484375 0.4462890625 0.00625 0.009765625
