0 0.3078125 0.4765625 0.015625 0.05078125
0 0.8296875 0.4873046875 0.0125 0.064453125
0 0.8515625 0.47265625 0.015625 0.05078125
1 0.0484375 0.5205078125 0.0375 0.021484375
2 0.50859375 0.484375 0.0578125 0.0546875
2 0.56015625 0.45703125 0.0296875 0.03125
2 0.51875 0.4501953125 0.025 0.021484375
2 0.56953125 0.4306640625 0.0109375 0.013671875
2 0.5875 0.4326171875 0.009375 0.009765625
2 0.59296875 0.4267578125 0.0046875 0.005859375
2 0.6046875 0.423828125 0.003125 0.00390625
2 0.615625 0.4296875 0.009375 0.01171875
