0 0.85234375 0.4765625 0.0640625 0.19921875
0 0.696875 0.474609375 0.059375 0.21484375
0 0.54609375 0.4765625 0.0453125 0.1796875
0 0.50703125 0.474609375 0.0484375 0.19140625
0 0.36953125 0.4453125 0.0171875 0.0546875
0 0.14765625 0.4443359375 0.0078125 0.029296875
0 0.13671875 0.4462890625 0.0078125 0.029296875
0 0.12734375 0.4453125 0.0078125 0.02734375
2 0.91015625 0.4873046875 0.1796875 0.142578125
2 0.30703125 0.455078125 0.0546875 0.05859375
2 0.240625 0.443359375 0.01875 0.01953125
2 0.19296875 0.443359375 0.0578125 0.0625
2 0.10859375 0.4501953125 0.0328125 0.041015625
2 0.0640625 0.451171875 0.08125 0.06640625
