1 0.6125 0.4541015625 0.028125 0.044921875
1 0.57578125 0.4638671875 0.0296875 0.041015625
1 0.53828125 0.458984375 0.0328125 0.046875
1 0.50546875 0.45703125 0.0328125 0.0546875
1 0.48125 0.458984375 0.03125 0.05859375
1 0.4578125 0.4658203125 0.040625 0.060546875
1 0.43671875 0.4716796875 0.0390625 0.052734375
1 0.384375 0.4755859375 0.040625 0.064453125
1 0.27421875 0.486328125 0.0265625 0.06640625
1 0.30546875 0.4853515625 0.0453125 0.068359375
1 0.1671875 0.4951171875 0.08125 0.076171875
1 0.06015625 0.4951171875 0.0859375 0.080078125
2 0.75546875 0.4384765625 0.0828125 0.068359375
2 0.9703125 0.4287109375 0.059375 0.080078125
2 0.66953125 0.431640625 0.0609375 0.03125
2 0.1828125 0.4267578125 0.23125 0.107421875
