1 0.5859375 0.48046875 0.01875 0.04296875
2 0.05859375 0.4677734375 0.0734375 0.056640625
2 0.11796875 0.4755859375 0.1140625 0.076171875
2 0.19140625 0.4716796875 0.0453125 0.041015625
2 0.2546875 0.4599609375 0.065625 0.017578125
2 0.3328125 0.4775390625 0.053125 0.048828125
2 0.37265625 0.4765625 0.0328125 0.0390625
2 0.30078125 0.4619140625 0.0265625 0.021484375
2 0.4421875 0.4638671875 0.034375 0.025390625
2 0.60546875 0.4658203125 0.0171875 0.017578125
2 0.65390625 0.470703125 0.0296875 0.01953125
2 0.9609375 0.5205078125 0.078125 0.158203125
