0 0.4921875 0.45703125 0.0125 0.02734375
0 0.52734375 0.455078125 0.0078125 0.01953125
0 0.4125 0.45703125 0.009375 0.03125
0 0.43828125 0.4541015625 0.0109375 0.033203125
2 0.6984375 0.453125 0.05 0.03515625
2 0.46328125 0.458984375 0.0359375 0.0390625
2 0.36640625 0.4580078125 0.0359375 0.033203125
2 0.3375 0.453125 0.021875 0.01953125
2 0.30859375 0.455078125 0.0234375 0.01953125
2 0.27578125 0.4736328125 0.0640625 0.056640625
2 0.14453125 0.455078125 0.0484375 0.03125
2 0.3828125 0.44921875 0.0125 0.01171875
