0 0.8203125 0.4794921875 0.03125 0.111328125
0 0.5625 0.474609375 0.01875 0.06640625
0 0.42109375 0.4755859375 0.0203125 0.041015625
0 0.4125 0.474609375 0.009375 0.0390625
2 0.93125 0.5263671875 0.1375 0.251953125
2 0.690625 0.4873046875 0.140625 0.123046875
2 0.59375 0.4814453125 0.08125 0.060546875
2 0.5015625 0.474609375 0.0375 0.0390625
2 0.38671875 0.4755859375 0.0453125 0.029296875
2 0.4328125 0.4716796875 0.021875 0.029296875
2 0.45859375 0.4716796875 0.0171875 0.013671875
2 0.46953125 0.4677734375 0.0109375 0.009765625
