0 0.18359375 0.4931640625 0.0640625 0.275390625
0 0.1328125 0.4404296875 0.021875 0.056640625
0 0.10234375 0.4541015625 0.0171875 0.048828125
0 0.0875 0.458984375 0.025 0.06640625
0 0.6453125 0.439453125 0.015625 0.04296875
0 0.696875 0.4365234375 0.009375 0.041015625
1 0.73671875 0.4482421875 0.0203125 0.025390625
2 0.0515625 0.451171875 0.075 0.0390625
2 0.6015625 0.4658203125 0.0375 0.080078125
2 0.5515625 0.47265625 0.11875 0.09765625
2 0.43125 0.4345703125 0.0125 0.013671875
2 0.44296875 0.4384765625 0.0140625 0.017578125
2 0.41640625 0.435546875 0.0109375 0.015625
