4 0.4640625 0.427734375 0.0125 0.0234375
1 0.63515625 0.4853515625 0.0296875 0.060546875
2 0.5546875 0.4423828125 0.040625 0.044921875
2 0.5296875 0.439453125 0.009375 0.03125
2 0.521875 0.439453125 0.00625 0.01953125
2 0.49296875 0.4365234375 0.0203125 0.021484375
2 0.50546875 0.4365234375 0.0078125 0.013671875
2 0.44453125 0.43359375 0.0078125 0.01171875
2 0.4375 0.435546875 0.009375 0.015625
2 0.42734375 0.439453125 0.0171875 0.015625
2 0.40546875 0.4404296875 0.0265625 0.029296875
2 0.3796875 0.44921875 0.025 0.02734375
2 0.34140625 0.4580078125 0.0515625 0.044921875
2 0.24609375 0.470703125 0.0859375 0.08203125
