0 0.07890625 0.46875 0.0328125 0.109375
0 0.2265625 0.4482421875 0.021875 0.056640625
0 0.25 0.443359375 0.028125 0.078125
0 0.27109375 0.4521484375 0.0203125 0.056640625
0 0.4296875 0.4296875 0.009375 0.02734375
0 0.42265625 0.435546875 0.0109375 0.03125
0 0.40859375 0.43359375 0.0109375 0.04296875
0 0.37578125 0.4345703125 0.0140625 0.044921875
0 0.5609375 0.4482421875 0.021875 0.076171875
0 0.91015625 0.4658203125 0.0171875 0.060546875
0 0.80390625 0.4541015625 0.0109375 0.044921875
1 0.45390625 0.4521484375 0.0171875 0.037109375
6 0.6453125 0.43359375 0.06875 0.0859375
6 0.7203125 0.423828125 0.08125 0.109375
2 0.4734375 0.4267578125 0.04375 0.056640625
2 0.52109375 0.4404296875 0.0265625 0.025390625
2 0.55 0.43359375 0.009375 0.015625
2 0.58046875 0.4404296875 0.0078125 0.021484375
2 0.590625 0.44140625 0.015625 0.0234375
2 0.60625 0.439453125 0.0125 0.01953125
2 0.678125 0.4580078125 0.05625 0.048828125
2 0.7609375 0.4482421875 0.075 0.099609375
