4 0.53046875 0.384765625 0.0234375 0.04296875
6 0.72109375 0.3935546875 0.0609375 0.083984375
2 0.87109375 0.44140625 0.1109375 0.1015625
2 0.51796875 0.4697265625 0.1328125 0.126953125
2 0.61953125 0.423828125 0.0515625 0.05078125
2 0.70625 0.4150390625 0.05 0.048828125
2 0.66640625 0.4140625 0.0359375 0.03515625
2 0.58359375 0.412109375 0.0328125 0.03125
2 0.51171875 0.400390625 0.0234375 0.015625
2 0.55625 0.4013671875 0.025 0.025390625
2 0.540625 0.3974609375 0.01875 0.021484375
2 0.50234375 0.3935546875 0.0078125 0.017578125
2 0.50625 0.3857421875 0.009375 0.013671875
2 0.50859375 0.3798828125 0.0078125 0.009765625
2 0.61796875 0.3935546875 0.0109375 0.009765625
2 0.6328125 0.3896484375 0.01875 0.017578125
2 0.51328125 0.375 0.0046875 0.0078125
2 0.50546875 0.3623046875 0.0046875 0.005859375
2 0.51328125 0.3681640625 0.0046875 0.005859375
2 0.66796875 0.384765625 0.0265625 0.0234375
