0 0.95078125 0.5029296875 0.0234375 0.044921875
0 0.92578125 0.4990234375 0.0265625 0.052734375
0 0.846875 0.50390625 0.03125 0.06640625
0 0.81875 0.498046875 0.025 0.0703125
0 0.08984375 0.513671875 0.0265625 0.09375
0 0.06640625 0.4990234375 0.0203125 0.060546875
0 0.2546875 0.505859375 0.0125 0.05859375
0 0.2640625 0.5048828125 0.0125 0.060546875
0 0.32890625 0.484375 0.0078125 0.01953125
0 0.4046875 0.48046875 0.009375 0.01171875
0 0.63515625 0.490234375 0.0078125 0.0234375
0 0.61328125 0.4873046875 0.0046875 0.017578125
0 0.5953125 0.4833984375 0.00625 0.013671875
0 0.671875 0.4921875 0.009375 0.03125
1 0.68359375 0.5849609375 0.0359375 0.076171875
2 0.5453125 0.65234375 0.33125 0.3359375
2 0.4515625 0.5029296875 0.03125 0.041015625
2 0.38671875 0.5048828125 0.0421875 0.041015625
2 0.409375 0.501953125 0.01875 0.03515625
