0 0.31484375 0.490234375 0.0140625 0.0234375
0 0.2828125 0.4921875 0.009375 0.015625
6 0.90703125 0.4404296875 0.0328125 0.021484375
6 0.940625 0.4423828125 0.03125 0.017578125
2 0.09375 0.607421875 0.1875 0.20703125
2 0.28203125 0.587890625 0.2265625 0.17578125
2 0.41328125 0.5537109375 0.1734375 0.134765625
2 0.51875 0.533203125 0.18125 0.14453125
2 0.6625 0.515625 0.146875 0.10546875
2 0.71796875 0.5029296875 0.0984375 0.080078125
2 0.76640625 0.4970703125 0.0734375 0.083984375
2 0.81796875 0.49609375 0.0609375 0.0703125
