4 0.796875 0.5400390625 0.071875 0.095703125
4 0.89921875 0.546875 0.0828125 0.10546875
4 0.36328125 0.5400390625 0.1078125 0.052734375
0 0.11015625 0.5546875 0.0140625 0.0390625
0 0.29765625 0.55078125 0.0140625 0.03515625
2 0.1671875 0.5634765625 0.0875 0.044921875
2 0.403125 0.6689453125 0.20625 0.208984375
2 0.4296875 0.58984375 0.128125 0.08984375
2 0.4515625 0.5751953125 0.10625 0.087890625
2 0.565625 0.5703125 0.053125 0.0703125
2 0.71953125 0.5986328125 0.1140625 0.103515625
2 0.97421875 0.775390625 0.0515625 0.23828125
2 0.9640625 0.5927734375 0.071875 0.068359375
