4 0.38515625 0.4580078125 0.0265625 0.033203125
0 0.79921875 0.45703125 0.0296875 0.10546875
0 0.759375 0.4638671875 0.028125 0.095703125
0 0.7296875 0.4423828125 0.028125 0.072265625
0 0.67265625 0.4619140625 0.0203125 0.068359375
0 0.62265625 0.462890625 0.0296875 0.078125
0 0.03046875 0.45703125 0.0171875 0.03515625
0 0.04765625 0.470703125 0.0171875 0.05859375
0 0.03046875 0.482421875 0.0203125 0.04296875
0 0.56484375 0.462890625 0.0109375 0.04296875
1 0.459375 0.474609375 0.009375 0.01953125
1 0.64375 0.482421875 0.034375 0.05078125
2 0.13828125 0.4814453125 0.1109375 0.099609375
2 0.22890625 0.478515625 0.0734375 0.0625
2 0.30703125 0.4697265625 0.0390625 0.041015625
2 0.353125 0.4658203125 0.015625 0.017578125
2 0.36640625 0.466796875 0.0109375 0.015625
2 0.40078125 0.4677734375 0.0203125 0.021484375
