0 0.02265625 0.5673828125 0.0140625 0.037109375
0 0.1484375 0.5732421875 0.01875 0.037109375
0 0.915625 0.595703125 0.040625 0.140625
0 0.98203125 0.5546875 0.0359375 0.078125
0 0.0078125 0.5625 0.009375 0.03515625
6 0.49453125 0.5302734375 0.0390625 0.060546875
6 0.53046875 0.53125 0.0328125 0.0625
2 0.2671875 0.560546875 0.034375 0.01953125
2 0.5734375 0.5576171875 0.01875 0.021484375
2 0.5921875 0.5732421875 0.028125 0.033203125
2 0.546875 0.572265625 0.040625 0.05859375
2 0.5046875 0.6328125 0.128125 0.1484375
