0 0.41640625 0.45703125 0.0140625 0.0390625
0 0.40390625 0.453125 0.0109375 0.04296875
0 0.2625 0.453125 0.0125 0.03125
0 0.5984375 0.4560546875 0.021875 0.068359375
0 0.77109375 0.46484375 0.0578125 0.1875
0 0.834375 0.4912109375 0.053125 0.205078125
0 0.95234375 0.4912109375 0.0609375 0.236328125
0 0.98046875 0.4794921875 0.0390625 0.224609375
0 0.890625 0.4638671875 0.05 0.169921875
0 0.86171875 0.45703125 0.0359375 0.15625
0 0.809375 0.4638671875 0.0375 0.158203125
0 0.57265625 0.4453125 0.0203125 0.0625
1 0.3625 0.51171875 0.0375 0.09375
1 0.53359375 0.537109375 0.0828125 0.14453125
2 0.0234375 0.4521484375 0.046875 0.072265625
2 0.0875 0.45703125 0.10625 0.09765625
2 0.19453125 0.4716796875 0.1171875 0.107421875
2 0.82421875 0.4736328125 0.1953125 0.095703125
