0 0.53125 0.458984375 0.021875 0.046875
0 0.50390625 0.451171875 0.0078125 0.02734375
0 0.6140625 0.4560546875 0.009375 0.037109375
0 0.603125 0.4560546875 0.015625 0.044921875
0 0.55546875 0.451171875 0.0109375 0.03125
2 0.46328125 0.45703125 0.0640625 0.0703125
2 0.978125 0.458984375 0.04375 0.05078125
2 0.35546875 0.4501953125 0.0234375 0.025390625
2 0.33828125 0.451171875 0.0203125 0.02734375
2 0.31875 0.4609375 0.025 0.04296875
2 0.2796875 0.4580078125 0.0625 0.060546875
2 0.22578125 0.4619140625 0.0453125 0.052734375
2 0.190625 0.4755859375 0.09375 0.072265625
2 0.09140625 0.462890625 0.0484375 0.03515625
2 0.04375 0.462890625 0.06875 0.03515625
