0 0.1859375 0.4443359375 0.021875 0.052734375
0 0.2875 0.431640625 0.0125 0.04296875
0 0.24453125 0.4375 0.0140625 0.04296875
0 0.2640625 0.4384765625 0.015625 0.041015625
2 0.94921875 0.4775390625 0.1015625 0.119140625
2 0.7328125 0.4345703125 0.08125 0.068359375
2 0.628125 0.4189453125 0.05625 0.044921875
2 0.53046875 0.4208984375 0.0421875 0.041015625
2 0.55078125 0.412109375 0.0359375 0.0390625
2 0.48125 0.408203125 0.021875 0.0234375
2 0.45078125 0.4052734375 0.0203125 0.013671875
2 0.33125 0.412109375 0.015625 0.015625
2 0.3734375 0.40625 0.021875 0.01953125
2 0.36015625 0.4052734375 0.0171875 0.021484375
