0 0.50234375 0.482421875 0.0109375 0.01171875
2 0.18046875 0.5498046875 0.2359375 0.177734375
2 0.3171875 0.537109375 0.0875 0.11328125
2 0.3734375 0.529296875 0.078125 0.08984375
2 0.4453125 0.515625 0.065625 0.0625
2 0.4046875 0.4951171875 0.046875 0.052734375
2 0.4796875 0.509765625 0.03125 0.05078125
2 0.509375 0.5048828125 0.034375 0.033203125
2 0.52109375 0.501953125 0.0296875 0.03515625
2 0.52890625 0.5 0.0203125 0.03125
2 0.534375 0.498046875 0.015625 0.03125
2 0.5421875 0.49609375 0.015625 0.03125
2 0.54765625 0.4951171875 0.0140625 0.029296875
2 0.55703125 0.494140625 0.0171875 0.02734375
2 0.56640625 0.4912109375 0.0109375 0.021484375
2 0.56796875 0.486328125 0.0171875 0.0234375
2 0.57734375 0.486328125 0.0109375 0.01953125
2 0.809375 0.5634765625 0.1625 0.138671875
2 0.77734375 0.5302734375 0.1296875 0.130859375
2 0.71484375 0.5263671875 0.0328125 0.099609375
2 0.6953125 0.51953125 0.028125 0.06640625
2 0.58515625 0.4853515625 0.0109375 0.017578125
14 0.67109375 0.5810546875 0.0140625 0.009765625
14 0.65 0.5478515625 0.0125 0.005859375
14 0.63046875 0.5537109375 0.0109375 0.009765625
