0 0.82421875 0.41796875 0.0234375 0.04296875
0 0.13046875 0.39453125 0.0234375 0.0546875
0 0.11484375 0.400390625 0.0140625 0.0390625
0 0.403125 0.4287109375 0.034375 0.103515625
0 0.403125 0.42578125 0.040625 0.09765625
0 0.44296875 0.4013671875 0.0140625 0.041015625
0 0.49921875 0.4140625 0.0203125 0.05078125
0 0.48671875 0.3935546875 0.0078125 0.021484375
0 0.53359375 0.3916015625 0.0078125 0.017578125
0 0.6875 0.4130859375 0.0125 0.033203125
0 0.66484375 0.4150390625 0.0140625 0.044921875
0 0.65078125 0.4140625 0.0203125 0.05078125
0 0.63984375 0.412109375 0.0109375 0.0390625
0 0.62890625 0.3984375 0.0078125 0.01953125
2 0.89296875 0.4892578125 0.2140625 0.185546875
2 0.603125 0.4091796875 0.04375 0.033203125
