0 0.1828125 0.462890625 0.0125 0.0234375
0 0.215625 0.462890625 0.0125 0.01953125
0 0.60234375 0.4677734375 0.0171875 0.052734375
2 0.1921875 0.505859375 0.103125 0.07421875
2 0.03203125 0.498046875 0.0640625 0.05859375
2 0.334375 0.4765625 0.115625 0.0703125
2 0.41484375 0.4697265625 0.0234375 0.025390625
2 0.42421875 0.4638671875 0.0234375 0.025390625
2 0.4390625 0.46484375 0.0125 0.01953125
2 0.45859375 0.4609375 0.0171875 0.01953125
2 0.47421875 0.4609375 0.0140625 0.015625
2 0.5125 0.4580078125 0.0125 0.013671875
