0 0.8046875 0.46875 0.01875 0.046875
0 0.728125 0.453125 0.009375 0.0234375
0 0.36875 0.466796875 0.0125 0.02734375
0 0.38359375 0.46875 0.0078125 0.0234375
0 0.4421875 0.4560546875 0.009375 0.021484375
2 0.60234375 0.4326171875 0.0046875 0.005859375
2 0.58828125 0.4365234375 0.0078125 0.009765625
2 0.59609375 0.4375 0.0078125 0.0078125
2 0.61015625 0.439453125 0.0078125 0.01171875
2 0.59296875 0.4462890625 0.0109375 0.009765625
2 0.56953125 0.44921875 0.0109375 0.01171875
2 0.528125 0.46484375 0.021875 0.01953125
2 0.165625 0.65234375 0.33125 0.328125
0 0.62109375 0.4462890625 0.0046875 0.013671875
