4 0.85078125 0.412109375 0.2984375 0.17578125
0 0.375 0.451171875 0.015625 0.06640625
0 0.371875 0.4423828125 0.01875 0.080078125
0 0.30078125 0.4052734375 0.0046875 0.017578125
0 0.31015625 0.4033203125 0.0078125 0.021484375
0 0.32109375 0.4052734375 0.0078125 0.021484375
1 0.5296875 0.455078125 0.06875 0.0625
2 0.13359375 0.4267578125 0.0328125 0.037109375
2 0.19375 0.4130859375 0.015625 0.013671875
2 0.39609375 0.4228515625 0.0265625 0.033203125
2 0.578125 0.44140625 0.128125 0.0546875
2 0.50625 0.4296875 0.090625 0.0546875
2 0.45234375 0.42578125 0.0390625 0.04296875
2 0.428125 0.4228515625 0.01875 0.037109375
