4 0.5375 0.2861328125 0.14375 0.158203125
0 0.021875 0.42578125 0.040625 0.1484375
0 0.159375 0.435546875 0.034375 0.1640625
0 0.25546875 0.4072265625 0.0171875 0.068359375
0 0.30625 0.41015625 0.015625 0.06640625
0 0.275 0.40234375 0.0125 0.05859375
0 0.3640625 0.3994140625 0.009375 0.037109375
0 0.37890625 0.41015625 0.0140625 0.046875
0 0.40078125 0.4013671875 0.0109375 0.041015625
0 0.6859375 0.41796875 0.0125 0.05078125
0 0.715625 0.4091796875 0.0125 0.044921875
0 0.734375 0.412109375 0.0125 0.04296875
0 0.771875 0.4111328125 0.0125 0.041015625
0 0.79375 0.4208984375 0.009375 0.044921875
0 0.7453125 0.4091796875 0.00625 0.037109375
0 0.8640625 0.4189453125 0.015625 0.064453125
0 0.8796875 0.4345703125 0.015625 0.072265625
0 0.903125 0.421875 0.01875 0.06640625
0 0.93203125 0.4345703125 0.0171875 0.072265625
0 0.95625 0.4267578125 0.015625 0.060546875
0 0.98828125 0.427734375 0.0234375 0.0625
0 0.853125 0.4208984375 0.015625 0.052734375
0 0.78515625 0.412109375 0.0140625 0.046875
2 0.54140625 0.4814453125 0.2171875 0.259765625
