0 0.3359375 0.49609375 0.00625 0.01953125
0 0.30390625 0.6162109375 0.1203125 0.283203125
0 0.39921875 0.6337890625 0.0984375 0.310546875
2 0.68515625 0.5224609375 0.0609375 0.060546875
2 0.625 0.5126953125 0.046875 0.041015625
2 0.5421875 0.5 0.0125 0.015625
2 0.53203125 0.5068359375 0.0234375 0.025390625
2 0.50546875 0.498046875 0.0140625 0.015625
2 0.49765625 0.505859375 0.0171875 0.01953125
2 0.48203125 0.5068359375 0.0203125 0.025390625
2 0.46015625 0.5068359375 0.0234375 0.025390625
2 0.3546875 0.509765625 0.03125 0.02734375
2 0.409375 0.48828125 0.084375 0.1171875
