0 0.465625 0.4599609375 0.015625 0.041015625
0 0.5609375 0.462890625 0.015625 0.04296875
0 0.54609375 0.4619140625 0.0140625 0.044921875
0 0.51015625 0.462890625 0.0109375 0.03515625
0 0.5125 0.4619140625 0.015625 0.037109375
0 0.47578125 0.4560546875 0.0109375 0.041015625
0 0.5 0.4453125 0.00625 0.015625
0 0.2234375 0.4912109375 0.01875 0.052734375
0 0.2078125 0.490234375 0.021875 0.046875
0 0.1375 0.48828125 0.025 0.05078125
0 0.1640625 0.4912109375 0.015625 0.068359375
0 0.19140625 0.5 0.0171875 0.05078125
1 0.48671875 0.478515625 0.0203125 0.03515625
1 0.6640625 0.4794921875 0.015625 0.041015625
1 0.6859375 0.48828125 0.021875 0.04296875
1 0.7359375 0.4921875 0.021875 0.05078125
1 0.31484375 0.4833984375 0.0171875 0.033203125
1 0.2875 0.486328125 0.025 0.03515625
2 0.87578125 0.6015625 0.2484375 0.2890625
2 0.5296875 0.4453125 0.01875 0.01953125
2 0.5171875 0.4443359375 0.009375 0.017578125
