0 0.790625 0.537109375 0.171875 0.41796875
0 0.74296875 0.4736328125 0.0640625 0.142578125
0 0.72109375 0.4755859375 0.0453125 0.123046875
0 0.275 0.45703125 0.025 0.06640625
0 0.225 0.4501953125 0.0125 0.044921875
0 0.01484375 0.4345703125 0.0296875 0.111328125
0 0.2453125 0.4443359375 0.0125 0.037109375
1 0.11875 0.44921875 0.059375 0.046875
1 0.15078125 0.453125 0.0453125 0.04296875
2 0.94921875 0.51953125 0.1015625 0.109375
2 0.68515625 0.4677734375 0.0953125 0.095703125
2 0.61796875 0.474609375 0.0578125 0.0546875
2 0.59453125 0.4677734375 0.0484375 0.056640625
2 0.5671875 0.4580078125 0.05625 0.064453125
2 0.515625 0.4609375 0.053125 0.05859375
2 0.46953125 0.466796875 0.0328125 0.0234375
2 0.40859375 0.45703125 0.0296875 0.0390625
2 0.3921875 0.4609375 0.028125 0.046875
2 0.37578125 0.4560546875 0.0265625 0.060546875
2 0.353125 0.4580078125 0.046875 0.068359375
2 0.33046875 0.46875 0.0703125 0.06640625
