0 0.40390625 0.4638671875 0.0109375 0.013671875
0 0.51015625 0.4619140625 0.0046875 0.009765625
2 0.04609375 0.5556640625 0.0921875 0.166015625
2 0.86796875 0.654296875 0.2640625 0.28515625
2 0.7671875 0.564453125 0.203125 0.21875
2 0.68515625 0.533203125 0.0765625 0.12890625
2 0.6421875 0.517578125 0.05625 0.0703125
2 0.5421875 0.4638671875 0.00625 0.009765625
2 0.1390625 0.5458984375 0.165625 0.142578125
2 0.275 0.4794921875 0.065625 0.060546875
2 0.303125 0.513671875 0.09375 0.0859375
2 0.3578125 0.5 0.05 0.0625
2 0.4046875 0.4921875 0.04375 0.04296875
2 0.43125 0.4892578125 0.021875 0.037109375
2 0.43671875 0.4873046875 0.0171875 0.033203125
2 0.4390625 0.4833984375 0.028125 0.037109375
2 0.4515625 0.4814453125 0.015625 0.033203125
2 0.45625 0.4794921875 0.0125 0.029296875
2 0.46796875 0.4755859375 0.0234375 0.025390625
2 0.48125 0.4736328125 0.0125 0.017578125
2 0.48046875 0.46875 0.0203125 0.0234375
2 0.4921875 0.46875 0.00625 0.015625
2 0.4953125 0.4658203125 0.009375 0.013671875
2 0.49765625 0.46484375 0.0109375 0.015625
14 0.54765625 0.55078125 0.0140625 0.0078125
14 0.59765625 0.5908203125 0.0171875 0.013671875
14 0.575 0.5400390625 0.0125 0.005859375
