0 0.90078125 0.4677734375 0.0359375 0.146484375
0 0.8703125 0.4765625 0.028125 0.13671875
0 0.81484375 0.470703125 0.0328125 0.125
0 0.79296875 0.474609375 0.0359375 0.125
0 0.77265625 0.4873046875 0.0359375 0.138671875
0 0.75703125 0.4765625 0.0265625 0.1171875
0 0.70703125 0.46484375 0.0203125 0.08984375
0 0.725 0.4443359375 0.0125 0.029296875
0 0.68671875 0.4736328125 0.0453125 0.119140625
0 0.49140625 0.4658203125 0.0109375 0.029296875
0 0.378125 0.466796875 0.0125 0.03125
0 0.2234375 0.4794921875 0.034375 0.115234375
0 0.2109375 0.4853515625 0.0375 0.123046875
0 0.05859375 0.4873046875 0.0390625 0.115234375
0 0.025 0.48828125 0.040625 0.12109375
2 0.4125 0.4697265625 0.03125 0.033203125
2 0.3765625 0.46875 0.028125 0.0234375
2 0.2953125 0.4765625 0.028125 0.0546875
2 0.2625 0.4775390625 0.0625 0.072265625
2 0.1734375 0.484375 0.059375 0.08984375
0 0.5609375 0.466796875 0.009375 0.04296875
0 0.55546875 0.466796875 0.0078125 0.04296875
