2 0.1828125 0.4765625 0.078125 0.04296875
2 0.109375 0.5341796875 0.178125 0.142578125
2 0.021875 0.552734375 0.04375 0.15625
2 0.2953125 0.453125 0.05625 0.04296875
2 0.359375 0.4638671875 0.06875 0.048828125
2 0.77890625 0.5908203125 0.2265625 0.212890625
2 0.678125 0.546875 0.1125 0.14453125
2 0.675 0.46875 0.046875 0.03515625
2 0.6359375 0.470703125 0.025 0.03125
2 0.49140625 0.4716796875 0.0421875 0.037109375
2 0.5171875 0.4736328125 0.01875 0.029296875
2 0.5296875 0.4736328125 0.01875 0.029296875
2 0.5359375 0.46484375 0.01875 0.01953125
2 0.54921875 0.47265625 0.0203125 0.0234375
14 0.59453125 0.60546875 0.0234375 0.015625
14 0.56171875 0.560546875 0.0140625 0.01171875
