0 0.0984375 0.60546875 0.040625 0.15234375
0 0.425 0.54296875 0.009375 0.03125
2 0.878125 0.7666015625 0.24375 0.466796875
2 0.6953125 0.6650390625 0.209375 0.181640625
2 0.6234375 0.6025390625 0.09375 0.091796875
2 0.5796875 0.5859375 0.071875 0.08203125
2 0.54609375 0.5751953125 0.0328125 0.056640625
2 0.5328125 0.564453125 0.040625 0.046875
2 0.51171875 0.5537109375 0.0328125 0.041015625
2 0.08359375 0.8076171875 0.1671875 0.384765625
2 0.38984375 0.7392578125 0.2953125 0.306640625
2 0.46953125 0.6005859375 0.0828125 0.080078125
2 0.45703125 0.544921875 0.0515625 0.03125
2 0.4890625 0.5478515625 0.015625 0.029296875
2 0.4015625 0.5703125 0.034375 0.02734375
