0 0.340625 0.498046875 0.009375 0.03125
0 0.07265625 0.50390625 0.0265625 0.0859375
0 0.0515625 0.515625 0.028125 0.08203125
0 0.03671875 0.5029296875 0.0328125 0.087890625
2 0.9421875 0.78515625 0.115625 0.3515625
2 0.67890625 0.517578125 0.0578125 0.0546875
2 0.625 0.509765625 0.046875 0.04296875
2 0.53046875 0.5087890625 0.0453125 0.044921875
2 0.47109375 0.5009765625 0.0140625 0.017578125
2 0.4953125 0.5029296875 0.01875 0.017578125
2 0.4171875 0.4853515625 0.078125 0.111328125
2 0.3609375 0.5087890625 0.034375 0.025390625
2 0.5078125 0.4912109375 0.00625 0.005859375
