1 0.3515625 0.4873046875 0.009375 0.021484375
1 0.33984375 0.48828125 0.0109375 0.0234375
1 0.32421875 0.498046875 0.0140625 0.03125
1 0.30703125 0.5009765625 0.0234375 0.044921875
1 0.38203125 0.4833984375 0.0109375 0.021484375
1 0.36484375 0.486328125 0.0140625 0.02734375
1 0.24921875 0.5029296875 0.0234375 0.052734375
1 0.22578125 0.5107421875 0.0296875 0.064453125
1 0.2078125 0.5048828125 0.025 0.060546875
1 0.18203125 0.513671875 0.0359375 0.06640625
2 0.46875 0.4833984375 0.0125 0.029296875
2 0.478125 0.482421875 0.015625 0.04296875
2 0.50859375 0.4833984375 0.0578125 0.060546875
2 0.409375 0.48046875 0.015625 0.015625
2 0.1171875 0.4970703125 0.11875 0.080078125
2 0.2234375 0.46484375 0.046875 0.03515625
