4 0.3875 0.42578125 0.059375 0.08203125
0 0.6578125 0.4453125 0.0125 0.0390625
0 0.35859375 0.4716796875 0.0671875 0.150390625
2 0.61875 0.462890625 0.0875 0.08203125
2 0.57421875 0.451171875 0.0578125 0.0703125
2 0.54140625 0.4560546875 0.0171875 0.041015625
2 0.53359375 0.44921875 0.0296875 0.0390625
2 0.51484375 0.4462890625 0.0140625 0.029296875
2 0.50234375 0.4453125 0.0109375 0.0234375
2 0.490625 0.4462890625 0.0125 0.013671875
2 0.4703125 0.4453125 0.01875 0.01953125
2 0.446875 0.4423828125 0.0125 0.013671875
2 0.42890625 0.4443359375 0.0234375 0.013671875
2 0.34140625 0.4609375 0.0546875 0.0703125
2 0.28046875 0.470703125 0.1015625 0.0859375
