4 0.715625 0.392578125 0.046875 0.09375
0 0.20234375 0.42578125 0.0265625 0.1015625
0 0.23203125 0.421875 0.0328125 0.1171875
0 0.303125 0.42578125 0.034375 0.11328125
0 0.41640625 0.3994140625 0.0078125 0.013671875
0 0.39609375 0.3994140625 0.0078125 0.013671875
0 0.5984375 0.4140625 0.00625 0.0234375
6 0.65859375 0.3974609375 0.0703125 0.103515625
6 0.96953125 0.34375 0.0609375 0.6171875
2 0.88671875 0.4814453125 0.1296875 0.123046875
2 0.784375 0.4423828125 0.109375 0.091796875
2 0.825 0.45703125 0.059375 0.078125
2 0.72265625 0.443359375 0.0203125 0.0390625
2 0.67265625 0.4384765625 0.0734375 0.064453125
2 0.55234375 0.4248046875 0.0703125 0.087890625
2 0.50625 0.419921875 0.021875 0.03125
2 0.47890625 0.4287109375 0.0515625 0.048828125
2 0.61484375 0.421875 0.0203125 0.03515625
