0 0.34765625 0.5654296875 0.0171875 0.064453125
0 0.3609375 0.5673828125 0.015625 0.060546875
0 0.41875 0.5517578125 0.0125 0.029296875
0 0.43046875 0.5517578125 0.0109375 0.017578125
0 0.57265625 0.572265625 0.0078125 0.0234375
0 0.59609375 0.5712890625 0.0078125 0.013671875
0 0.6046875 0.576171875 0.00625 0.01953125
0 0.6140625 0.5810546875 0.009375 0.029296875
0 0.6265625 0.580078125 0.00625 0.03125
2 0.16015625 0.7138671875 0.3203125 0.251953125
2 0.43359375 0.58984375 0.0546875 0.0625
2 0.496875 0.638671875 0.1375 0.140625
2 0.5453125 0.5703125 0.015625 0.015625
2 0.534375 0.56640625 0.009375 0.0078125
