6 0.65859375 0.4638671875 0.1265625 0.130859375
2 0.97578125 0.521484375 0.0484375 0.078125
2 0.8671875 0.55859375 0.15 0.125
2 0.4484375 0.447265625 0.0125 0.015625
2 0.4578125 0.4453125 0.009375 0.01171875
2 0.47265625 0.44140625 0.0109375 0.01171875
2 0.47109375 0.4541015625 0.0171875 0.013671875
2 0.5109375 0.4560546875 0.015625 0.013671875
2 0.509375 0.4677734375 0.01875 0.017578125
2 0.56875 0.4794921875 0.03125 0.033203125
2 0.56171875 0.474609375 0.0265625 0.03515625
2 0.5625 0.5205078125 0.053125 0.052734375
2 0.59296875 0.5 0.0203125 0.02734375
2 0.63125 0.5419921875 0.1125 0.107421875
2 0.69140625 0.52734375 0.0296875 0.04296875
2 0.92890625 0.4716796875 0.0328125 0.021484375
2 0.48203125 0.4970703125 0.0421875 0.029296875
2 0.47890625 0.52734375 0.0546875 0.06640625
2 0.4390625 0.5634765625 0.125 0.119140625
2 0.234375 0.509765625 0.03125 0.03515625
2 0.30390625 0.513671875 0.0453125 0.04296875
2 0.18046875 0.529296875 0.0328125 0.046875
2 0.21328125 0.5283203125 0.0640625 0.044921875
2 0.2890625 0.4921875 0.028125 0.02734375
2 0.3234375 0.4794921875 0.025 0.025390625
2 0.34609375 0.48046875 0.0265625 0.02734375
2 0.38828125 0.5 0.0296875 0.03125
2 0.41953125 0.474609375 0.0234375 0.03125
2 0.3359375 0.451171875 0.0125 0.01171875
2 0.3671875 0.4580078125 0.0125 0.013671875
2 0.3609375 0.4541015625 0.0125 0.013671875
2 0.353125 0.4501953125 0.009375 0.013671875
2 0.37734375 0.453125 0.0109375 0.01171875
2 0.36875 0.4453125 0.009375 0.01171875
2 0.42890625 0.4462890625 0.0078125 0.009765625
2 0.04453125 0.458984375 0.0140625 0.0078125
2 0.79765625 0.4541015625 0.0296875 0.017578125
