0 0.75703125 0.4609375 0.0171875 0.046875
0 0.6890625 0.4482421875 0.00625 0.017578125
0 0.68515625 0.447265625 0.0046875 0.015625
0 0.3515625 0.45703125 0.009375 0.015625
0 0.4234375 0.4541015625 0.009375 0.013671875
0 0.43359375 0.4560546875 0.0078125 0.009765625
0 0.45625 0.453125 0.00625 0.015625
0 0.459375 0.4541015625 0.00625 0.013671875
0 0.0484375 0.5087890625 0.0125 0.064453125
0 0.08203125 0.515625 0.0171875 0.0703125
2 0.60390625 0.4287109375 0.0046875 0.005859375
2 0.5953125 0.435546875 0.009375 0.01171875
2 0.58671875 0.43359375 0.0078125 0.0078125
2 0.58125 0.4365234375 0.00625 0.009765625
2 0.57421875 0.4326171875 0.0078125 0.009765625
2 0.56015625 0.4443359375 0.0109375 0.009765625
2 0.53125 0.45703125 0.015625 0.015625
2 0.4984375 0.48046875 0.059375 0.0625
2 0.478125 0.50390625 0.065625 0.07421875
2 0.4 0.537109375 0.134375 0.1171875
1 0.83046875 0.486328125 0.0171875 0.03515625
