0 0.5875 0.4619140625 0.05625 0.146484375
0 0.56640625 0.4619140625 0.0296875 0.123046875
0 0.28046875 0.45703125 0.0171875 0.06640625
0 0.26640625 0.44921875 0.0078125 0.03125
0 0.08125 0.4404296875 0.034375 0.119140625
0 0.02109375 0.4345703125 0.0296875 0.126953125
0 0.009375 0.4306640625 0.01875 0.138671875
1 0.14765625 0.4521484375 0.0484375 0.041015625
1 0.115625 0.451171875 0.04375 0.04296875
2 0.94921875 0.5185546875 0.1015625 0.107421875
2 0.68984375 0.4716796875 0.1046875 0.107421875
2 0.621875 0.4755859375 0.046875 0.056640625
2 0.53671875 0.45703125 0.0609375 0.0703125
2 0.47734375 0.4638671875 0.0265625 0.025390625
2 0.40859375 0.4560546875 0.0203125 0.037109375
2 0.39375 0.4609375 0.025 0.04296875
2 0.35703125 0.45703125 0.0578125 0.0703125
2 0.33046875 0.4677734375 0.0703125 0.068359375
