0 0.959375 0.4453125 0.034375 0.08203125
0 0.5421875 0.4619140625 0.0125 0.048828125
0 0.1515625 0.462890625 0.021875 0.08203125
0 0.16953125 0.4609375 0.0203125 0.07421875
0 0.29296875 0.458984375 0.0140625 0.046875
0 0.30859375 0.4560546875 0.0140625 0.044921875
0 0.36875 0.4482421875 0.0125 0.044921875
0 0.2609375 0.4638671875 0.021875 0.068359375
1 0.73671875 0.478515625 0.0546875 0.0859375
1 0.065625 0.5478515625 0.0625 0.150390625
1 0.22734375 0.474609375 0.0234375 0.0625
1 0.12265625 0.5 0.0453125 0.0625
2 0.65703125 0.50390625 0.1578125 0.1328125
2 0.93359375 0.5390625 0.1328125 0.16015625
2 0.575 0.4853515625 0.078125 0.095703125
2 0.4453125 0.474609375 0.0625 0.05859375
