4 0.47109375 0.447265625 0.0328125 0.05078125
0 0.51015625 0.458984375 0.0046875 0.0234375
0 0.4921875 0.4599609375 0.00625 0.025390625
0 0.9390625 0.443359375 0.015625 0.06640625
0 0.95078125 0.443359375 0.0203125 0.0703125
0 0.8640625 0.4775390625 0.04375 0.134765625
0 0.69765625 0.46875 0.0203125 0.0703125
0 0.7234375 0.46875 0.021875 0.0703125
0 0.77734375 0.4736328125 0.0234375 0.095703125
0 0.78671875 0.47265625 0.0390625 0.11328125
0 0.8015625 0.470703125 0.025 0.09765625
2 0.01484375 0.5322265625 0.0296875 0.134765625
2 0.1328125 0.4931640625 0.140625 0.123046875
2 0.240625 0.4833984375 0.071875 0.064453125
2 0.36875 0.462890625 0.025 0.02734375
2 0.39609375 0.4638671875 0.0296875 0.029296875
2 0.43984375 0.4609375 0.0484375 0.046875
2 0.58203125 0.486328125 0.0984375 0.1015625
