0 0.30546875 0.546875 0.0078125 0.02734375
0 0.57890625 0.544921875 0.0140625 0.02734375
0 0.01171875 0.5419921875 0.0109375 0.025390625
2 0.1046875 0.630859375 0.1625 0.140625
2 0.34453125 0.7470703125 0.3296875 0.341796875
2 0.5390625 0.58203125 0.084375 0.08203125
2 0.45703125 0.5654296875 0.0515625 0.060546875
2 0.33359375 0.560546875 0.0421875 0.04296875
2 0.36875 0.556640625 0.028125 0.02734375
2 0.38828125 0.552734375 0.0171875 0.01953125
2 0.48515625 0.55859375 0.0171875 0.01953125
2 0.1859375 0.568359375 0.046875 0.046875
2 0.39921875 0.5498046875 0.0109375 0.017578125
