0 0.0734375 0.4912109375 0.028125 0.087890625
2 0.5234375 0.4794921875 0.0625 0.056640625
2 0.475 0.470703125 0.028125 0.03125
2 0.47265625 0.4658203125 0.0296875 0.033203125
2 0.45390625 0.4677734375 0.0078125 0.017578125
2 0.45 0.4619140625 0.009375 0.009765625
2 0.41171875 0.4638671875 0.0171875 0.021484375
2 0.3890625 0.46484375 0.028125 0.0390625
2 0.3796875 0.474609375 0.025 0.03125
2 0.375 0.4775390625 0.021875 0.033203125
2 0.3625 0.478515625 0.01875 0.046875
2 0.32421875 0.4794921875 0.0734375 0.080078125
2 0.25078125 0.482421875 0.0734375 0.0703125
14 0.58828125 0.4697265625 0.0171875 0.037109375
