0 0.69921875 0.4951171875 0.0359375 0.103515625
0 0.74765625 0.490234375 0.0390625 0.10546875
0 0.80625 0.484375 0.046875 0.1171875
2 0.509375 0.470703125 0.009375 0.01171875
2 0.5 0.4716796875 0.009375 0.009765625
2 0.47734375 0.47265625 0.0078125 0.0078125
2 0.415625 0.4765625 0.01875 0.01171875
2 0.10078125 0.5087890625 0.0421875 0.052734375
2 0.053125 0.5185546875 0.10625 0.083984375
2 0.15625 0.5048828125 0.059375 0.060546875
2 0.20390625 0.5078125 0.0921875 0.07421875
2 0.34765625 0.5068359375 0.0953125 0.080078125
