0 0.29609375 0.53125 0.1109375 0.21875
0 0.45546875 0.4677734375 0.0265625 0.080078125
14 0.034375 0.5361328125 0.06875 0.099609375
2 0.9140625 0.568359375 0.171875 0.37890625
2 0.65859375 0.6064453125 0.4546875 0.353515625
2 0.0890625 0.486328125 0.178125 0.109375
2 0.32265625 0.46484375 0.0921875 0.08203125
2 0.275 0.4599609375 0.040625 0.068359375
2 0.3875 0.4599609375 0.046875 0.048828125
2 0.41484375 0.4560546875 0.0109375 0.013671875
2 0.43359375 0.44921875 0.0203125 0.0234375
2 0.471875 0.44921875 0.01875 0.01953125
