4 0.55390625 0.4443359375 0.0640625 0.056640625
0 0.84453125 0.4775390625 0.0265625 0.080078125
0 0.803125 0.4833984375 0.028125 0.095703125
0 0.81875 0.4765625 0.015625 0.06640625
0 0.60390625 0.4482421875 0.0078125 0.025390625
0 0.6171875 0.447265625 0.00625 0.0234375
0 0.61328125 0.4482421875 0.0046875 0.025390625
0 0.6234375 0.443359375 0.00625 0.01171875
1 0.7546875 0.509765625 0.04375 0.05859375
1 0.70625 0.498046875 0.04375 0.0546875
2 0.9265625 0.6953125 0.146875 0.30859375
2 0.11171875 0.4814453125 0.0328125 0.033203125
2 0.14921875 0.4814453125 0.0703125 0.041015625
2 0.6765625 0.4677734375 0.021875 0.025390625
2 0.62890625 0.4599609375 0.0234375 0.021484375
2 0.64375 0.458984375 0.015625 0.01953125
2 0.5203125 0.46875 0.034375 0.03125
2 0.49296875 0.4638671875 0.0296875 0.029296875
2 0.3328125 0.470703125 0.04375 0.03125
2 0.37734375 0.466796875 0.0421875 0.02734375
2 0.2015625 0.4775390625 0.040625 0.033203125
2 0.225 0.474609375 0.0375 0.03515625
2 0.2625 0.470703125 0.053125 0.04296875
2 0.03671875 0.4873046875 0.0390625 0.033203125
