0 0.19453125 0.4521484375 0.0171875 0.064453125
0 0.03828125 0.439453125 0.0203125 0.0390625
0 0.80390625 0.458984375 0.0234375 0.08203125
0 0.58984375 0.4599609375 0.0140625 0.068359375
0 0.5375 0.4404296875 0.00625 0.021484375
1 0.16875 0.46484375 0.01875 0.0390625
1 0.20703125 0.4638671875 0.0171875 0.041015625
1 0.6765625 0.4658203125 0.01875 0.041015625
2 0.2953125 0.4619140625 0.13125 0.056640625
2 0.51875 0.4423828125 0.01875 0.013671875
2 0.634375 0.478515625 0.078125 0.07421875
2 0.60390625 0.46875 0.0296875 0.0546875
2 0.58984375 0.4619140625 0.0296875 0.044921875
2 0.5765625 0.4599609375 0.01875 0.044921875
2 0.5609375 0.447265625 0.01875 0.0234375
2 0.54609375 0.443359375 0.0140625 0.01171875
2 0.58359375 0.4462890625 0.0390625 0.037109375
