4 0.62265625 0.435546875 0.2015625 0.25
0 0.753125 0.4794921875 0.01875 0.083984375
0 0.8234375 0.4912109375 0.03125 0.103515625
0 0.90546875 0.498046875 0.0359375 0.11328125
0 0.97734375 0.4853515625 0.0234375 0.095703125
0 0.72421875 0.4912109375 0.0203125 0.091796875
2 0.3625 0.4736328125 0.028125 0.041015625
2 0.38984375 0.48046875 0.0515625 0.046875
2 0.409375 0.4677734375 0.021875 0.029296875
2 0.325 0.478515625 0.05 0.05078125
2 0.2515625 0.486328125 0.1 0.08984375
2 0.4625 0.4755859375 0.065625 0.076171875
