0 0.6484375 0.5390625 0.190625 0.41796875
0 0.7859375 0.4755859375 0.05 0.142578125
0 0.26640625 0.45703125 0.0203125 0.06640625
0 0.225 0.44921875 0.0125 0.04296875
0 0.01640625 0.4375 0.0234375 0.11328125
1 0.11875 0.4482421875 0.059375 0.044921875
1 0.14765625 0.453125 0.0515625 0.04296875
2 0.94765625 0.5166015625 0.1046875 0.115234375
2 0.70390625 0.4736328125 0.0734375 0.103515625
2 0.6109375 0.4765625 0.0375 0.0546875
2 0.59375 0.4677734375 0.046875 0.060546875
2 0.5640625 0.45703125 0.059375 0.0625
2 0.5109375 0.4599609375 0.046875 0.056640625
2 0.46171875 0.4619140625 0.0296875 0.033203125
2 0.40625 0.45703125 0.025 0.0390625
2 0.39453125 0.4619140625 0.0265625 0.041015625
2 0.375 0.45703125 0.025 0.05859375
2 0.3546875 0.4580078125 0.046875 0.068359375
2 0.33125 0.4677734375 0.06875 0.068359375
