0 0.88671875 0.5126953125 0.0578125 0.193359375
0 0.05078125 0.4912109375 0.0265625 0.083984375
0 0.02734375 0.49609375 0.0203125 0.0703125
0 0.22109375 0.4833984375 0.0078125 0.033203125
0 0.22890625 0.4814453125 0.0078125 0.033203125
0 0.23671875 0.4814453125 0.0078125 0.033203125
0 0.25078125 0.4814453125 0.0078125 0.033203125
0 0.2578125 0.478515625 0.00625 0.03515625
0 0.265625 0.478515625 0.009375 0.03125
0 0.28984375 0.478515625 0.0078125 0.03515625
0 0.32578125 0.4794921875 0.0078125 0.029296875
0 0.33671875 0.4814453125 0.0078125 0.025390625
0 0.009375 0.4921875 0.015625 0.0546875
2 0.4921875 0.5078125 0.109375 0.125
2 0.1421875 0.4951171875 0.140625 0.115234375
0 0.76484375 0.435546875 0.0140625 0.0546875
