4 0.484375 0.451171875 0.040625 0.05859375
0 0.2890625 0.4736328125 0.009375 0.029296875
0 0.51015625 0.4677734375 0.0109375 0.029296875
0 0.565625 0.46484375 0.009375 0.03125
0 0.5859375 0.4599609375 0.009375 0.029296875
0 0.59609375 0.4658203125 0.0109375 0.037109375
0 0.6171875 0.4658203125 0.009375 0.044921875
0 0.6296875 0.451171875 0.009375 0.01953125
0 0.915625 0.470703125 0.0375 0.1328125
0 0.9796875 0.474609375 0.040625 0.16015625
0 0.99140625 0.482421875 0.0171875 0.1484375
0 0.94453125 0.4951171875 0.0640625 0.216796875
2 0.40703125 0.46875 0.0171875 0.01953125
2 0.36484375 0.470703125 0.0234375 0.03515625
2 0.384375 0.4716796875 0.034375 0.033203125
2 0.16484375 0.5087890625 0.1171875 0.099609375
2 0.0234375 0.5341796875 0.046875 0.166015625
2 0.4453125 0.4697265625 0.05625 0.060546875
2 0.70625 0.51171875 0.196875 0.1796875
