0 0.71953125 0.44921875 0.0453125 0.11328125
0 0.6734375 0.4609375 0.040625 0.14453125
0 0.55703125 0.4482421875 0.0484375 0.111328125
0 0.51015625 0.451171875 0.0421875 0.1015625
0 0.4796875 0.46484375 0.04375 0.10546875
0 0.253125 0.4619140625 0.028125 0.107421875
0 0.2234375 0.4599609375 0.028125 0.115234375
0 0.21171875 0.4599609375 0.0390625 0.115234375
2 0.43828125 0.4560546875 0.0515625 0.052734375
2 0.40859375 0.44921875 0.0078125 0.0078125
2 0.38359375 0.44921875 0.0078125 0.0078125
2 0.3890625 0.4482421875 0.00625 0.009765625
2 0.35546875 0.44921875 0.0171875 0.015625
2 0.103125 0.458984375 0.084375 0.0625
