1 0.20625 0.4912109375 0.096875 0.091796875
1 0.26484375 0.4912109375 0.0578125 0.087890625
1 0.325 0.4873046875 0.05 0.076171875
1 0.36953125 0.4833984375 0.0484375 0.064453125
1 0.4140625 0.474609375 0.053125 0.0859375
1 0.440625 0.46875 0.040625 0.07421875
1 0.4859375 0.470703125 0.046875 0.0625
1 0.5890625 0.4658203125 0.040625 0.048828125
1 0.5265625 0.470703125 0.04375 0.0546875
1 0.68046875 0.455078125 0.0359375 0.05078125
2 0.24609375 0.4228515625 0.2359375 0.095703125
2 0.73359375 0.4345703125 0.0359375 0.033203125
