0 0.153125 0.556640625 0.0375 0.05078125
0 0.1203125 0.5625 0.03125 0.046875
2 0.14296875 0.701171875 0.2859375 0.2421875
2 0.9328125 0.8388671875 0.134375 0.322265625
2 0.83984375 0.6806640625 0.3203125 0.314453125
2 0.640625 0.638671875 0.1375 0.13671875
2 0.6171875 0.5830078125 0.08125 0.048828125
2 0.5828125 0.5869140625 0.06875 0.080078125
2 0.54609375 0.578125 0.0296875 0.05859375
2 0.5328125 0.5634765625 0.0375 0.044921875
2 0.51796875 0.5517578125 0.0296875 0.033203125
2 0.4953125 0.5556640625 0.025 0.037109375
2 0.46171875 0.54296875 0.0453125 0.0234375
2 0.47265625 0.58984375 0.0765625 0.0703125
2 0.4109375 0.7080078125 0.265625 0.306640625
2 0.47578125 0.5322265625 0.0171875 0.009765625
