4 0.42421875 0.3779296875 0.0515625 0.087890625
4 0.5171875 0.3935546875 0.015625 0.033203125
4 0.55703125 0.388671875 0.0203125 0.03125
0 0.3546875 0.380859375 0.00625 0.01171875
0 0.36015625 0.3916015625 0.0078125 0.029296875
0 0.37734375 0.400390625 0.0078125 0.03125
0 0.38515625 0.3974609375 0.0078125 0.033203125
0 0.39296875 0.3974609375 0.0078125 0.033203125
0 0.4578125 0.3984375 0.00625 0.01953125
2 0.1359375 0.5234375 0.271875 0.42578125
2 0.584375 0.640625 0.44375 0.453125
2 0.8890625 0.453125 0.0875 0.08203125
2 0.784375 0.4404296875 0.090625 0.087890625
2 0.68125 0.4169921875 0.053125 0.029296875
2 0.646875 0.3974609375 0.04375 0.044921875
2 0.53125 0.4013671875 0.009375 0.009765625
