0 0.015625 0.5048828125 0.028125 0.115234375
0 0.12890625 0.4951171875 0.0453125 0.123046875
0 0.428125 0.5673828125 0.175 0.353515625
2 0.71328125 0.4853515625 0.5609375 0.248046875
2 0.21484375 0.4892578125 0.1078125 0.087890625
2 0.278125 0.4677734375 0.046875 0.048828125
2 0.3046875 0.47265625 0.0125 0.03125
2 0.3125 0.4716796875 0.0125 0.029296875
2 0.32734375 0.470703125 0.0203125 0.02734375
2 0.3421875 0.470703125 0.009375 0.0234375
2 0.346875 0.4658203125 0.01875 0.021484375
2 0.359375 0.4638671875 0.0125 0.017578125
2 0.36953125 0.4638671875 0.0109375 0.017578125
2 0.38203125 0.4609375 0.0171875 0.01953125
