4 0.65 0.365234375 0.046875 0.140625
0 0.70390625 0.404296875 0.0078125 0.03125
0 0.709375 0.3955078125 0.00625 0.021484375
0 0.7203125 0.3955078125 0.00625 0.017578125
0 0.74765625 0.3994140625 0.0078125 0.021484375
0 0.75703125 0.40234375 0.0078125 0.0234375
0 0.7671875 0.4052734375 0.00625 0.025390625
0 0.77734375 0.408203125 0.0078125 0.03515625
0 0.7859375 0.4072265625 0.009375 0.033203125
0 0.8328125 0.4482421875 0.046875 0.130859375
0 0.89296875 0.45703125 0.0421875 0.1484375
0 0.58203125 0.3857421875 0.0078125 0.021484375
0 0.56171875 0.3837890625 0.0046875 0.017578125
0 0.5671875 0.384765625 0.00625 0.01953125
0 0.57109375 0.3828125 0.0046875 0.015625
0 0.5484375 0.3837890625 0.00625 0.017578125
2 0.1953125 0.39453125 0.0375 0.03125
2 0.13203125 0.3935546875 0.0265625 0.025390625
