0 0.6875 0.44921875 0.040625 0.0703125
0 0.59765625 0.4814453125 0.0453125 0.123046875
0 0.5765625 0.5029296875 0.01875 0.076171875
0 0.5328125 0.4814453125 0.025 0.083984375
0 0.55546875 0.4833984375 0.0265625 0.091796875
2 0.059375 0.47265625 0.09375 0.05078125
2 0.12578125 0.4697265625 0.0265625 0.033203125
2 0.24921875 0.4775390625 0.0984375 0.099609375
2 0.31875 0.4833984375 0.059375 0.060546875
2 0.38984375 0.4853515625 0.0765625 0.072265625
2 0.43828125 0.4775390625 0.0296875 0.029296875
2 0.459375 0.4736328125 0.040625 0.033203125
2 0.52265625 0.47265625 0.0609375 0.04296875
