6 0.68203125 0.470703125 0.0359375 0.05078125
6 0.55078125 0.4775390625 0.0359375 0.048828125
6 0.16796875 0.4921875 0.1578125 0.1328125
2 0.6875 0.501953125 0.04375 0.0390625
2 0.64140625 0.5107421875 0.0421875 0.041015625
2 0.80625 0.541015625 0.121875 0.10546875
2 0.51796875 0.49609375 0.0140625 0.01953125
2 0.528125 0.4970703125 0.015625 0.025390625
2 0.55 0.509765625 0.0375 0.0390625
2 0.4640625 0.4853515625 0.0125 0.013671875
2 0.471875 0.490234375 0.0125 0.015625
2 0.4953125 0.4990234375 0.03125 0.029296875
2 0.48671875 0.501953125 0.0421875 0.01953125
2 0.46875 0.5771484375 0.1375 0.130859375
2 0.42421875 0.4931640625 0.0234375 0.025390625
2 0.384375 0.482421875 0.0125 0.01171875
2 0.36015625 0.482421875 0.0203125 0.0234375
2 0.3453125 0.501953125 0.021875 0.0234375
2 0.3671875 0.505859375 0.028125 0.02734375
2 0.33125 0.5107421875 0.034375 0.033203125
2 0.290625 0.52734375 0.071875 0.0625
2 0.22265625 0.5302734375 0.0671875 0.060546875
2 0.04609375 0.568359375 0.0921875 0.1015625
