1 0.7296875 0.5830078125 0.05625 0.119140625
2 0.0609375 0.5107421875 0.121875 0.126953125
2 0.146875 0.4970703125 0.103125 0.095703125
2 0.22421875 0.4853515625 0.0890625 0.087890625
2 0.28359375 0.484375 0.0671875 0.0625
2 0.41015625 0.4619140625 0.0390625 0.033203125
2 0.4375 0.4658203125 0.01875 0.029296875
2 0.45078125 0.46484375 0.0171875 0.02734375
2 0.4609375 0.4638671875 0.0125 0.025390625
2 0.4859375 0.4580078125 0.01875 0.021484375
2 0.50859375 0.458984375 0.0109375 0.01171875
2 0.51640625 0.4580078125 0.0078125 0.009765625
2 0.5234375 0.4580078125 0.00625 0.009765625
0 0.53984375 0.45703125 0.0046875 0.015625
0 0.55234375 0.458984375 0.0046875 0.015625
0 0.6453125 0.4599609375 0.009375 0.013671875
