0 0.6640625 0.5029296875 0.040625 0.162109375
0 0.66640625 0.5126953125 0.0328125 0.138671875
2 0.91796875 0.53515625 0.1640625 0.19921875
2 0.81796875 0.52734375 0.2328125 0.16796875
2 0.57109375 0.498046875 0.0578125 0.06640625
2 0.6078125 0.48828125 0.040625 0.08984375
2 0.66953125 0.4892578125 0.1265625 0.103515625
2 0.42890625 0.4951171875 0.1078125 0.119140625
2 0.47890625 0.4931640625 0.0265625 0.083984375
2 0.50625 0.4892578125 0.04375 0.068359375
2 0.265625 0.490234375 0.040625 0.03515625
