2 0.32734375 0.5126953125 0.0734375 0.060546875
2 0.409375 0.4892578125 0.08125 0.115234375
2 0.45859375 0.5107421875 0.0203125 0.044921875
2 0.47734375 0.5078125 0.0234375 0.03125
2 0.49140625 0.4951171875 0.0078125 0.009765625
2 0.49765625 0.494140625 0.0046875 0.0078125
2 0.528125 0.494140625 0.009375 0.01171875
2 0.54296875 0.4990234375 0.0109375 0.013671875
2 0.6265625 0.5126953125 0.04375 0.044921875
2 0.684375 0.5224609375 0.059375 0.056640625
2 0.50703125 0.494140625 0.0078125 0.0078125
2 0.51484375 0.4912109375 0.0078125 0.009765625
