0 0.72265625 0.4599609375 0.0203125 0.072265625
0 0.7765625 0.46484375 0.021875 0.0703125
0 0.85546875 0.447265625 0.0234375 0.04296875
0 0.9859375 0.453125 0.01875 0.04296875
0 0.6125 0.462890625 0.009375 0.046875
0 0.13515625 0.474609375 0.0515625 0.12890625
0 0.040625 0.447265625 0.021875 0.04296875
0 0.05859375 0.431640625 0.0234375 0.0390625
0 0.08046875 0.4375 0.0203125 0.0234375
0 0.09921875 0.443359375 0.0171875 0.03125
0 0.16640625 0.4462890625 0.0171875 0.041015625
0 0.49609375 0.4453125 0.0078125 0.01953125
0 0.478125 0.447265625 0.00625 0.015625
2 0.24765625 0.466796875 0.1171875 0.0546875
2 0.575 0.4765625 0.06875 0.06640625
2 0.53671875 0.46484375 0.0328125 0.04296875
2 0.515625 0.4521484375 0.01875 0.025390625
2 0.503125 0.451171875 0.015625 0.0234375
2 0.45859375 0.447265625 0.0140625 0.01171875
2 0.475 0.4462890625 0.01875 0.013671875
1 0.2078125 0.4697265625 0.01875 0.052734375
