0 0.18828125 0.4736328125 0.0078125 0.029296875
0 0.2359375 0.4599609375 0.00625 0.017578125
2 0.64140625 0.478515625 0.1078125 0.09765625
2 0.55859375 0.462890625 0.0640625 0.05078125
2 0.47890625 0.4619140625 0.0484375 0.056640625
2 0.521875 0.453125 0.0125 0.01953125
2 0.44609375 0.45703125 0.0234375 0.0234375
2 0.42578125 0.4580078125 0.0171875 0.013671875
2 0.4109375 0.4580078125 0.0125 0.013671875
2 0.4015625 0.4599609375 0.0125 0.013671875
2 0.39140625 0.4580078125 0.0203125 0.017578125
2 0.375 0.4638671875 0.015625 0.013671875
2 0.3609375 0.462890625 0.015625 0.01171875
2 0.3390625 0.462890625 0.025 0.02734375
2 0.30546875 0.4697265625 0.0328125 0.029296875
2 0.11328125 0.484375 0.0765625 0.06640625
2 0.15859375 0.474609375 0.0421875 0.0625
2 0.51015625 0.453125 0.0140625 0.01953125
2 0.2171875 0.4716796875 0.028125 0.021484375
