0 0.16328125 0.4873046875 0.0296875 0.060546875
0 0.20546875 0.4794921875 0.0203125 0.052734375
0 0.23359375 0.4833984375 0.0171875 0.052734375
0 0.2546875 0.4755859375 0.015625 0.041015625
0 0.84765625 0.4609375 0.0171875 0.0546875
0 0.803125 0.4619140625 0.0125 0.048828125
2 0.4484375 0.478515625 0.05 0.04296875
2 0.5734375 0.451171875 0.01875 0.01953125
2 0.55546875 0.443359375 0.0171875 0.015625
2 0.590625 0.4365234375 0.0125 0.013671875
2 0.58203125 0.427734375 0.0109375 0.01171875
2 0.59765625 0.4267578125 0.0078125 0.009765625
2 0.60234375 0.4208984375 0.0046875 0.005859375
2 0.61328125 0.4287109375 0.0109375 0.009765625
