0 0.17578125 0.4453125 0.0078125 0.02734375
0 0.184375 0.4462890625 0.00625 0.025390625
0 0.21484375 0.443359375 0.0046875 0.01953125
0 0.4125 0.4453125 0.01875 0.0546875
0 0.5125 0.46875 0.028125 0.16015625
0 0.565625 0.4521484375 0.01875 0.103515625
0 0.54609375 0.4716796875 0.0421875 0.154296875
0 0.91015625 0.47265625 0.0796875 0.2890625
2 0.925 0.4794921875 0.15 0.134765625
2 0.27265625 0.4443359375 0.0203125 0.021484375
2 0.3484375 0.4560546875 0.05625 0.056640625
2 0.10546875 0.462890625 0.1453125 0.125
