1 0.14140625 0.4375 0.0453125 0.07421875
1 0.19375 0.435546875 0.025 0.05859375
1 0.6828125 0.4423828125 0.028125 0.072265625
1 0.6140625 0.4375 0.021875 0.05859375
1 0.9484375 0.552734375 0.103125 0.22265625
1 0.4796875 0.4912109375 0.053125 0.134765625
1 0.5640625 0.4765625 0.065625 0.1484375
2 0.41015625 0.419921875 0.0296875 0.02734375
2 0.3890625 0.423828125 0.01875 0.02734375
2 0.3609375 0.423828125 0.0375 0.03515625
2 0.44921875 0.4208984375 0.0109375 0.025390625
1 0.225 0.4306640625 0.021875 0.048828125
