0 0.009375 0.5224609375 0.01875 0.087890625
0 0.24296875 0.50390625 0.0109375 0.03125
0 0.8703125 0.5361328125 0.03125 0.111328125
0 0.784375 0.5361328125 0.021875 0.083984375
0 0.71796875 0.5361328125 0.0296875 0.091796875
0 0.74453125 0.5341796875 0.0265625 0.087890625
0 0.921875 0.5380859375 0.03125 0.107421875
0 0.66484375 0.513671875 0.0140625 0.04296875
1 0.57421875 0.55078125 0.0234375 0.046875
2 0.53046875 0.5048828125 0.0109375 0.009765625
2 0.4828125 0.5546875 0.128125 0.12109375
2 0.3671875 0.515625 0.04375 0.0390625
2 0.39453125 0.513671875 0.0234375 0.03515625
2 0.4125 0.5126953125 0.015625 0.033203125
2 0.425 0.5087890625 0.01875 0.033203125
