0 0.33515625 0.4814453125 0.0109375 0.017578125
0 0.371875 0.482421875 0.009375 0.01953125
0 0.3921875 0.4853515625 0.009375 0.033203125
0 0.4203125 0.4892578125 0.00625 0.021484375
0 0.41328125 0.4853515625 0.0046875 0.017578125
0 0.64921875 0.4892578125 0.0109375 0.025390625
0 0.66953125 0.4892578125 0.0140625 0.017578125
0 0.7625 0.533203125 0.04375 0.1171875
0 0.73203125 0.5322265625 0.0328125 0.111328125
0 0.70703125 0.5302734375 0.0296875 0.103515625
2 0.55703125 0.498046875 0.0296875 0.03125
2 0.53515625 0.4951171875 0.0140625 0.021484375
2 0.5140625 0.5078125 0.0375 0.0390625
