0 0.83046875 0.548828125 0.0171875 0.0546875
0 0.7671875 0.5751953125 0.01875 0.060546875
0 0.67109375 0.5810546875 0.0234375 0.072265625
0 0.64609375 0.58203125 0.0203125 0.07421875
0 0.56015625 0.560546875 0.0109375 0.03125
0 0.54375 0.556640625 0.009375 0.02734375
0 0.5359375 0.5517578125 0.00625 0.021484375
0 0.48984375 0.5712890625 0.0140625 0.041015625
0 0.48515625 0.5673828125 0.0109375 0.037109375
0 0.11875 0.609375 0.01875 0.07421875
0 0.38671875 0.556640625 0.0078125 0.01953125
0 0.4953125 0.5517578125 0.00625 0.017578125
0 0.35078125 0.55078125 0.0046875 0.01171875
0 0.34296875 0.552734375 0.0046875 0.01171875
0 0.34609375 0.5517578125 0.0046875 0.013671875
2 0.5953125 0.5517578125 0.040625 0.029296875
2 0.6296875 0.5517578125 0.028125 0.029296875
2 0.396875 0.55859375 0.015625 0.015625
2 0.41015625 0.5576171875 0.0109375 0.013671875
2 0.1859375 0.603515625 0.11875 0.1171875
2 0.27421875 0.587890625 0.0671875 0.07421875
2 0.32421875 0.58203125 0.0359375 0.05859375
2 0.30703125 0.583984375 0.0265625 0.0625
2 0.45859375 0.552734375 0.0203125 0.015625
2 0.47265625 0.5498046875 0.0109375 0.013671875
