0 0.284375 0.4521484375 0.0125 0.033203125
0 0.21875 0.4423828125 0.009375 0.033203125
2 0.04453125 0.431640625 0.0890625 0.03515625
2 0.35078125 0.4482421875 0.0265625 0.029296875
2 0.5546875 0.4541015625 0.040625 0.041015625
2 0.55 0.41796875 0.015625 0.015625
2 0.98046875 0.40234375 0.0390625 0.0703125
2 0.93984375 0.40234375 0.0578125 0.0703125
2 0.89140625 0.4091796875 0.0484375 0.052734375
2 0.8203125 0.4140625 0.075 0.0390625
2 0.72734375 0.4208984375 0.0328125 0.033203125
2 0.62265625 0.4384765625 0.0140625 0.017578125
14 0.45625 0.4296875 0.134375 0.06640625
