0 0.1953125 0.56640625 0.028125 0.0703125
0 0.2171875 0.564453125 0.01875 0.07421875
0 0.27421875 0.5634765625 0.0234375 0.076171875
0 0.30625 0.5322265625 0.009375 0.021484375
0 0.3171875 0.53125 0.00625 0.015625
0 0.53828125 0.587890625 0.0265625 0.04296875
0 0.59609375 0.533203125 0.0078125 0.0234375
0 0.56328125 0.529296875 0.0046875 0.01953125
0 0.6140625 0.533203125 0.009375 0.03125
0 0.628125 0.5400390625 0.0125 0.037109375
0 0.62265625 0.5361328125 0.0078125 0.033203125
0 0.67109375 0.5478515625 0.0140625 0.048828125
0 0.50625 0.54296875 0.0125 0.02734375
6 0.39921875 0.51953125 0.0265625 0.03125
2 0.075 0.611328125 0.15 0.125
2 0.89921875 0.728515625 0.2015625 0.51171875
2 0.775 0.66015625 0.234375 0.25390625
2 0.45234375 0.6533203125 0.1953125 0.212890625
2 0.37421875 0.564453125 0.0578125 0.05859375
2 0.43359375 0.5390625 0.0234375 0.0234375
2 0.47734375 0.5390625 0.0359375 0.02734375
2 0.41328125 0.53515625 0.0265625 0.0234375
2 0.45078125 0.51953125 0.0140625 0.015625
2 0.4796875 0.51953125 0.01875 0.01953125
2 0.4375 0.5166015625 0.0125 0.013671875
2 0.5890625 0.5859375 0.08125 0.08203125
