0 0.3140625 0.4755859375 0.059375 0.154296875
0 0.4203125 0.4306640625 0.01875 0.041015625
2 0.0484375 0.443359375 0.096875 0.078125
2 0.1515625 0.458984375 0.14375 0.06640625
2 0.6171875 0.4501953125 0.109375 0.052734375
2 0.68203125 0.455078125 0.0328125 0.0390625
2 0.696875 0.4482421875 0.06875 0.048828125
2 0.74453125 0.4462890625 0.0578125 0.041015625
2 0.775 0.443359375 0.059375 0.04296875
2 0.85234375 0.4443359375 0.0359375 0.029296875
2 0.184375 0.4384765625 0.121875 0.052734375
2 0.365625 0.4384765625 0.06875 0.029296875
