0 0.06015625 0.5205078125 0.0296875 0.087890625
0 0.03203125 0.5146484375 0.0296875 0.099609375
0 0.0125 0.5185546875 0.025 0.107421875
0 0.546875 0.4736328125 0.009375 0.025390625
1 0.70625 0.5615234375 0.040625 0.068359375
2 0.43828125 0.5390625 0.0921875 0.08203125
2 0.48828125 0.51953125 0.0546875 0.0625
2 0.46875 0.48046875 0.01875 0.02734375
2 0.440625 0.486328125 0.04375 0.03515625
2 0.6140625 0.4716796875 0.01875 0.017578125
2 0.60234375 0.4658203125 0.0078125 0.009765625
2 0.59296875 0.4638671875 0.0109375 0.009765625
0 0.99296875 0.5048828125 0.0171875 0.083984375
