0 0.6546875 0.5546875 0.009375 0.03125
0 0.60859375 0.548828125 0.0078125 0.0234375
0 0.62890625 0.546875 0.0046875 0.0234375
0 0.625 0.5498046875 0.00625 0.021484375
0 0.54609375 0.55078125 0.0078125 0.0234375
0 0.43125 0.546875 0.00625 0.0234375
2 0.41328125 0.5576171875 0.0359375 0.033203125
2 0.46484375 0.5537109375 0.0296875 0.029296875
2 0.49296875 0.5458984375 0.0359375 0.025390625
2 0.52265625 0.55078125 0.0140625 0.01953125
2 0.5 0.5810546875 0.0625 0.064453125
2 0.38671875 0.568359375 0.0390625 0.04296875
2 0.3625 0.5712890625 0.05625 0.052734375
2 0.3078125 0.583984375 0.08125 0.0859375
2 0.27578125 0.6005859375 0.0890625 0.095703125
2 0.21640625 0.615234375 0.1171875 0.1171875
2 0.146875 0.642578125 0.14375 0.14453125
2 0.06640625 0.7021484375 0.1328125 0.208984375
