0 0.7546875 0.4892578125 0.009375 0.021484375
0 0.9546875 0.4990234375 0.00625 0.021484375
0 0.9796875 0.50390625 0.00625 0.0234375
0 0.9671875 0.49609375 0.00625 0.015625
0 0.88046875 0.498046875 0.0078125 0.01171875
2 0.53125 0.52734375 0.140625 0.1328125
2 0.6421875 0.5068359375 0.109375 0.080078125
2 0.70390625 0.490234375 0.0265625 0.01953125
2 0.68046875 0.4873046875 0.0421875 0.021484375
2 0.71953125 0.4912109375 0.0265625 0.021484375
2 0.8078125 0.509765625 0.08125 0.03515625
2 0.84453125 0.509765625 0.0390625 0.03515625
2 0.78203125 0.4912109375 0.0421875 0.021484375
2 0.92109375 0.501953125 0.0484375 0.0234375
2 0.9 0.4970703125 0.01875 0.013671875
2 0.94375 0.501953125 0.015625 0.0234375
