0 0.84375 0.5361328125 0.0125 0.052734375
0 0.8328125 0.537109375 0.0125 0.046875
0 0.75703125 0.5400390625 0.0078125 0.029296875
0 0.7015625 0.5263671875 0.00625 0.017578125
0 0.659375 0.53125 0.00625 0.0234375
0 0.65234375 0.53125 0.0046875 0.01953125
0 0.675 0.529296875 0.00625 0.01171875
0 0.52734375 0.5302734375 0.0078125 0.017578125
0 0.46015625 0.52734375 0.0109375 0.01171875
0 0.46875 0.525390625 0.00625 0.015625
0 0.41640625 0.5263671875 0.0140625 0.017578125
0 0.08984375 0.5419921875 0.0140625 0.029296875
0 0.31015625 0.5224609375 0.0109375 0.025390625
2 0.5609375 0.5439453125 0.034375 0.037109375
2 0.52265625 0.6611328125 0.1765625 0.177734375
2 0.459375 0.5869140625 0.08125 0.072265625
2 0.5140625 0.5322265625 0.015625 0.021484375
2 0.50234375 0.537109375 0.0140625 0.0234375
2 0.3265625 0.5927734375 0.1 0.076171875
2 0.365625 0.576171875 0.0625 0.0625
2 0.396875 0.5654296875 0.053125 0.064453125
2 0.48359375 0.533203125 0.0265625 0.02734375
