0 0.84296875 0.4677734375 0.0296875 0.091796875
0 0.89453125 0.46875 0.0390625 0.08203125
2 0.084375 0.4990234375 0.053125 0.060546875
2 0.13515625 0.494140625 0.0953125 0.06640625
2 0.23984375 0.4833984375 0.0453125 0.037109375
2 0.28828125 0.482421875 0.0609375 0.05078125
2 0.396875 0.4697265625 0.028125 0.029296875
2 0.5078125 0.4609375 0.015625 0.01953125
2 0.49375 0.4619140625 0.009375 0.009765625
2 0.4859375 0.4599609375 0.009375 0.009765625
2 0.4734375 0.4580078125 0.009375 0.009765625
2 0.01171875 0.4921875 0.0265625 0.03125
2 0.046875 0.4892578125 0.04375 0.037109375
