0 0.64453125 0.4658203125 0.0671875 0.142578125
0 0.625 0.4638671875 0.040625 0.134765625
0 0.28359375 0.4580078125 0.0203125 0.072265625
0 0.2671875 0.4501953125 0.009375 0.033203125
0 0.21953125 0.4482421875 0.0109375 0.048828125
0 0.0125 0.43359375 0.025 0.109375
0 0.03125 0.4384765625 0.046875 0.119140625
1 0.153125 0.4560546875 0.04375 0.037109375
1 0.125 0.453125 0.046875 0.0390625
1 0.09140625 0.447265625 0.0484375 0.04296875
2 0.94921875 0.517578125 0.1015625 0.10546875
2 0.6921875 0.4716796875 0.1 0.103515625
2 0.59375 0.4677734375 0.04375 0.056640625
2 0.575 0.4560546875 0.04375 0.060546875
2 0.53046875 0.4619140625 0.0640625 0.068359375
2 0.47421875 0.462890625 0.0296875 0.03125
2 0.4953125 0.4580078125 0.015625 0.033203125
2 0.41171875 0.4599609375 0.0140625 0.029296875
2 0.39296875 0.4619140625 0.0234375 0.041015625
2 0.37578125 0.4560546875 0.0234375 0.056640625
2 0.3546875 0.458984375 0.05 0.0703125
2 0.33125 0.4677734375 0.071875 0.064453125
