0 0.9625 0.5849609375 0.075 0.255859375
0 0.9109375 0.591796875 0.075 0.25
0 0.8796875 0.572265625 0.05 0.26171875
0 0.7265625 0.521484375 0.03125 0.09765625
0 0.74453125 0.498046875 0.0203125 0.046875
0 0.76484375 0.517578125 0.0328125 0.0703125
0 0.69296875 0.517578125 0.0140625 0.078125
0 0.68203125 0.5107421875 0.0140625 0.068359375
0 0.64375 0.4951171875 0.009375 0.025390625
0 0.6359375 0.49609375 0.009375 0.0234375
0 0.53046875 0.5048828125 0.0078125 0.013671875
0 0.009375 0.4892578125 0.01875 0.056640625
0 0.096875 0.482421875 0.021875 0.03125
0 0.1875 0.4873046875 0.0125 0.021484375
0 0.61171875 0.5078125 0.0109375 0.03515625
1 0.58125 0.5458984375 0.025 0.048828125
2 0.51640625 0.5 0.0140625 0.015625
2 0.484375 0.5263671875 0.06875 0.072265625
