0 0.51796875 0.4638671875 0.0203125 0.048828125
0 0.48828125 0.4677734375 0.0265625 0.072265625
0 0.58203125 0.47265625 0.0265625 0.0859375
0 0.55703125 0.4833984375 0.0359375 0.103515625
0 0.94609375 0.5009765625 0.0515625 0.123046875
0 0.86796875 0.501953125 0.0453125 0.10546875
0 0.915625 0.5078125 0.034375 0.11328125
1 0.76796875 0.58984375 0.0859375 0.1875
2 0.45546875 0.4599609375 0.0296875 0.029296875
2 0.4828125 0.46484375 0.034375 0.0390625
2 0.39609375 0.458984375 0.0421875 0.03515625
2 0.28046875 0.4462890625 0.0390625 0.037109375
2 0.23984375 0.4482421875 0.0328125 0.025390625
2 0.21328125 0.4482421875 0.0234375 0.021484375
2 0.16484375 0.4658203125 0.0546875 0.052734375
2 0.084375 0.47265625 0.115625 0.09765625
2 0.315625 0.4853515625 0.128125 0.095703125
2 0.67265625 0.4619140625 0.0984375 0.072265625
14 0.5046875 0.4677734375 0.009375 0.033203125
