2 0.2125 0.529296875 0.034375 0.03125
2 0.25625 0.5205078125 0.03125 0.037109375
2 0.1359375 0.708984375 0.271875 0.4140625
2 0.3625 0.578125 0.196875 0.16015625
2 0.41640625 0.49609375 0.0234375 0.03515625
2 0.465625 0.4775390625 0.046875 0.013671875
2 0.45390625 0.525390625 0.0734375 0.08984375
2 0.509375 0.484375 0.065625 0.05078125
2 0.62890625 0.5498046875 0.1390625 0.150390625
2 0.65703125 0.4638671875 0.0140625 0.017578125
2 0.6453125 0.462890625 0.009375 0.015625
2 0.6390625 0.466796875 0.0125 0.015625
2 0.7828125 0.521484375 0.1375 0.12890625
2 0.9328125 0.599609375 0.134375 0.25
