1 0.39296875 0.5517578125 0.1671875 0.181640625
2 0.61015625 0.4892578125 0.0796875 0.072265625
2 0.57265625 0.4833984375 0.0296875 0.052734375
2 0.55390625 0.4794921875 0.0296875 0.048828125
2 0.5515625 0.470703125 0.04375 0.05078125
2 0.525 0.4765625 0.015625 0.03125
2 0.51875 0.4736328125 0.01875 0.029296875
2 0.50546875 0.47265625 0.0109375 0.01953125
2 0.4828125 0.4677734375 0.040625 0.025390625
2 0.2015625 0.4970703125 0.09375 0.080078125
2 0.25546875 0.4921875 0.0453125 0.0625
2 0.28203125 0.4814453125 0.0640625 0.068359375
2 0.315625 0.47265625 0.046875 0.0625
2 0.340625 0.4755859375 0.0125 0.048828125
2 0.35625 0.4736328125 0.01875 0.033203125
2 0.3796875 0.4775390625 0.025 0.025390625
2 0.4 0.4716796875 0.015625 0.017578125
