1 0.22421875 0.51171875 0.1015625 0.078125
2 0.95078125 0.6044921875 0.0984375 0.216796875
2 0.53828125 0.4677734375 0.0703125 0.076171875
2 0.49765625 0.46484375 0.0328125 0.05078125
2 0.47890625 0.4677734375 0.0109375 0.029296875
2 0.47265625 0.4658203125 0.0109375 0.025390625
2 0.46484375 0.46484375 0.0140625 0.01953125
2 0.459375 0.4609375 0.015625 0.01953125
2 0.4484375 0.4599609375 0.009375 0.013671875
2 0.43671875 0.4609375 0.0109375 0.01171875
2 0.39921875 0.4619140625 0.0109375 0.013671875
2 0.3921875 0.4619140625 0.0125 0.013671875
2 0.38203125 0.462890625 0.0109375 0.015625
2 0.37109375 0.462890625 0.0140625 0.015625
2 0.34765625 0.470703125 0.0421875 0.03515625
2 0.30859375 0.4716796875 0.0171875 0.044921875
2 0.2875 0.4716796875 0.04375 0.048828125
2 0.27421875 0.4775390625 0.0328125 0.044921875
2 0.2453125 0.48046875 0.05 0.0546875
2 0.19140625 0.470703125 0.0234375 0.03515625
2 0.14921875 0.4638671875 0.0359375 0.041015625
2 0.09375 0.46875 0.071875 0.05078125
2 0.0484375 0.466796875 0.05 0.05078125
