2 0.17578125 0.4892578125 0.0796875 0.080078125
2 0.34296875 0.4521484375 0.0109375 0.009765625
2 0.35390625 0.4521484375 0.0078125 0.009765625
2 0.378125 0.462890625 0.015625 0.01953125
2 0.41328125 0.47265625 0.0171875 0.01953125
2 0.4546875 0.4599609375 0.0125 0.013671875
2 0.44140625 0.451171875 0.0078125 0.0078125
2 0.46328125 0.4609375 0.0109375 0.01171875
2 0.47578125 0.4599609375 0.0140625 0.013671875
2 0.47890625 0.4697265625 0.0140625 0.017578125
2 0.62578125 0.4716796875 0.0484375 0.037109375
2 0.72265625 0.4853515625 0.0765625 0.037109375
2 0.82421875 0.4921875 0.1234375 0.0703125
