4 0.38828125 0.4267578125 0.0609375 0.080078125
0 0.28671875 0.4716796875 0.0390625 0.154296875
2 0.6171875 0.4638671875 0.084375 0.080078125
2 0.57421875 0.4501953125 0.0609375 0.068359375
2 0.5421875 0.45703125 0.01875 0.0390625
2 0.5328125 0.44921875 0.03125 0.0390625
2 0.515625 0.4462890625 0.0125 0.029296875
2 0.50703125 0.447265625 0.0078125 0.0234375
2 0.503125 0.4443359375 0.0125 0.021484375
2 0.4921875 0.4453125 0.0125 0.01171875
2 0.46875 0.4453125 0.01875 0.01953125
2 0.44609375 0.4443359375 0.0109375 0.013671875
2 0.34140625 0.4599609375 0.0546875 0.072265625
2 0.27890625 0.4697265625 0.0984375 0.087890625
