4 0.55859375 0.552734375 0.0234375 0.03125
0 0.41796875 0.5654296875 0.0078125 0.025390625
0 0.12890625 0.61328125 0.0265625 0.1015625
0 0.10234375 0.6083984375 0.0296875 0.123046875
0 0.1859375 0.568359375 0.0125 0.03125
0 0.1640625 0.578125 0.015625 0.0625
0 0.15390625 0.5859375 0.0234375 0.078125
0 0.74140625 0.55859375 0.0109375 0.04296875
0 0.7515625 0.5595703125 0.0125 0.041015625
0 0.7640625 0.564453125 0.0125 0.046875
0 0.77734375 0.564453125 0.0140625 0.0546875
0 0.8578125 0.57421875 0.021875 0.08203125
0 0.68359375 0.5634765625 0.0109375 0.037109375
0 0.696875 0.5673828125 0.009375 0.037109375
0 0.59375 0.564453125 0.009375 0.02734375
0 0.5875 0.5615234375 0.00625 0.025390625
0 0.6453125 0.5615234375 0.00625 0.029296875
0 0.66640625 0.564453125 0.0109375 0.03125
0 0.6515625 0.5634765625 0.00625 0.029296875
0 0.6578125 0.5576171875 0.00625 0.021484375
2 0.47421875 0.583984375 0.0671875 0.06640625
2 0.43828125 0.5693359375 0.0234375 0.025390625
2 0.38671875 0.5703125 0.0453125 0.046875
2 0.52421875 0.56640625 0.0421875 0.04296875
