0 0.26328125 0.5732421875 0.0109375 0.025390625
0 0.09609375 0.5712890625 0.0109375 0.025390625
0 0.57890625 0.58203125 0.0046875 0.01171875
2 0.0109375 0.62890625 0.021875 0.0859375
2 0.128125 0.6279296875 0.128125 0.099609375
2 0.125 0.5712890625 0.053125 0.017578125
2 0.18984375 0.5732421875 0.0453125 0.025390625
2 0.22890625 0.5712890625 0.0359375 0.021484375
2 0.28515625 0.5986328125 0.0609375 0.048828125
2 0.3796875 0.634765625 0.115625 0.09765625
2 0.47734375 0.5810546875 0.0359375 0.037109375
2 0.53046875 0.6484375 0.1265625 0.12890625
2 0.5203125 0.580078125 0.040625 0.01171875
2 0.36015625 0.5830078125 0.0328125 0.029296875
2 0.38671875 0.578125 0.0296875 0.02734375
