4 0.5609375 0.5322265625 0.015625 0.025390625
0 0.8890625 0.6005859375 0.025 0.087890625
0 0.91796875 0.595703125 0.0265625 0.0859375
0 0.0140625 0.5947265625 0.025 0.083984375
0 0.63984375 0.5595703125 0.0109375 0.041015625
0 0.34921875 0.568359375 0.0109375 0.01953125
2 0.12109375 0.6357421875 0.1640625 0.115234375
2 0.33203125 0.5986328125 0.0609375 0.056640625
2 0.4203125 0.5947265625 0.053125 0.048828125
2 0.46171875 0.5576171875 0.0265625 0.029296875
2 0.5 0.5537109375 0.01875 0.017578125
2 0.56640625 0.556640625 0.0234375 0.0234375
2 0.5296875 0.54296875 0.009375 0.01171875
2 0.51328125 0.5458984375 0.0140625 0.013671875
2 0.509375 0.599609375 0.05625 0.0625
2 0.56328125 0.5400390625 0.0109375 0.009765625
