4 0.35078125 0.4609375 0.1078125 0.07421875
0 0.95859375 0.46875 0.0140625 0.046875
0 0.8671875 0.4619140625 0.0125 0.033203125
0 0.82734375 0.4580078125 0.0140625 0.029296875
2 0.05703125 0.4794921875 0.1140625 0.107421875
2 0.24609375 0.478515625 0.0828125 0.0625
2 0.60390625 0.47265625 0.0203125 0.046875
2 0.578125 0.48046875 0.040625 0.0703125
2 0.51875 0.5107421875 0.140625 0.134765625
2 0.70078125 0.4814453125 0.0734375 0.056640625
2 0.66640625 0.4755859375 0.0609375 0.052734375
2 0.7421875 0.4912109375 0.078125 0.056640625
