2 0.58828125 0.474609375 0.1234375 0.1171875
2 0.5203125 0.4658203125 0.05625 0.064453125
2 0.07578125 0.462890625 0.0421875 0.04296875
2 0.12265625 0.4951171875 0.1109375 0.083984375
2 0.18984375 0.4892578125 0.0640625 0.068359375
2 0.22421875 0.478515625 0.0515625 0.06640625
2 0.29609375 0.484375 0.0921875 0.078125
2 0.34140625 0.466796875 0.0234375 0.02734375
2 0.35546875 0.4638671875 0.0140625 0.021484375
2 0.3671875 0.462890625 0.0125 0.01953125
2 0.38125 0.4609375 0.015625 0.015625
2 0.3921875 0.4619140625 0.00625 0.013671875
2 0.490625 0.4716796875 0.0125 0.037109375
2 0.4828125 0.4697265625 0.0125 0.033203125
2 0.47578125 0.466796875 0.0140625 0.02734375
2 0.46953125 0.46484375 0.0140625 0.0234375
2 0.46171875 0.4638671875 0.0140625 0.021484375
2 0.45546875 0.4609375 0.0140625 0.015625
2 0.44375 0.4599609375 0.009375 0.013671875
2 0.434375 0.4609375 0.009375 0.01171875
2 0.4296875 0.4638671875 0.0125 0.009765625
2 0.04609375 0.474609375 0.0453125 0.04296875
2 0.0171875 0.4736328125 0.034375 0.052734375
