0 0.63359375 0.4931640625 0.0234375 0.095703125
2 0.4328125 0.4970703125 0.10625 0.103515625
2 0.27421875 0.486328125 0.1078125 0.09375
2 0.13515625 0.484375 0.1296875 0.109375
2 0.22109375 0.4833984375 0.0421875 0.068359375
2 0.3359375 0.4765625 0.025 0.03125
2 0.353125 0.4765625 0.015625 0.02734375
2 0.36796875 0.474609375 0.0140625 0.0234375
2 0.37421875 0.470703125 0.0171875 0.02734375
14 0.51484375 0.4541015625 0.0953125 0.134765625
14 0.765625 0.435546875 0.340625 0.1875
2 0.6171875 0.46875 0.1 0.078125
