4 0.33125 0.4970703125 0.1 0.107421875
0 0.18984375 0.51953125 0.0171875 0.05078125
0 0.1390625 0.5146484375 0.015625 0.072265625
0 0.13359375 0.5244140625 0.0203125 0.068359375
0 0.09453125 0.5263671875 0.0203125 0.076171875
0 0.071875 0.5234375 0.025 0.0859375
0 0.86484375 0.5107421875 0.0328125 0.126953125
1 0.90546875 0.5234375 0.0703125 0.0703125
2 0.40546875 0.498046875 0.0671875 0.0859375
2 0.38359375 0.5146484375 0.0984375 0.087890625
2 0.47578125 0.525390625 0.0828125 0.09375
2 0.61640625 0.52734375 0.2328125 0.10546875
2 0.6109375 0.6376953125 0.2625 0.271484375
