0 0.5875 0.4404296875 0.025 0.048828125
0 0.51484375 0.435546875 0.0109375 0.05078125
0 0.37265625 0.3876953125 0.0140625 0.033203125
1 0.284375 0.466796875 0.0875 0.0625
6 0.61796875 0.4150390625 0.0640625 0.076171875
2 0.328125 0.447265625 0.065625 0.0703125
2 0.32421875 0.4111328125 0.0671875 0.041015625
2 0.3671875 0.435546875 0.025 0.0390625
2 0.3796875 0.42578125 0.034375 0.0390625
2 0.38828125 0.39453125 0.0140625 0.015625
2 0.4234375 0.412109375 0.01875 0.01953125
2 0.425 0.396484375 0.015625 0.015625
2 0.44453125 0.3974609375 0.0140625 0.017578125
2 0.45 0.404296875 0.01875 0.01953125
2 0.453125 0.412109375 0.01875 0.01953125
2 0.45859375 0.4267578125 0.0171875 0.025390625
2 0.4828125 0.4306640625 0.040625 0.044921875
2 0.85078125 0.474609375 0.2984375 0.1640625
