0 0.78671875 0.4873046875 0.0640625 0.275390625
0 0.66640625 0.439453125 0.0171875 0.0859375
0 0.61953125 0.462890625 0.0140625 0.08203125
0 0.61015625 0.466796875 0.0140625 0.08203125
0 0.5984375 0.46484375 0.009375 0.078125
0 0.57578125 0.4638671875 0.0109375 0.083984375
0 0.54765625 0.462890625 0.0234375 0.0859375
0 0.140625 0.4599609375 0.015625 0.044921875
0 0.12265625 0.4609375 0.0078125 0.04296875
1 0.76796875 0.5068359375 0.1296875 0.115234375
2 0.4484375 0.4619140625 0.028125 0.025390625
2 0.38046875 0.4619140625 0.0109375 0.021484375
2 0.36484375 0.4619140625 0.0265625 0.025390625
