0 0.29609375 0.4951171875 0.0890625 0.224609375
0 0.13671875 0.44921875 0.0203125 0.05859375
0 0.1015625 0.458984375 0.0125 0.04296875
0 0.0765625 0.46484375 0.015625 0.0546875
0 0.0640625 0.4638671875 0.01875 0.060546875
0 0.0171875 0.509765625 0.034375 0.203125
1 0.9203125 0.5126953125 0.140625 0.107421875
2 0.5359375 0.4794921875 0.1125 0.095703125
2 0.5859375 0.4736328125 0.040625 0.080078125
2 0.46171875 0.4443359375 0.0203125 0.025390625
2 0.434375 0.443359375 0.01875 0.01953125
2 0.421875 0.44140625 0.0125 0.015625
