0 0.06171875 0.55078125 0.0234375 0.0625
0 0.003125 0.5556640625 0.00625 0.037109375
0 0.0140625 0.5498046875 0.00625 0.029296875
0 0.021875 0.546875 0.00625 0.0234375
0 0.0421875 0.5458984375 0.00625 0.029296875
0 0.109375 0.537109375 0.00625 0.01953125
0 0.17109375 0.548828125 0.0078125 0.03125
0 0.18359375 0.5546875 0.0109375 0.04296875
0 0.96640625 0.544921875 0.0140625 0.0390625
0 0.97578125 0.54296875 0.0109375 0.046875
0 0.98671875 0.541015625 0.0109375 0.046875
0 0.90625 0.541015625 0.009375 0.046875
0 0.8015625 0.537109375 0.00625 0.0234375
0 0.8078125 0.53125 0.00625 0.015625
0 0.8328125 0.548828125 0.015625 0.05078125
0 0.08046875 0.54296875 0.0046875 0.015625
0 0.08828125 0.5419921875 0.0046875 0.013671875
2 0.12109375 0.5546875 0.0265625 0.03125
2 0.35625 0.5751953125 0.15625 0.080078125
2 0.44453125 0.5634765625 0.0515625 0.056640625
2 0.5109375 0.57421875 0.140625 0.09765625
2 0.65234375 0.548828125 0.0359375 0.03125
2 0.63046875 0.5400390625 0.0234375 0.033203125
2 0.6984375 0.537109375 0.059375 0.0234375
2 0.75546875 0.5302734375 0.0671875 0.033203125
2 0.7328125 0.658203125 0.284375 0.23046875
