0 0.2609375 0.5126953125 0.021875 0.068359375
0 0.3625 0.505859375 0.00625 0.02734375
2 0.9625 0.8203125 0.075 0.359375
2 0.8375 0.6005859375 0.325 0.259765625
2 0.609375 0.5224609375 0.103125 0.052734375
2 0.6609375 0.51953125 0.0375 0.0390625
2 0.5515625 0.501953125 0.00625 0.0078125
2 0.5421875 0.5107421875 0.015625 0.017578125
2 0.51328125 0.5009765625 0.0078125 0.005859375
2 0.50078125 0.51171875 0.0140625 0.015625
2 0.49765625 0.5078125 0.0109375 0.01171875
2 0.478125 0.5087890625 0.0125 0.013671875
2 0.43984375 0.4951171875 0.0640625 0.091796875
2 0.38125 0.5146484375 0.028125 0.025390625
2 0.39921875 0.509765625 0.0140625 0.0234375
2 0.165625 0.521484375 0.184375 0.0859375
2 0.5203125 0.5 0.00625 0.0078125
2 0.53515625 0.5009765625 0.0078125 0.009765625
