0 0.76015625 0.490234375 0.0265625 0.11328125
0 0.7171875 0.4912109375 0.025 0.107421875
0 0.61328125 0.478515625 0.0359375 0.09375
0 0.57890625 0.4794921875 0.0328125 0.091796875
2 0.7015625 0.478515625 0.09375 0.04296875
2 0.49765625 0.4619140625 0.0265625 0.029296875
2 0.45703125 0.4658203125 0.0578125 0.037109375
2 0.39765625 0.4599609375 0.0609375 0.044921875
2 0.246875 0.4580078125 0.0875 0.056640625
2 0.31328125 0.45703125 0.0640625 0.046875
14 0.2046875 0.4619140625 0.409375 0.123046875
