0 0.30390625 0.396484375 0.0140625 0.03125
0 0.39296875 0.41015625 0.0140625 0.046875
0 0.40703125 0.4130859375 0.0140625 0.048828125
0 0.70390625 0.42578125 0.0140625 0.0390625
2 0.015625 0.40625 0.03125 0.0546875
2 0.065625 0.41015625 0.128125 0.07421875
2 0.43515625 0.4111328125 0.0453125 0.029296875
2 0.50390625 0.4052734375 0.0140625 0.017578125
2 0.515625 0.40625 0.021875 0.0234375
2 0.55390625 0.4140625 0.0265625 0.02734375
2 0.58125 0.41796875 0.03125 0.03515625
2 0.62421875 0.4404296875 0.0765625 0.080078125
2 0.48984375 0.40234375 0.0140625 0.015625
2 0.465625 0.3974609375 0.015625 0.013671875
