0 0.67109375 0.4833984375 0.0203125 0.064453125
0 0.64375 0.4912109375 0.01875 0.033203125
1 0.59375 0.4833984375 0.0125 0.025390625
2 0.46875 0.4814453125 0.0375 0.041015625
2 0.39609375 0.484375 0.0203125 0.01953125
2 0.37890625 0.4814453125 0.0203125 0.029296875
2 0.35546875 0.4794921875 0.0328125 0.033203125
2 0.30703125 0.4794921875 0.0703125 0.068359375
2 0.2625 0.478515625 0.028125 0.0546875
2 0.22265625 0.482421875 0.0671875 0.05859375
2 0.13359375 0.4970703125 0.1296875 0.115234375
2 0.0328125 0.4912109375 0.065625 0.060546875
