0 0.165625 0.42578125 0.0125 0.046875
0 0.21640625 0.41796875 0.0265625 0.07421875
0 0.246875 0.4208984375 0.015625 0.064453125
0 0.23046875 0.4189453125 0.0171875 0.072265625
0 0.18984375 0.4150390625 0.0171875 0.080078125
0 0.284375 0.4208984375 0.0125 0.064453125
0 0.30078125 0.4208984375 0.0203125 0.072265625
0 0.29609375 0.40625 0.0109375 0.04296875
0 0.32421875 0.4228515625 0.0140625 0.060546875
0 0.3359375 0.4326171875 0.0125 0.041015625
0 0.3421875 0.4140625 0.0125 0.05078125
0 0.36328125 0.419921875 0.0140625 0.06640625
0 0.371875 0.4140625 0.0125 0.046875
0 0.41875 0.4111328125 0.009375 0.033203125
0 0.42734375 0.4111328125 0.0078125 0.033203125
6 0.5078125 0.3837890625 0.034375 0.025390625
2 0.75546875 0.609375 0.4890625 0.63671875
2 0.01953125 0.6875 0.0390625 0.2265625
2 0.46484375 0.427734375 0.0546875 0.0546875
2 0.4796875 0.4169921875 0.0375 0.052734375
2 0.5078125 0.41796875 0.034375 0.04296875
2 0.528125 0.4072265625 0.0125 0.021484375
2 0.5609375 0.404296875 0.009375 0.0234375
14 0.065625 0.4208984375 0.115625 0.107421875
