0 0.02890625 0.4609375 0.0203125 0.0546875
0 0.05859375 0.462890625 0.0140625 0.0546875
0 0.18203125 0.45703125 0.0171875 0.05078125
0 0.203125 0.4375 0.0125 0.03125
0 0.3328125 0.482421875 0.065625 0.1484375
0 0.49609375 0.484375 0.0609375 0.1484375
0 0.4015625 0.443359375 0.009375 0.02734375
0 0.6296875 0.4482421875 0.009375 0.029296875
0 0.60390625 0.4375 0.0078125 0.015625
0 0.6578125 0.44921875 0.0125 0.0390625
0 0.675 0.447265625 0.009375 0.03515625
0 0.68203125 0.4501953125 0.0078125 0.033203125
0 0.7109375 0.451171875 0.0125 0.03515625
0 0.7890625 0.453125 0.015625 0.0625
0 0.73359375 0.4462890625 0.0359375 0.056640625
0 0.9046875 0.466796875 0.021875 0.05859375
0 0.85546875 0.4453125 0.0109375 0.03125
1 0.2546875 0.50390625 0.109375 0.078125
2 0.3609375 0.443359375 0.0375 0.03515625
2 0.44296875 0.4453125 0.0203125 0.0234375
2 0.46484375 0.4423828125 0.0171875 0.021484375
2 0.43046875 0.4384765625 0.0109375 0.009765625
2 0.4546875 0.4345703125 0.009375 0.009765625
2 0.540625 0.4765625 0.065625 0.08203125
2 0.5671875 0.455078125 0.025 0.03125
