0 0.2359375 0.501953125 0.0125 0.04296875
0 0.12578125 0.4873046875 0.0171875 0.048828125
1 0.05390625 0.5244140625 0.0359375 0.056640625
1 0.07734375 0.5224609375 0.0328125 0.052734375
2 0.50703125 0.515625 0.0203125 0.04296875
2 0.47734375 0.513671875 0.0453125 0.05859375
2 0.4203125 0.537109375 0.1125 0.109375
2 0.34140625 0.5048828125 0.0421875 0.056640625
2 0.28359375 0.5166015625 0.0953125 0.087890625
2 0.1765625 0.513671875 0.11875 0.078125
2 0.01484375 0.509765625 0.0296875 0.08984375
2 0.5359375 0.5185546875 0.028125 0.029296875
