4 0.125 0.5146484375 0.090625 0.134765625
0 0.35859375 0.482421875 0.0078125 0.01953125
0 0.38125 0.482421875 0.00625 0.01953125
0 0.29140625 0.4921875 0.0078125 0.015625
2 0.28984375 0.513671875 0.0296875 0.02734375
2 0.2609375 0.5380859375 0.0625 0.052734375
2 0.34921875 0.505859375 0.0359375 0.02734375
2 0.41484375 0.583984375 0.2046875 0.18359375
2 0.64609375 0.5712890625 0.2265625 0.287109375
2 0.7546875 0.49609375 0.05 0.05859375
2 0.92890625 0.576171875 0.1421875 0.2109375
2 0.9625 0.4609375 0.04375 0.0234375
2 0.90078125 0.48046875 0.0296875 0.02734375
2 0.090625 0.65234375 0.18125 0.58203125
2 0.44375 0.4853515625 0.025 0.021484375
2 0.47265625 0.478515625 0.0234375 0.03125
2 0.48359375 0.4736328125 0.0109375 0.021484375
2 0.49296875 0.4677734375 0.0171875 0.021484375
2 0.50859375 0.458984375 0.0171875 0.0234375
2 0.5265625 0.453125 0.0125 0.015625
2 0.5421875 0.44921875 0.0125 0.01953125
