4 0.94375 0.37109375 0.1125 0.109375
0 0.31796875 0.4228515625 0.0171875 0.064453125
0 0.07734375 0.4541015625 0.0484375 0.181640625
0 0.4390625 0.4365234375 0.00625 0.021484375
0 0.4234375 0.4384765625 0.00625 0.017578125
6 0.60078125 0.431640625 0.0484375 0.06640625
2 0.9171875 0.5146484375 0.165625 0.205078125
2 0.64609375 0.453125 0.0671875 0.078125
2 0.74140625 0.453125 0.0671875 0.0625
2 0.5046875 0.4365234375 0.046875 0.060546875
2 0.534375 0.439453125 0.025 0.02734375
2 0.703125 0.447265625 0.04375 0.0546875
2 0.5578125 0.4404296875 0.00625 0.021484375
