4 0.3875 0.4560546875 0.03125 0.037109375
0 0.81875 0.4140625 0.034375 0.078125
0 0.78203125 0.4609375 0.0265625 0.125
0 0.7625 0.4697265625 0.015625 0.107421875
0 0.69375 0.4404296875 0.025 0.068359375
0 0.70546875 0.4541015625 0.0203125 0.072265625
0 0.73359375 0.458984375 0.0109375 0.08203125
0 0.86328125 0.4482421875 0.0234375 0.076171875
0 0.85234375 0.419921875 0.0171875 0.04296875
0 0.61640625 0.45703125 0.0109375 0.0546875
0 0.534375 0.4384765625 0.00625 0.021484375
0 0.51328125 0.455078125 0.0046875 0.0234375
0 0.29453125 0.4609375 0.0078125 0.0234375
0 0.08671875 0.451171875 0.0109375 0.0234375
0 0.1015625 0.455078125 0.009375 0.03125
0 0.121875 0.45703125 0.0125 0.03515625
0 0.1359375 0.455078125 0.009375 0.01953125
0 0.26796875 0.4521484375 0.0109375 0.029296875
1 0.47421875 0.4697265625 0.0109375 0.021484375
2 0.4171875 0.462890625 0.01875 0.01953125
2 0.36171875 0.4638671875 0.0171875 0.021484375
2 0.34453125 0.4638671875 0.0234375 0.025390625
2 0.2328125 0.4716796875 0.071875 0.068359375
