4 0.38046875 0.42578125 0.0703125 0.0859375
0 0.41484375 0.470703125 0.0734375 0.1484375
2 0.6171875 0.4638671875 0.084375 0.083984375
2 0.57265625 0.44921875 0.0578125 0.0703125
2 0.54140625 0.4560546875 0.0171875 0.044921875
2 0.53203125 0.44921875 0.0296875 0.0390625
2 0.51484375 0.4462890625 0.0140625 0.029296875
2 0.50625 0.4482421875 0.009375 0.021484375
2 0.5015625 0.4453125 0.0125 0.0234375
2 0.49140625 0.4453125 0.0109375 0.01171875
2 0.47265625 0.4443359375 0.0203125 0.021484375
2 0.44765625 0.443359375 0.0109375 0.015625
2 0.34140625 0.4599609375 0.0578125 0.072265625
2 0.278125 0.4697265625 0.1 0.087890625
