4 0.23125 0.5048828125 0.2125 0.087890625
0 0.77109375 0.5205078125 0.0109375 0.029296875
0 0.7515625 0.5283203125 0.009375 0.033203125
0 0.74140625 0.529296875 0.0109375 0.03515625
0 0.73203125 0.529296875 0.0109375 0.03515625
2 0.8328125 0.6416015625 0.24375 0.216796875
2 0.66015625 0.5732421875 0.0953125 0.095703125
2 0.61328125 0.5546875 0.0296875 0.0625
2 0.58046875 0.53125 0.0171875 0.02734375
2 0.5578125 0.5302734375 0.03125 0.037109375
2 0.48203125 0.537109375 0.0140625 0.03515625
2 0.44765625 0.5341796875 0.0265625 0.048828125
2 0.40078125 0.55859375 0.0609375 0.08203125
2 0.35546875 0.5908203125 0.0859375 0.107421875
2 0.253125 0.6044921875 0.128125 0.158203125
2 0.10625 0.708984375 0.2125 0.37109375
