0 0.71015625 0.4970703125 0.0109375 0.037109375
0 0.75234375 0.4951171875 0.0078125 0.021484375
0 0.665625 0.48828125 0.009375 0.01953125
0 0.65234375 0.4951171875 0.0140625 0.037109375
0 0.62890625 0.4990234375 0.0109375 0.033203125
0 0.61484375 0.498046875 0.0109375 0.03515625
0 0.60234375 0.5009765625 0.0109375 0.033203125
0 0.5703125 0.4990234375 0.009375 0.029296875
0 0.55625 0.4921875 0.00625 0.015625
0 0.01484375 0.498046875 0.0171875 0.03125
0 0.3421875 0.4853515625 0.0125 0.029296875
0 0.35703125 0.4873046875 0.0109375 0.029296875
0 0.36328125 0.4912109375 0.0078125 0.029296875
1 0.58046875 0.5400390625 0.0234375 0.044921875
2 0.52578125 0.490234375 0.0078125 0.0078125
2 0.4703125 0.541015625 0.1125 0.11328125
2 0.4328125 0.50390625 0.040625 0.04296875
