0 0.01015625 0.587890625 0.0203125 0.10546875
0 0.13984375 0.5634765625 0.0296875 0.048828125
0 0.18046875 0.5576171875 0.0390625 0.044921875
2 0.90625 0.7998046875 0.1875 0.400390625
2 0.8015625 0.6650390625 0.278125 0.275390625
2 0.62578125 0.6318359375 0.1234375 0.123046875
2 0.60859375 0.583984375 0.0765625 0.05078125
2 0.578125 0.5859375 0.065625 0.07421875
2 0.54375 0.576171875 0.03125 0.0546875
2 0.5328125 0.56640625 0.040625 0.046875
2 0.5171875 0.5576171875 0.034375 0.041015625
2 0.49296875 0.5517578125 0.0265625 0.025390625
2 0.47578125 0.5341796875 0.0171875 0.009765625
2 0.46171875 0.5458984375 0.0453125 0.021484375
2 0.465625 0.5859375 0.09375 0.05859375
2 0.41171875 0.7041015625 0.2640625 0.294921875
2 0.1796875 0.6787109375 0.25625 0.205078125
