0 0.9234375 0.4814453125 0.025 0.080078125
0 0.6234375 0.4580078125 0.015625 0.056640625
0 0.265625 0.4638671875 0.009375 0.033203125
0 0.27578125 0.46484375 0.0109375 0.03515625
0 0.28828125 0.4619140625 0.0140625 0.037109375
0 0.3015625 0.4609375 0.00625 0.0234375
0 0.3203125 0.458984375 0.00625 0.02734375
0 0.3296875 0.4609375 0.00625 0.01953125
0 0.3421875 0.4599609375 0.00625 0.021484375
0 0.34921875 0.4580078125 0.0078125 0.021484375
0 0.35859375 0.4599609375 0.0078125 0.021484375
0 0.3359375 0.4599609375 0.00625 0.021484375
0 0.384375 0.4609375 0.00625 0.01953125
0 0.3640625 0.4619140625 0.00625 0.017578125
1 0.19921875 0.47265625 0.0203125 0.02734375
1 0.3109375 0.46484375 0.0125 0.0234375
2 0.4296875 0.4609375 0.015625 0.01953125
2 0.4890625 0.4931640625 0.121875 0.138671875
14 0.6125 0.4755859375 0.0125 0.033203125
