0 0.740625 0.4716796875 0.05625 0.201171875
0 0.1734375 0.4658203125 0.01875 0.064453125
0 0.13359375 0.4765625 0.0234375 0.0703125
0 0.103125 0.4736328125 0.021875 0.068359375
0 0.08203125 0.4755859375 0.0203125 0.076171875
0 0.09296875 0.4697265625 0.0171875 0.072265625
0 0.0671875 0.47265625 0.01875 0.06640625
0 0.05546875 0.4736328125 0.0140625 0.068359375
0 0.040625 0.4697265625 0.015625 0.068359375
0 0.01328125 0.484375 0.0203125 0.078125
2 0.50078125 0.4599609375 0.0421875 0.041015625
2 0.475 0.453125 0.015625 0.01171875
2 0.43828125 0.455078125 0.0171875 0.01171875
2 0.2453125 0.466796875 0.05625 0.046875
