0 0.478125 0.4658203125 0.00625 0.021484375
0 0.50234375 0.4638671875 0.0078125 0.029296875
0 0.51328125 0.46484375 0.0078125 0.02734375
0 0.53984375 0.470703125 0.0140625 0.046875
0 0.0765625 0.4384765625 0.021875 0.029296875
1 0.72578125 0.568359375 0.0671875 0.16015625
6 0.3765625 0.4599609375 0.04375 0.041015625
2 0.12265625 0.498046875 0.0859375 0.0703125
2 0.20234375 0.486328125 0.0609375 0.05859375
2 0.26171875 0.48046875 0.0453125 0.046875
2 0.28984375 0.4794921875 0.0109375 0.025390625
2 0.3171875 0.4736328125 0.028125 0.029296875
2 0.44453125 0.474609375 0.0609375 0.08203125
14 0.09296875 0.4716796875 0.0796875 0.091796875
