0 0.646875 0.4501953125 0.0125 0.056640625
0 0.64140625 0.4482421875 0.0078125 0.048828125
1 0.50078125 0.45703125 0.0109375 0.0234375
2 0.5484375 0.455078125 0.0375 0.0390625
2 0.48515625 0.4326171875 0.0140625 0.013671875
2 0.4625 0.42578125 0.00625 0.0078125
2 0.45546875 0.435546875 0.0109375 0.01171875
2 0.43671875 0.427734375 0.0078125 0.0078125
2 0.40234375 0.4462890625 0.0140625 0.013671875
2 0.21328125 0.4599609375 0.0578125 0.044921875
2 0.39140625 0.43359375 0.0140625 0.015625
2 0.37734375 0.4443359375 0.0140625 0.013671875
2 0.3109375 0.4521484375 0.028125 0.017578125
2 0.3375 0.447265625 0.025 0.015625
