0 0.41171875 0.5 0.0265625 0.06640625
0 0.43671875 0.50390625 0.0234375 0.06640625
0 0.9 0.4912109375 0.003125 0.013671875
0 0.89609375 0.4921875 0.0046875 0.01171875
0 0.99765625 0.4931640625 0.0046875 0.009765625
0 0.98515625 0.4912109375 0.0046875 0.013671875
0 0.97578125 0.4873046875 0.0046875 0.009765625
2 0.77421875 0.53515625 0.1765625 0.125
2 0.6609375 0.5048828125 0.165625 0.119140625
2 0.89375 0.51171875 0.0375 0.0390625
2 0.86015625 0.5068359375 0.0546875 0.048828125
2 0.92109375 0.4951171875 0.0203125 0.017578125
2 0.95703125 0.5 0.0484375 0.02734375
