0 0.88046875 0.458984375 0.0234375 0.09375
0 0.84765625 0.4404296875 0.0296875 0.111328125
0 0.75859375 0.44140625 0.0265625 0.0859375
0 0.7 0.427734375 0.0125 0.02734375
0 0.58125 0.427734375 0.0125 0.0234375
0 0.5015625 0.4345703125 0.0125 0.025390625
2 0.4515625 0.4736328125 0.090625 0.087890625
2 0.253125 0.4765625 0.1125 0.09375
2 0.31015625 0.4677734375 0.0328125 0.064453125
2 0.32734375 0.4638671875 0.0328125 0.056640625
2 0.3421875 0.4599609375 0.021875 0.044921875
2 0.34453125 0.451171875 0.0421875 0.05078125
2 0.38203125 0.4482421875 0.0203125 0.021484375
2 0.40625 0.431640625 0.009375 0.01171875
2 0.4125 0.4423828125 0.015625 0.021484375
