0 0.53671875 0.509765625 0.0484375 0.1484375
0 0.328125 0.51953125 0.025 0.08984375
0 0.28125 0.521484375 0.021875 0.0859375
0 0.19765625 0.52734375 0.0203125 0.078125
0 0.3796875 0.5283203125 0.01875 0.060546875
0 0.40703125 0.5380859375 0.0296875 0.044921875
0 0.26015625 0.5341796875 0.0171875 0.064453125
0 0.36015625 0.5078125 0.0171875 0.03125
0 0.21640625 0.53515625 0.0171875 0.0625
0 0.39375 0.51171875 0.01875 0.05078125
0 0.3015625 0.52734375 0.01875 0.06640625
1 0.53984375 0.5283203125 0.0671875 0.048828125
