1 0.85 0.451171875 0.0875 0.0703125
1 0.93359375 0.451171875 0.0984375 0.0625
6 0.61640625 0.41015625 0.0703125 0.078125
2 0.3015625 0.4365234375 0.090625 0.095703125
2 0.35234375 0.4287109375 0.0234375 0.052734375
2 0.36640625 0.4228515625 0.0265625 0.052734375
2 0.3796875 0.390625 0.0125 0.015625
2 0.4125 0.3603515625 0.009375 0.009765625
2 0.41328125 0.3837890625 0.0109375 0.013671875
2 0.434375 0.3935546875 0.0125 0.013671875
2 0.44296875 0.4072265625 0.0171875 0.021484375
2 0.45 0.4228515625 0.01875 0.025390625
2 0.47265625 0.42578125 0.0453125 0.046875
