0 0.9921875 0.4990234375 0.015625 0.060546875
0 0.91171875 0.5078125 0.0484375 0.078125
0 0.88359375 0.5107421875 0.0359375 0.072265625
0 0.86640625 0.5029296875 0.0296875 0.072265625
0 0.85234375 0.4560546875 0.0203125 0.052734375
0 0.82890625 0.4833984375 0.0359375 0.072265625
0 0.76015625 0.47265625 0.0171875 0.046875
0 0.509375 0.5244140625 0.0625 0.138671875
0 0.47734375 0.439453125 0.0078125 0.01953125
0 0.01796875 0.4970703125 0.0296875 0.103515625
1 0.66171875 0.4931640625 0.0296875 0.083984375
1 0.6890625 0.5078125 0.04375 0.05078125
1 0.6515625 0.453125 0.0375 0.02734375
1 0.50546875 0.453125 0.0046875 0.01171875
1 0.4984375 0.453125 0.009375 0.01171875
1 0.315625 0.4775390625 0.015625 0.029296875
1 0.09765625 0.509765625 0.0265625 0.04296875
1 0.1671875 0.50390625 0.040625 0.0390625
1 0.1546875 0.505859375 0.025 0.0390625
2 0.5828125 0.48046875 0.06875 0.078125
2 0.54765625 0.470703125 0.0296875 0.05078125
2 0.5390625 0.462890625 0.021875 0.0390625
2 0.534375 0.4609375 0.021875 0.03515625
2 0.5171875 0.4423828125 0.021875 0.025390625
2 0.49921875 0.4384765625 0.0078125 0.009765625
2 0.48984375 0.439453125 0.0109375 0.015625
2 0.45703125 0.4599609375 0.0421875 0.044921875
2 0.44296875 0.4443359375 0.0203125 0.021484375
2 0.42421875 0.4375 0.0109375 0.01171875
2 0.4203125 0.4501953125 0.009375 0.025390625
2 0.40390625 0.4501953125 0.0328125 0.033203125
