0 0.1578125 0.4208984375 0.01875 0.044921875
0 0.1890625 0.458984375 0.021875 0.08203125
0 0.2109375 0.4609375 0.021875 0.08203125
0 0.23828125 0.4619140625 0.0234375 0.083984375
0 0.259375 0.4619140625 0.01875 0.083984375
0 0.2703125 0.4560546875 0.0125 0.064453125
0 0.28828125 0.458984375 0.0140625 0.06640625
0 0.578125 0.4677734375 0.021875 0.048828125
0 0.54765625 0.4677734375 0.0171875 0.044921875
0 0.50859375 0.4560546875 0.0078125 0.029296875
0 0.52265625 0.4560546875 0.0078125 0.029296875
0 0.5296875 0.45703125 0.00625 0.02734375
0 0.86328125 0.462890625 0.0140625 0.03125
1 0.02734375 0.5234375 0.0546875 0.12109375
1 0.10703125 0.505859375 0.0921875 0.09765625
1 0.31171875 0.4716796875 0.0234375 0.044921875
1 0.37734375 0.4677734375 0.0328125 0.041015625
1 0.43984375 0.47265625 0.0140625 0.02734375
2 0.63046875 0.5009765625 0.0484375 0.087890625
2 0.69375 0.5166015625 0.134375 0.138671875
2 0.4828125 0.4482421875 0.021875 0.013671875
