4 0.37734375 0.42578125 0.0734375 0.0859375
0 0.47421875 0.470703125 0.0609375 0.14453125
2 0.61796875 0.4638671875 0.0859375 0.083984375
2 0.575 0.4501953125 0.0625 0.068359375
2 0.54453125 0.4501953125 0.0203125 0.048828125
2 0.5328125 0.44921875 0.028125 0.0390625
2 0.51484375 0.4462890625 0.0140625 0.029296875
2 0.50234375 0.4453125 0.0109375 0.0234375
2 0.49375 0.4453125 0.009375 0.01171875
2 0.44765625 0.4443359375 0.0109375 0.013671875
2 0.340625 0.4609375 0.05625 0.0703125
2 0.27890625 0.4716796875 0.1015625 0.087890625
