0 0.1796875 0.5517578125 0.0125 0.041015625
0 0.11875 0.5419921875 0.0125 0.025390625
0 0.1296875 0.5546875 0.0125 0.046875
0 0.9546875 0.64453125 0.078125 0.21484375
0 0.8515625 0.5419921875 0.015625 0.025390625
6 0.24140625 0.5859375 0.1984375 0.22265625
2 0.43671875 0.8046875 0.4578125 0.390625
2 0.4703125 0.5859375 0.18125 0.0625
2 0.47578125 0.5595703125 0.1578125 0.044921875
2 0.54765625 0.560546875 0.0953125 0.078125
2 0.75390625 0.6806640625 0.2796875 0.255859375
2 0.64375 0.6103515625 0.06875 0.103515625
2 0.9359375 0.587890625 0.128125 0.16796875
2 0.07578125 0.5693359375 0.0984375 0.064453125
