2 0.47109375 0.48046875 0.0515625 0.04296875
2 0.525 0.4658203125 0.03125 0.029296875
2 0.540625 0.4638671875 0.0125 0.021484375
2 0.58125 0.4580078125 0.0125 0.017578125
2 0.5609375 0.4609375 0.0125 0.015625
2 0.57109375 0.4521484375 0.0109375 0.013671875
2 0.61171875 0.4521484375 0.0140625 0.009765625
2 0.5890625 0.4501953125 0.00625 0.005859375
2 0.60078125 0.447265625 0.0046875 0.00390625
2 0.60703125 0.4482421875 0.0046875 0.005859375
0 0.43359375 0.4755859375 0.0171875 0.048828125
2 0.553125 0.462890625 0.015625 0.015625
