0 0.334375 0.5009765625 0.009375 0.029296875
0 0.946875 0.615234375 0.10625 0.30078125
0 0.97734375 0.6298828125 0.0453125 0.306640625
2 0.3546875 0.509765625 0.03125 0.046875
2 0.409375 0.4873046875 0.078125 0.115234375
2 0.4609375 0.509765625 0.025 0.04296875
2 0.48203125 0.5078125 0.0171875 0.02734375
2 0.684375 0.5224609375 0.0625 0.060546875
2 0.625 0.5146484375 0.046875 0.044921875
2 0.5453125 0.5009765625 0.0125 0.013671875
2 0.4953125 0.4931640625 0.009375 0.009765625
2 0.50703125 0.4931640625 0.0078125 0.009765625
2 0.53203125 0.494140625 0.0109375 0.01171875
2 0.54296875 0.4892578125 0.0078125 0.005859375
