0 0.91640625 0.5205078125 0.0234375 0.130859375
0 0.878125 0.5126953125 0.01875 0.099609375
0 0.803125 0.494140625 0.0125 0.046875
0 0.76640625 0.521484375 0.0265625 0.08203125
0 0.678125 0.49609375 0.009375 0.046875
0 0.6671875 0.49609375 0.0125 0.0546875
0 0.60078125 0.494140625 0.0046875 0.03125
0 0.57578125 0.4912109375 0.0046875 0.017578125
0 0.54453125 0.5009765625 0.0078125 0.013671875
0 0.2578125 0.4833984375 0.00625 0.017578125
0 0.32734375 0.482421875 0.0078125 0.015625
0 0.0484375 0.494140625 0.009375 0.04296875
0 0.3609375 0.4892578125 0.003125 0.021484375
0 0.36796875 0.482421875 0.0046875 0.01171875
1 0.22890625 0.5634765625 0.0296875 0.083984375
2 0.52421875 0.49609375 0.0171875 0.01953125
2 0.48984375 0.4931640625 0.0109375 0.017578125
2 0.4609375 0.5234375 0.08125 0.08203125
