4 0.45234375 0.427734375 0.0140625 0.01953125
1 0.73515625 0.51953125 0.0609375 0.1328125
2 0.08984375 0.5009765625 0.1796875 0.134765625
2 0.1828125 0.474609375 0.084375 0.1015625
2 0.28359375 0.4658203125 0.0671875 0.064453125
2 0.34296875 0.4560546875 0.0390625 0.041015625
2 0.36640625 0.453125 0.0171875 0.03515625
2 0.36796875 0.443359375 0.0453125 0.04296875
2 0.396875 0.4453125 0.021875 0.02734375
2 0.40859375 0.4453125 0.0140625 0.0234375
2 0.50078125 0.4404296875 0.0140625 0.013671875
2 0.48828125 0.43359375 0.0109375 0.01171875
2 0.62578125 0.4501953125 0.0953125 0.095703125
2 0.57265625 0.455078125 0.0296875 0.05078125
2 0.5578125 0.4521484375 0.021875 0.041015625
2 0.55 0.44921875 0.01875 0.0390625
2 0.5421875 0.4482421875 0.015625 0.033203125
