0 0.65390625 0.5068359375 0.0234375 0.080078125
0 0.49609375 0.4619140625 0.0109375 0.037109375
1 0.81328125 0.69921875 0.0828125 0.21875
2 0.03203125 0.619140625 0.0640625 0.1875
2 0.096875 0.5751953125 0.1625 0.154296875
2 0.91640625 0.541015625 0.1328125 0.14453125
2 0.8453125 0.517578125 0.159375 0.08984375
2 0.73359375 0.5029296875 0.1265625 0.076171875
2 0.634375 0.484375 0.09375 0.05859375
2 0.62109375 0.47265625 0.0890625 0.0546875
2 0.46328125 0.4658203125 0.0359375 0.037109375
2 0.303125 0.4814453125 0.046875 0.044921875
2 0.32109375 0.4716796875 0.0203125 0.029296875
2 0.33046875 0.4677734375 0.0140625 0.025390625
2 0.33671875 0.4638671875 0.0140625 0.021484375
2 0.34140625 0.4619140625 0.0171875 0.021484375
2 0.35625 0.45703125 0.01875 0.01953125
2 0.36796875 0.4521484375 0.0109375 0.013671875
2 0.37265625 0.44921875 0.0078125 0.01171875
2 0.37578125 0.4453125 0.0078125 0.0078125
2 0.38046875 0.443359375 0.0078125 0.0078125
2 0.44453125 0.4619140625 0.0140625 0.025390625
2 0.43515625 0.458984375 0.0109375 0.015625
2 0.43046875 0.4541015625 0.0109375 0.013671875
2 0.42421875 0.451171875 0.0078125 0.01171875
