0 0.35 0.4453125 0.01875 0.05078125
0 0.5046875 0.4736328125 0.05 0.208984375
0 0.559375 0.4736328125 0.065625 0.201171875
0 0.6171875 0.4736328125 0.05625 0.185546875
0 0.7609375 0.4755859375 0.053125 0.177734375
0 0.94140625 0.5185546875 0.1171875 0.412109375
0 0.13125 0.4443359375 0.00625 0.029296875
2 0.8625 0.505859375 0.115625 0.1015625
2 0.22578125 0.4443359375 0.0171875 0.017578125
2 0.09609375 0.44921875 0.0609375 0.0546875
2 0.19921875 0.447265625 0.0421875 0.046875
2 0.28828125 0.4560546875 0.0546875 0.060546875
