0 0.48671875 0.4697265625 0.0109375 0.033203125
0 0.52734375 0.46484375 0.0140625 0.03515625
0 0.53828125 0.4697265625 0.0078125 0.037109375
0 0.815625 0.4765625 0.040625 0.140625
0 0.8546875 0.4833984375 0.05 0.142578125
0 0.93046875 0.4833984375 0.0671875 0.162109375
0 0.9859375 0.474609375 0.028125 0.17578125
0 0.9421875 0.4697265625 0.04375 0.146484375
1 0.721875 0.564453125 0.0625 0.15234375
2 0.0984375 0.49609375 0.196875 0.17578125
2 0.2109375 0.486328125 0.040625 0.0390625
2 0.23203125 0.478515625 0.0390625 0.0390625
2 0.25390625 0.4775390625 0.0234375 0.033203125
2 0.35390625 0.53515625 0.2140625 0.21484375
2 0.84453125 0.4658203125 0.1578125 0.083984375
