4 0.75625 0.5078125 0.05625 0.06640625
4 0.69453125 0.5078125 0.0484375 0.06640625
4 0.3828125 0.5205078125 0.084375 0.056640625
0 0.26015625 0.5341796875 0.0359375 0.064453125
0 0.2890625 0.53515625 0.034375 0.0625
0 0.0890625 0.529296875 0.009375 0.03125
0 0.11015625 0.5283203125 0.0109375 0.037109375
0 0.15234375 0.525390625 0.0109375 0.02734375
0 0.16953125 0.5166015625 0.0109375 0.017578125
0 0.18046875 0.5146484375 0.0078125 0.013671875
0 0.22421875 0.5244140625 0.0078125 0.029296875
2 0.26015625 0.7197265625 0.3265625 0.318359375
2 0.425 0.6015625 0.14375 0.171875
2 0.17421875 0.5380859375 0.0515625 0.044921875
2 0.53984375 0.564453125 0.1078125 0.11328125
2 0.62890625 0.5546875 0.0703125 0.0625
2 0.79296875 0.61328125 0.2015625 0.1484375
2 0.4953125 0.51171875 0.05 0.05859375
2 0.96796875 0.544921875 0.0640625 0.0859375
