0 0.77265625 0.4365234375 0.0140625 0.025390625
0 0.1984375 0.4580078125 0.01875 0.060546875
0 0.25703125 0.48046875 0.0390625 0.10546875
0 0.3125 0.45703125 0.009375 0.05078125
0 0.3703125 0.478515625 0.040625 0.09765625
0 0.66015625 0.4482421875 0.0109375 0.048828125
1 0.6546875 0.486328125 0.05 0.078125
6 0.41953125 0.4462890625 0.0171875 0.025390625
2 0.36796875 0.4619140625 0.0484375 0.044921875
2 0.3984375 0.4541015625 0.015625 0.017578125
0 0.85078125 0.4423828125 0.0140625 0.044921875
1 0.86875 0.45703125 0.01875 0.03515625
0 0.28828125 0.47265625 0.0140625 0.05078125
