0 0.090625 0.4951171875 0.025 0.056640625
0 0.2609375 0.5009765625 0.0125 0.056640625
0 0.26953125 0.5 0.0140625 0.05859375
0 0.79453125 0.4912109375 0.0265625 0.060546875
0 0.83359375 0.494140625 0.0359375 0.05859375
0 0.325 0.4794921875 0.0125 0.017578125
0 0.63359375 0.4853515625 0.0078125 0.021484375
0 0.39765625 0.4765625 0.0078125 0.01171875
1 0.8859375 0.7158203125 0.1125 0.212890625
2 0.3890625 0.4990234375 0.040625 0.044921875
2 0.40625 0.4970703125 0.015625 0.033203125
2 0.484375 0.5146484375 0.125 0.107421875
2 0.5453125 0.626953125 0.29375 0.29296875
0 0.921875 0.4990234375 0.021875 0.037109375
