0 0.61640625 0.4765625 0.0078125 0.03125
0 0.64375 0.4814453125 0.009375 0.029296875
0 0.87109375 0.462890625 0.0140625 0.03515625
0 0.6515625 0.47265625 0.00625 0.02734375
0 0.70546875 0.4599609375 0.0078125 0.013671875
0 0.79453125 0.470703125 0.0109375 0.015625
0 0.80703125 0.46875 0.0109375 0.015625
0 0.40234375 0.490234375 0.0203125 0.0234375
2 0.15703125 0.794921875 0.3140625 0.41015625
2 0.3078125 0.6416015625 0.2875 0.263671875
2 0.44921875 0.5634765625 0.1484375 0.138671875
2 0.509375 0.5390625 0.06875 0.09765625
2 0.534375 0.525390625 0.0625 0.078125
2 0.925 0.65625 0.15 0.30859375
2 0.853125 0.580078125 0.1875 0.19921875
2 0.78125 0.5419921875 0.1 0.130859375
2 0.72578125 0.529296875 0.0359375 0.08984375
2 0.69296875 0.48828125 0.0421875 0.04296875
2 0.6734375 0.4873046875 0.01875 0.041015625
2 0.57109375 0.4912109375 0.0484375 0.056640625
2 0.5984375 0.4873046875 0.01875 0.044921875
2 0.675 0.4775390625 0.03125 0.033203125
