0 0.56953125 0.47265625 0.0140625 0.05859375
0 0.671875 0.4931640625 0.021875 0.095703125
0 0.5015625 0.470703125 0.0125 0.04296875
0 0.20234375 0.478515625 0.0140625 0.046875
1 0.93515625 0.5830078125 0.1296875 0.212890625
1 0.7296875 0.6201171875 0.090625 0.205078125
1 0.53671875 0.548828125 0.0453125 0.1171875
1 0.45625 0.5498046875 0.0375 0.111328125
1 0.4046875 0.607421875 0.078125 0.19140625
1 0.11640625 0.505859375 0.0265625 0.05859375
1 0.17109375 0.4990234375 0.0171875 0.052734375
1 0.58671875 0.5029296875 0.0296875 0.064453125
2 0.28984375 0.484375 0.0484375 0.05078125
2 0.340625 0.478515625 0.034375 0.02734375
2 0.24375 0.4775390625 0.040625 0.037109375
