0 0.6578125 0.556640625 0.009375 0.03125
0 0.67578125 0.556640625 0.0109375 0.03515625
0 0.52578125 0.5439453125 0.0046875 0.013671875
0 0.50546875 0.541015625 0.0046875 0.015625
2 0.1984375 0.62109375 0.140625 0.10546875
2 0.0609375 0.6748046875 0.121875 0.228515625
2 0.4140625 0.5615234375 0.03125 0.033203125
2 0.42734375 0.556640625 0.0265625 0.03125
2 0.45390625 0.5576171875 0.0296875 0.029296875
2 0.4640625 0.587890625 0.065625 0.06640625
2 0.46640625 0.5439453125 0.0171875 0.017578125
2 0.48203125 0.5439453125 0.0171875 0.021484375
