0 0.9203125 0.5283203125 0.075 0.275390625
0 0.80234375 0.51953125 0.0546875 0.23828125
2 0.09609375 0.5234375 0.1921875 0.1640625
2 0.1953125 0.4853515625 0.075 0.060546875
2 0.25859375 0.4814453125 0.0546875 0.048828125
2 0.35 0.5185546875 0.215625 0.150390625
2 0.4359375 0.4765625 0.046875 0.04296875
2 0.47265625 0.482421875 0.0328125 0.03515625
2 0.49140625 0.478515625 0.0578125 0.0390625
2 0.63515625 0.4794921875 0.1640625 0.076171875
2 0.80390625 0.4990234375 0.1203125 0.056640625
2 0.696875 0.4677734375 0.071875 0.041015625
2 0.7578125 0.4814453125 0.053125 0.052734375
14 0.8640625 0.5791015625 0.053125 0.150390625
