0 0.96640625 0.6708984375 0.0671875 0.220703125
0 0.90859375 0.67578125 0.0703125 0.2265625
0 0.86328125 0.587890625 0.0234375 0.078125
0 0.84296875 0.5810546875 0.0234375 0.083984375
0 0.68046875 0.6044921875 0.0328125 0.107421875
0 0.64296875 0.6025390625 0.0296875 0.115234375
0 0.60625 0.6064453125 0.0375 0.099609375
0 0.3125 0.60546875 0.03125 0.11328125
0 0.23828125 0.615234375 0.0265625 0.09375
0 0.21171875 0.6201171875 0.0234375 0.087890625
0 0.146875 0.6123046875 0.028125 0.083984375
0 0.09375 0.630859375 0.028125 0.10546875
0 0.06171875 0.6328125 0.0234375 0.09375
