0 0.93203125 0.4677734375 0.0359375 0.107421875
0 0.89765625 0.4658203125 0.0328125 0.107421875
0 0.87421875 0.466796875 0.0296875 0.109375
0 0.7703125 0.4599609375 0.021875 0.091796875
0 0.74375 0.4609375 0.021875 0.09765625
0 0.52578125 0.4609375 0.0109375 0.05078125
0 0.10703125 0.4638671875 0.0109375 0.056640625
0 0.12265625 0.4619140625 0.0140625 0.056640625
0 0.00703125 0.458984375 0.0140625 0.07421875
0 0.03828125 0.455078125 0.0140625 0.06640625
0 0.21015625 0.4658203125 0.0140625 0.048828125
0 0.50546875 0.4560546875 0.0109375 0.033203125
1 0.49140625 0.484375 0.0265625 0.0390625
2 0.44609375 0.462890625 0.0453125 0.05078125
2 0.41484375 0.455078125 0.0203125 0.01953125
2 0.390625 0.462890625 0.025 0.0234375
