0 0.98359375 0.484375 0.0203125 0.07421875
0 0.865625 0.482421875 0.0125 0.0546875
0 0.4328125 0.4892578125 0.040625 0.146484375
2 0.5421875 0.466796875 0.078125 0.05859375
2 0.76484375 0.4677734375 0.0203125 0.017578125
2 0.71640625 0.46484375 0.0234375 0.0234375
2 0.6984375 0.4697265625 0.028125 0.021484375
2 0.62890625 0.4638671875 0.0703125 0.048828125
2 0.59609375 0.4658203125 0.0734375 0.048828125
2 0.52109375 0.478515625 0.0359375 0.04296875
2 0.45078125 0.4697265625 0.1203125 0.068359375
2 0.0640625 0.455078125 0.128125 0.0546875
2 0.28203125 0.4755859375 0.0765625 0.048828125
