4 0.6140625 0.4482421875 0.18125 0.080078125
0 0.99296875 0.46484375 0.0140625 0.03515625
0 0.93125 0.447265625 0.015625 0.02734375
0 0.9453125 0.4482421875 0.01875 0.044921875
0 0.97734375 0.462890625 0.0140625 0.03515625
0 0.90078125 0.4619140625 0.0171875 0.033203125
0 0.7984375 0.45703125 0.0125 0.02734375
0 0.74765625 0.4677734375 0.0109375 0.044921875
0 0.77890625 0.4609375 0.0109375 0.03125
0 0.7359375 0.4658203125 0.009375 0.041015625
0 0.696875 0.474609375 0.015625 0.04296875
0 0.68125 0.48828125 0.025 0.046875
0 0.0125 0.5712890625 0.025 0.146484375
0 0.20703125 0.5009765625 0.0203125 0.033203125
0 0.18046875 0.5068359375 0.0265625 0.048828125
0 0.16171875 0.5244140625 0.0203125 0.072265625
0 0.14453125 0.53125 0.0203125 0.08984375
0 0.24140625 0.4921875 0.0203125 0.0390625
0 0.296875 0.486328125 0.015625 0.03125
2 0.8265625 0.54296875 0.146875 0.1484375
2 0.90546875 0.5908203125 0.1890625 0.224609375
2 0.525 0.4912109375 0.0875 0.052734375
2 0.615625 0.4736328125 0.065625 0.029296875
2 0.60703125 0.501953125 0.1109375 0.03515625
2 0.62265625 0.6845703125 0.3359375 0.345703125
2 0.07734375 0.84765625 0.1546875 0.3046875
2 0.27265625 0.6142578125 0.2640625 0.224609375
