0 0.98515625 0.5732421875 0.0203125 0.091796875
0 0.75859375 0.525390625 0.0109375 0.03125
0 0.128125 0.5556640625 0.0125 0.025390625
0 0.04140625 0.5654296875 0.0078125 0.021484375
0 0.49765625 0.5419921875 0.0109375 0.021484375
2 0.71328125 0.595703125 0.1328125 0.125
2 0.58515625 0.548828125 0.0390625 0.046875
2 0.55546875 0.544921875 0.0328125 0.0234375
2 0.52109375 0.5390625 0.0359375 0.02734375
2 0.5171875 0.6328125 0.146875 0.16015625
2 0.4546875 0.5517578125 0.03125 0.037109375
2 0.42734375 0.5634765625 0.0484375 0.052734375
2 0.3765625 0.5908203125 0.065625 0.107421875
2 0.3125 0.603515625 0.115625 0.1171875
2 0.15546875 0.666015625 0.2765625 0.2109375
2 0.0578125 0.595703125 0.078125 0.07421875
2 0.24921875 0.5712890625 0.0296875 0.041015625
