1 0.2234375 0.572265625 0.165625 0.22265625
2 0.6109375 0.4912109375 0.078125 0.072265625
2 0.575 0.4853515625 0.03125 0.056640625
2 0.55625 0.482421875 0.034375 0.05078125
2 0.5515625 0.4736328125 0.046875 0.052734375
2 0.52421875 0.478515625 0.0171875 0.03125
2 0.51875 0.474609375 0.01875 0.03125
2 0.50703125 0.470703125 0.0171875 0.0234375
2 0.4828125 0.4697265625 0.0375 0.029296875
2 0.44375 0.474609375 0.03125 0.03125
2 0.39296875 0.4755859375 0.0140625 0.021484375
2 0.40390625 0.4736328125 0.0109375 0.017578125
2 0.3765625 0.4736328125 0.028125 0.029296875
2 0.359375 0.4775390625 0.021875 0.037109375
2 0.34296875 0.4765625 0.0203125 0.05078125
2 0.31875 0.4755859375 0.0375 0.060546875
2 0.3046875 0.48828125 0.025 0.046875
2 0.2015625 0.5 0.096875 0.078125
