0 0.7671875 0.54296875 0.021875 0.0703125
0 0.82109375 0.5263671875 0.0109375 0.037109375
2 0.859375 0.5458984375 0.03125 0.044921875
2 0.90703125 0.546875 0.0796875 0.06640625
2 0.62578125 0.533203125 0.0328125 0.03515625
2 0.5984375 0.5263671875 0.021875 0.021484375
2 0.36328125 0.57421875 0.0890625 0.08984375
2 0.33671875 0.5419921875 0.0390625 0.037109375
2 0.30078125 0.564453125 0.0546875 0.0703125
2 0.23203125 0.607421875 0.1609375 0.140625
2 0.10234375 0.6044921875 0.1453125 0.107421875
2 0.51796875 0.515625 0.0203125 0.01171875
2 0.47109375 0.5166015625 0.0203125 0.017578125
