0 0.16796875 0.494140625 0.0421875 0.15234375
0 0.32734375 0.4541015625 0.0078125 0.025390625
0 0.346875 0.453125 0.009375 0.0390625
0 0.35859375 0.4541015625 0.0109375 0.037109375
0 0.21484375 0.4443359375 0.0046875 0.017578125
0 0.2203125 0.4443359375 0.00625 0.017578125
0 0.2296875 0.443359375 0.00625 0.015625
2 0.2578125 0.44921875 0.015625 0.015625
2 0.278125 0.4501953125 0.0125 0.013671875
2 0.27109375 0.4482421875 0.0109375 0.013671875
2 0.10703125 0.4482421875 0.0484375 0.041015625
2 0.02890625 0.455078125 0.0578125 0.0859375
