0 0.97265625 0.580078125 0.0296875 0.11328125
0 0.83671875 0.5673828125 0.0203125 0.080078125
0 0.81796875 0.5791015625 0.0265625 0.095703125
0 0.484375 0.568359375 0.0125 0.046875
0 0.175 0.55078125 0.015625 0.015625
0 0.2984375 0.5537109375 0.0125 0.033203125
0 0.2640625 0.5634765625 0.009375 0.029296875
0 0.26953125 0.560546875 0.0109375 0.03515625
0 0.2546875 0.560546875 0.0125 0.03515625
0 0.55 0.5556640625 0.0125 0.037109375
0 0.56015625 0.548828125 0.0140625 0.015625
0 0.44609375 0.5419921875 0.0078125 0.017578125
0 0.43203125 0.537109375 0.0078125 0.01171875
0 0.47421875 0.5419921875 0.0078125 0.017578125
0 0.49765625 0.5439453125 0.0078125 0.021484375
0 0.490625 0.5458984375 0.00625 0.021484375
2 0.6 0.6181640625 0.153125 0.134765625
2 0.0171875 0.61328125 0.034375 0.10546875
2 0.17109375 0.6142578125 0.1359375 0.115234375
2 0.096875 0.6005859375 0.05625 0.083984375
2 0.23046875 0.57421875 0.0328125 0.046875
2 0.52734375 0.55078125 0.0234375 0.0234375
2 0.51484375 0.5419921875 0.0171875 0.017578125
