0 0.740625 0.57421875 0.009375 0.0390625
0 0.646875 0.572265625 0.00625 0.01953125
0 0.64296875 0.5732421875 0.0046875 0.017578125
0 0.0953125 0.587890625 0.025 0.046875
0 0.15703125 0.6015625 0.0296875 0.05859375
0 0.196875 0.60546875 0.034375 0.05859375
1 0.71171875 0.62109375 0.0359375 0.0625
2 0.3640625 0.6201171875 0.096875 0.095703125
2 0.484375 0.5859375 0.059375 0.03125
2 0.5140625 0.5810546875 0.021875 0.025390625
2 0.52890625 0.5791015625 0.0171875 0.021484375
2 0.5390625 0.57421875 0.015625 0.01953125
2 0.47734375 0.70703125 0.2171875 0.21484375
