0 0.0515625 0.5908203125 0.03125 0.107421875
0 0.078125 0.5908203125 0.021875 0.099609375
0 0.159375 0.5654296875 0.025 0.060546875
0 0.20625 0.5673828125 0.021875 0.072265625
0 0.309375 0.5556640625 0.0125 0.044921875
0 0.3765625 0.5546875 0.009375 0.03125
0 0.75078125 0.57421875 0.0265625 0.08203125
0 0.71796875 0.57421875 0.0203125 0.0703125
0 0.68125 0.564453125 0.0125 0.05078125
0 0.640625 0.5654296875 0.015625 0.052734375
0 0.62734375 0.564453125 0.0140625 0.046875
0 0.55546875 0.564453125 0.0203125 0.04296875
0 0.31953125 0.556640625 0.0109375 0.03125
0 0.3265625 0.5498046875 0.00625 0.025390625
0 0.42109375 0.54296875 0.0078125 0.01953125
2 0.39609375 0.5546875 0.0265625 0.02734375
2 0.5 0.583984375 0.08125 0.1015625
