0 0.03671875 0.4658203125 0.0546875 0.220703125
0 0.23671875 0.4169921875 0.0265625 0.099609375
0 0.271875 0.4189453125 0.021875 0.087890625
0 0.29140625 0.4140625 0.0203125 0.07421875
0 0.8078125 0.4384765625 0.0125 0.041015625
0 0.82265625 0.4384765625 0.0109375 0.037109375
0 0.83984375 0.44140625 0.0109375 0.0390625
0 0.87734375 0.447265625 0.0109375 0.046875
0 0.91171875 0.44921875 0.0109375 0.04296875
0 0.34609375 0.404296875 0.0078125 0.03125
0 0.1171875 0.404296875 0.025 0.0859375
2 0.584375 0.5771484375 0.453125 0.486328125
2 0.78203125 0.447265625 0.0390625 0.109375
