4 0.6046875 0.455078125 0.053125 0.05078125
0 0.9640625 0.49609375 0.0625 0.1640625
0 0.49375 0.5283203125 0.034375 0.123046875
0 0.521875 0.521484375 0.028125 0.1171875
0 0.70234375 0.50390625 0.0171875 0.06640625
0 0.37109375 0.74609375 0.1359375 0.23046875
0 0.265625 0.5234375 0.021875 0.06640625
0 0.7453125 0.466796875 0.015625 0.03515625
2 0.14140625 0.693359375 0.2828125 0.2890625
2 0.33515625 0.5283203125 0.1109375 0.107421875
2 0.58515625 0.5380859375 0.1078125 0.103515625
2 0.65078125 0.5126953125 0.0765625 0.076171875
2 0.1234375 0.53515625 0.03125 0.01953125
2 0.16484375 0.52734375 0.0265625 0.0234375
