0 0.53984375 0.4990234375 0.0421875 0.169921875
0 0.22578125 0.4814453125 0.0203125 0.060546875
0 0.34140625 0.4609375 0.0109375 0.03125
2 0.14921875 0.4619140625 0.0390625 0.033203125
2 0.09921875 0.4697265625 0.1046875 0.056640625
2 0.05859375 0.478515625 0.1109375 0.0625
2 0.234375 0.478515625 0.15625 0.07421875
2 0.471875 0.46875 0.084375 0.05859375
2 0.53203125 0.4716796875 0.1421875 0.072265625
2 0.659375 0.4794921875 0.1 0.107421875
14 0.8296875 0.4423828125 0.340625 0.224609375
14 0.3890625 0.4521484375 0.053125 0.041015625
