4 0.87578125 0.453125 0.0890625 0.125
0 0.11015625 0.56640625 0.0203125 0.0546875
0 0.1265625 0.56640625 0.015625 0.05078125
2 0.81640625 0.4814453125 0.0359375 0.041015625
2 0.50625 0.5048828125 0.065625 0.033203125
2 0.4703125 0.5126953125 0.05625 0.037109375
2 0.4234375 0.515625 0.08125 0.046875
2 0.3796875 0.5244140625 0.078125 0.041015625
2 0.35546875 0.5302734375 0.0734375 0.044921875
2 0.30546875 0.5361328125 0.0796875 0.052734375
2 0.25625 0.5498046875 0.090625 0.060546875
2 0.73046875 0.47265625 0.0171875 0.01953125
2 0.70234375 0.4765625 0.0140625 0.015625
2 0.6828125 0.4775390625 0.025 0.021484375
