2 0.5765625 0.486328125 0.115625 0.10546875
2 0.53359375 0.4609375 0.0859375 0.09375
2 0.49296875 0.455078125 0.0328125 0.06640625
2 0.47734375 0.4560546875 0.0203125 0.041015625
2 0.4671875 0.4541015625 0.01875 0.025390625
2 0.46328125 0.4462890625 0.0265625 0.033203125
2 0.39140625 0.44921875 0.0109375 0.01171875
2 0.38125 0.4482421875 0.009375 0.013671875
2 0.3703125 0.4501953125 0.01875 0.017578125
2 0.353125 0.4541015625 0.01875 0.025390625
2 0.2859375 0.4482421875 0.1125 0.138671875
2 0.06328125 0.419921875 0.1203125 0.05859375
2 0.13046875 0.423828125 0.0859375 0.0546875
2 0.19765625 0.427734375 0.0484375 0.04296875
