1 0.54375 0.443359375 0.00625 0.01171875
1 0.515625 0.447265625 0.00625 0.01171875
1 0.30546875 0.6982421875 0.0828125 0.197265625
2 0.97734375 0.4970703125 0.0453125 0.076171875
2 0.81875 0.490234375 0.140625 0.078125
2 0.7984375 0.4404296875 0.05 0.025390625
2 0.75234375 0.5703125 0.1765625 0.1484375
2 0.68671875 0.5126953125 0.1234375 0.134765625
2 0.6125 0.478515625 0.06875 0.08203125
2 0.5828125 0.466796875 0.01875 0.0390625
2 0.5734375 0.455078125 0.015625 0.0234375
2 0.5703125 0.443359375 0.01875 0.0234375
2 0.55625 0.4326171875 0.015625 0.013671875
2 0.58203125 0.4306640625 0.0109375 0.013671875
2 0.53828125 0.435546875 0.0109375 0.015625
2 0.525 0.4375 0.015625 0.01953125
2 0.50859375 0.4365234375 0.0171875 0.021484375
2 0.50234375 0.439453125 0.0171875 0.01953125
2 0.48515625 0.439453125 0.0234375 0.015625
2 0.4859375 0.45703125 0.04375 0.03515625
2 0.4609375 0.4541015625 0.009375 0.025390625
2 0.446875 0.451171875 0.025 0.0390625
2 0.43984375 0.455078125 0.0203125 0.0390625
2 0.42890625 0.458984375 0.0296875 0.04296875
2 0.415625 0.46484375 0.040625 0.046875
2 0.38515625 0.478515625 0.0484375 0.0546875
2 0.36171875 0.48828125 0.0703125 0.0625
2 0.22109375 0.4990234375 0.1359375 0.076171875
2 0.2671875 0.52734375 0.128125 0.109375
14 0.7546875 0.7451171875 0.046875 0.041015625
