2 0.465625 0.5126953125 0.0875 0.083984375
2 0.50546875 0.4921875 0.0515625 0.05859375
2 0.5234375 0.4755859375 0.046875 0.056640625
2 0.54140625 0.45703125 0.0109375 0.015625
2 0.5671875 0.443359375 0.009375 0.01171875
2 0.60078125 0.4365234375 0.0109375 0.009765625
2 0.58046875 0.43359375 0.0078125 0.0078125
2 0.609375 0.4296875 0.00625 0.0078125
2 0.59296875 0.43359375 0.0078125 0.0078125
2 0.60234375 0.4296875 0.0078125 0.0078125
0 0.61171875 0.4462890625 0.0046875 0.013671875
0 0.72890625 0.4521484375 0.0109375 0.025390625
0 0.6921875 0.4482421875 0.009375 0.021484375
0 0.19140625 0.4951171875 0.0140625 0.037109375
0 0.44453125 0.4560546875 0.0078125 0.009765625
1 0.934375 0.5986328125 0.1375 0.107421875
1 0.97890625 0.501953125 0.0453125 0.078125
1 0.7890625 0.4755859375 0.01875 0.029296875
