4 0.5171875 0.353515625 0.1375 0.26953125
0 0.24140625 0.4228515625 0.0234375 0.068359375
0 0.28046875 0.4248046875 0.0296875 0.083984375
0 0.33203125 0.4013671875 0.0078125 0.013671875
0 0.38828125 0.4140625 0.0078125 0.02734375
0 0.39609375 0.4150390625 0.0078125 0.029296875
0 0.403125 0.416015625 0.00625 0.0234375
0 0.409375 0.4150390625 0.00625 0.021484375
0 0.421875 0.41796875 0.009375 0.02734375
0 0.978125 0.46875 0.03125 0.11328125
0 0.934375 0.4560546875 0.021875 0.083984375
0 0.90546875 0.4541015625 0.0203125 0.087890625
0 0.88828125 0.453125 0.0234375 0.09375
0 0.81640625 0.4404296875 0.0171875 0.064453125
0 0.78359375 0.4326171875 0.0140625 0.052734375
0 0.796875 0.43359375 0.0125 0.05078125
0 0.8671875 0.4423828125 0.0125 0.056640625
0 0.83828125 0.4404296875 0.0109375 0.048828125
0 0.640625 0.416015625 0.009375 0.01953125
0 0.65 0.423828125 0.009375 0.03125
0 0.68125 0.4248046875 0.009375 0.033203125
0 0.69921875 0.4248046875 0.0109375 0.033203125
0 0.66328125 0.4267578125 0.0109375 0.033203125
2 0.546875 0.451171875 0.15 0.1796875
2 0.44296875 0.423828125 0.0203125 0.0625
2 0.32578125 0.421875 0.0609375 0.03515625
2 0.75859375 0.427734375 0.1015625 0.046875
