0 0.071875 0.4736328125 0.034375 0.107421875
0 0.046875 0.484375 0.028125 0.09375
0 0.1015625 0.482421875 0.015625 0.0703125
0 0.12890625 0.4833984375 0.0203125 0.072265625
0 0.17578125 0.4736328125 0.0234375 0.087890625
0 0.16015625 0.484375 0.0140625 0.0625
0 0.2046875 0.46875 0.021875 0.05859375
0 0.221875 0.4697265625 0.015625 0.056640625
0 0.25078125 0.4765625 0.0140625 0.04296875
0 0.24375 0.4677734375 0.0125 0.048828125
0 0.27265625 0.466796875 0.0109375 0.04296875
2 0.3234375 0.4853515625 0.084375 0.087890625
2 0.4375 0.478515625 0.046875 0.04296875
2 0.446875 0.462890625 0.034375 0.03125
2 0.47890625 0.451171875 0.0140625 0.0234375
