4 0.496875 0.51953125 0.115625 0.125
0 0.76015625 0.564453125 0.0296875 0.06640625
0 0.65546875 0.5400390625 0.0203125 0.076171875
0 0.640625 0.5400390625 0.021875 0.080078125
0 0.6171875 0.5478515625 0.025 0.076171875
0 0.58203125 0.541015625 0.0109375 0.078125
0 0.303125 0.5185546875 0.015625 0.041015625
1 0.67578125 0.55859375 0.0234375 0.04296875
2 0.434375 0.525390625 0.021875 0.0234375
2 0.3390625 0.5146484375 0.028125 0.033203125
2 0.3125 0.5126953125 0.015625 0.017578125
2 0.290625 0.5126953125 0.01875 0.021484375
2 0.27265625 0.5126953125 0.0109375 0.013671875
2 0.25078125 0.517578125 0.0390625 0.03515625
