0 0.15390625 0.4365234375 0.0359375 0.173828125
0 0.86484375 0.4580078125 0.0171875 0.064453125
0 0.7 0.431640625 0.00625 0.03125
0 0.6890625 0.4306640625 0.009375 0.033203125
0 0.67265625 0.4296875 0.0109375 0.03125
0 0.459375 0.408203125 0.0125 0.0390625
0 0.4671875 0.4130859375 0.00625 0.029296875
0 0.6265625 0.419921875 0.00625 0.01953125
6 0.51953125 0.4091796875 0.0109375 0.017578125
2 0.7703125 0.4501953125 0.096875 0.095703125
2 0.5625 0.4169921875 0.015625 0.013671875
2 0.54609375 0.4130859375 0.0109375 0.013671875
2 0.534375 0.412109375 0.015625 0.015625
