0 0.89765625 0.5029296875 0.0515625 0.173828125
0 0.5375 0.4501953125 0.009375 0.025390625
0 0.525 0.44921875 0.00625 0.01953125
1 0.61171875 0.5078125 0.0296875 0.05078125
2 0.5171875 0.453125 0.0125 0.015625
2 0.50546875 0.451171875 0.0140625 0.015625
2 0.4953125 0.453125 0.009375 0.0078125
2 0.4875 0.4521484375 0.009375 0.009765625
2 0.47890625 0.451171875 0.0078125 0.01171875
2 0.4671875 0.451171875 0.015625 0.015625
2 0.4484375 0.4501953125 0.015625 0.021484375
2 0.42734375 0.4443359375 0.0234375 0.021484375
2 0.41640625 0.451171875 0.0265625 0.02734375
2 0.315625 0.466796875 0.0375 0.05078125
2 0.28359375 0.4697265625 0.0578125 0.064453125
2 0.22578125 0.4677734375 0.0734375 0.083984375
2 0.16484375 0.484375 0.1171875 0.08984375
2 0.0234375 0.5 0.046875 0.125
