0 0.8765625 0.58984375 0.034375 0.06640625
0 0.89609375 0.5927734375 0.0296875 0.064453125
0 0.775 0.5908203125 0.03125 0.064453125
0 0.7921875 0.591796875 0.028125 0.06640625
0 0.7125 0.58203125 0.021875 0.06640625
0 0.68984375 0.5810546875 0.0234375 0.080078125
0 0.72421875 0.58984375 0.0265625 0.07421875
0 0.5328125 0.546875 0.009375 0.03125
0 0.52265625 0.546875 0.0109375 0.03125
0 0.490625 0.546875 0.0125 0.03515625
0 0.47265625 0.5478515625 0.0078125 0.025390625
0 0.25859375 0.5498046875 0.0140625 0.029296875
0 0.25234375 0.546875 0.0140625 0.03515625
0 0.16328125 0.541015625 0.0109375 0.03125
0 0.06953125 0.544921875 0.0078125 0.0234375
0 0.075 0.5439453125 0.009375 0.033203125
0 0.08203125 0.548828125 0.0078125 0.02734375
0 0.06328125 0.5439453125 0.0078125 0.029296875
0 0.03359375 0.54296875 0.0109375 0.03515625
0 0.025 0.5439453125 0.009375 0.033203125
0 0.01640625 0.54296875 0.0109375 0.0390625
6 0.37734375 0.537109375 0.0203125 0.0234375
2 0.3875 0.5498046875 0.03125 0.033203125
2 0.43046875 0.583984375 0.0703125 0.07421875
2 0.509375 0.640625 0.14375 0.14453125
2 0.3078125 0.5849609375 0.08125 0.087890625
2 0.26171875 0.62890625 0.1359375 0.12890625
