0 0.95390625 0.5400390625 0.0921875 0.517578125
0 0.66796875 0.462890625 0.0359375 0.15234375
0 0.646875 0.462890625 0.04375 0.1640625
0 0.61796875 0.470703125 0.0515625 0.18359375
0 0.5828125 0.45703125 0.03125 0.16015625
0 0.5546875 0.4794921875 0.053125 0.177734375
0 0.51015625 0.48828125 0.0546875 0.16796875
0 0.33359375 0.4521484375 0.0359375 0.111328125
0 0.28046875 0.4384765625 0.0296875 0.083984375
0 0.06875 0.44921875 0.00625 0.0234375
2 0.86953125 0.4990234375 0.2609375 0.146484375
2 0.209375 0.4599609375 0.05625 0.060546875
2 0.17734375 0.44921875 0.0140625 0.01953125
2 0.15625 0.44921875 0.01875 0.01953125
2 0.12734375 0.451171875 0.0203125 0.01953125
2 0.0421875 0.453125 0.040625 0.03515625
