0 0.7390625 0.4921875 0.05 0.10546875
0 0.78671875 0.4384765625 0.0296875 0.041015625
0 0.81484375 0.4453125 0.0171875 0.03125
0 0.890625 0.4599609375 0.015625 0.068359375
0 0.625 0.462890625 0.015625 0.0625
0 0.60546875 0.46484375 0.0171875 0.0546875
0 0.5796875 0.4482421875 0.009375 0.021484375
0 0.53046875 0.470703125 0.0078125 0.02734375
1 0.66015625 0.541015625 0.0328125 0.09375
2 0.12109375 0.4853515625 0.1578125 0.126953125
2 0.24765625 0.478515625 0.0734375 0.06640625
2 0.2984375 0.4736328125 0.040625 0.048828125
2 0.4484375 0.482421875 0.059375 0.05859375
2 0.3671875 0.474609375 0.025 0.01953125
2 0.3921875 0.470703125 0.0125 0.01171875
2 0.421875 0.4697265625 0.0125 0.021484375
