2 0.67265625 0.4814453125 0.0109375 0.013671875
2 0.646875 0.501953125 0.025 0.01953125
2 0.634375 0.482421875 0.009375 0.01171875
2 0.61484375 0.4833984375 0.0109375 0.009765625
2 0.59296875 0.5166015625 0.0484375 0.048828125
2 0.55625 0.509765625 0.028125 0.03125
2 0.53671875 0.5078125 0.0171875 0.0234375
2 0.46875 0.5263671875 0.0625 0.060546875
2 0.2359375 0.5986328125 0.2 0.154296875
2 0.68203125 0.4755859375 0.0046875 0.005859375
2 0.64453125 0.4814453125 0.0109375 0.009765625
2 0.6671875 0.47265625 0.00625 0.0078125
