0 0.334375 0.5009765625 0.009375 0.029296875
0 0.12109375 0.611328125 0.1296875 0.27734375
0 0.1875 0.6279296875 0.109375 0.298828125
2 0.68359375 0.521484375 0.0640625 0.05859375
2 0.62734375 0.513671875 0.0453125 0.046875
2 0.54140625 0.5009765625 0.0140625 0.017578125
2 0.52734375 0.5078125 0.0265625 0.02734375
2 0.49609375 0.505859375 0.0171875 0.01953125
2 0.484375 0.5078125 0.025 0.0234375
2 0.459375 0.505859375 0.015625 0.01953125
2 0.471875 0.5068359375 0.0125 0.021484375
2 0.3546875 0.5107421875 0.03125 0.029296875
2 0.40859375 0.48828125 0.0828125 0.11328125
2 0.50234375 0.4931640625 0.0046875 0.005859375
