0 0.5484375 0.44921875 0.0125 0.0390625
0 0.57109375 0.4501953125 0.0078125 0.033203125
0 0.05703125 0.458984375 0.0109375 0.03125
0 0.646875 0.4423828125 0.009375 0.029296875
1 0.825 0.48046875 0.028125 0.0390625
2 0.4546875 0.466796875 0.08125 0.08984375
2 0.9671875 0.462890625 0.046875 0.03125
2 0.94140625 0.462890625 0.0296875 0.03125
2 0.9203125 0.458984375 0.04375 0.03125
2 0.3578125 0.4599609375 0.046875 0.041015625
2 0.403125 0.4609375 0.025 0.01953125
2 0.2609375 0.458984375 0.053125 0.05078125
