0 0.98125 0.498046875 0.0375 0.0625
0 0.9 0.513671875 0.015625 0.078125
0 0.8640625 0.50390625 0.028125 0.078125
0 0.6390625 0.4951171875 0.009375 0.025390625
0 0.6125 0.490234375 0.009375 0.01953125
0 0.08984375 0.5146484375 0.0265625 0.091796875
0 0.06953125 0.517578125 0.0203125 0.0859375
0 0.24375 0.5107421875 0.0125 0.060546875
0 0.25390625 0.5087890625 0.0109375 0.060546875
0 0.71875 0.50390625 0.009375 0.04296875
2 0.54375 0.62890625 0.275 0.2734375
2 0.3796875 0.5078125 0.0375 0.046875
2 0.4265625 0.5166015625 0.059375 0.056640625
