0 0.040625 0.5087890625 0.0625 0.201171875
0 0.13125 0.5029296875 0.040625 0.173828125
0 0.165625 0.505859375 0.05 0.1875
0 0.22421875 0.5029296875 0.0671875 0.185546875
0 0.6171875 0.4775390625 0.053125 0.173828125
0 0.6765625 0.4736328125 0.034375 0.150390625
0 0.73359375 0.47265625 0.0453125 0.14453125
0 0.7921875 0.44140625 0.009375 0.0390625
2 0.2453125 0.466796875 0.059375 0.046875
2 0.4390625 0.4541015625 0.015625 0.009765625
2 0.46015625 0.455078125 0.0109375 0.0078125
2 0.52265625 0.4677734375 0.1515625 0.072265625
