0 0.8234375 0.4736328125 0.01875 0.044921875
0 0.840625 0.4697265625 0.025 0.052734375
0 0.7 0.4677734375 0.0125 0.041015625
0 0.671875 0.4609375 0.009375 0.0390625
0 0.57109375 0.4541015625 0.0046875 0.017578125
0 0.41484375 0.45703125 0.0140625 0.046875
0 0.4265625 0.4658203125 0.0125 0.029296875
0 0.471875 0.455078125 0.00625 0.0234375
0 0.4640625 0.4521484375 0.00625 0.021484375
0 0.18828125 0.451171875 0.0203125 0.07421875
0 0.21875 0.451171875 0.01875 0.0703125
0 0.23125 0.435546875 0.015625 0.02734375
0 0.30625 0.453125 0.0125 0.046875
0 0.33125 0.44921875 0.009375 0.03125
0 0.34453125 0.4462890625 0.0140625 0.021484375
0 0.28203125 0.439453125 0.0140625 0.03125
0 0.11953125 0.435546875 0.0140625 0.046875
0 0.1390625 0.44140625 0.01875 0.0390625
1 0.24140625 0.484375 0.0296875 0.05078125
1 0.259375 0.47265625 0.025 0.05859375
2 0.9203125 0.625 0.159375 0.25
2 0.8203125 0.5576171875 0.165625 0.134765625
2 0.6171875 0.470703125 0.0375 0.03515625
2 0.59765625 0.46484375 0.0234375 0.03515625
2 0.5828125 0.45703125 0.015625 0.01953125
2 0.54609375 0.4599609375 0.0328125 0.037109375
