0 0.534375 0.46875 0.009375 0.02734375
0 0.33125 0.458984375 0.009375 0.0234375
0 0.315625 0.466796875 0.009375 0.03125
0 0.30546875 0.4658203125 0.0078125 0.033203125
0 0.43046875 0.453125 0.0078125 0.015625
0 0.47421875 0.4619140625 0.0078125 0.025390625
2 0.9671875 0.62109375 0.065625 0.22265625
2 0.86015625 0.5546875 0.2796875 0.22265625
2 0.50703125 0.47265625 0.0453125 0.03515625
2 0.2296875 0.482421875 0.05 0.07421875
2 0.159375 0.48828125 0.115625 0.1015625
2 0.028125 0.501953125 0.05625 0.15234375
