0 0.8140625 0.5751953125 0.009375 0.017578125
1 0.1921875 0.59375 0.015625 0.03125
2 0.25234375 0.5908203125 0.0671875 0.068359375
2 0.3046875 0.5869140625 0.05 0.052734375
2 0.35390625 0.5849609375 0.0515625 0.048828125
2 0.4515625 0.6171875 0.125 0.140625
2 0.53515625 0.5673828125 0.0859375 0.111328125
2 0.69296875 0.6005859375 0.1109375 0.103515625
2 0.72734375 0.638671875 0.1671875 0.1484375
2 0.95078125 0.5859375 0.0984375 0.11328125
2 0.96171875 0.6865234375 0.0765625 0.177734375
2 0.86015625 0.595703125 0.0984375 0.0859375
