4 0.85078125 0.4326171875 0.2984375 0.169921875
0 0.58125 0.4853515625 0.009375 0.029296875
0 0.534375 0.4970703125 0.0125 0.044921875
0 0.5265625 0.49609375 0.009375 0.0390625
0 0.59453125 0.4853515625 0.0109375 0.041015625
0 0.6078125 0.486328125 0.009375 0.03515625
2 0.8421875 0.5380859375 0.315625 0.255859375
2 0.39609375 0.53515625 0.2015625 0.15625
2 0.23203125 0.5947265625 0.2296875 0.169921875
2 0.0375 0.5537109375 0.075 0.052734375
2 0.04375 0.5205078125 0.0875 0.076171875
2 0.6671875 0.4873046875 0.046875 0.041015625
