4 0.6 0.4609375 0.059375 0.05859375
0 0.49140625 0.529296875 0.0359375 0.12109375
0 0.51796875 0.5234375 0.0296875 0.12890625
0 0.96640625 0.5 0.0609375 0.17578125
0 0.74609375 0.4892578125 0.0234375 0.099609375
0 0.725 0.4892578125 0.021875 0.083984375
0 0.696875 0.5009765625 0.028125 0.076171875
0 0.37265625 0.7421875 0.1328125 0.23828125
0 0.4171875 0.48828125 0.0125 0.03125
2 0.10546875 0.7421875 0.2109375 0.33984375
2 0.28671875 0.5380859375 0.1359375 0.123046875
2 0.58515625 0.53515625 0.1078125 0.1015625
2 0.653125 0.509765625 0.06875 0.08203125
2 0.48828125 0.5126953125 0.0453125 0.064453125
