0 0.15625 0.4912109375 0.03125 0.099609375
0 0.99140625 0.501953125 0.0171875 0.09765625
0 0.3203125 0.4599609375 0.015625 0.037109375
2 0.23984375 0.5283203125 0.1609375 0.107421875
2 0.57265625 0.45703125 0.0265625 0.03125
2 0.553125 0.443359375 0.01875 0.01953125
2 0.59609375 0.44140625 0.0171875 0.01953125
2 0.590625 0.42578125 0.009375 0.01171875
2 0.60703125 0.4267578125 0.0078125 0.009765625
2 0.61171875 0.4208984375 0.0046875 0.005859375
2 0.62421875 0.4189453125 0.0046875 0.005859375
2 0.63046875 0.423828125 0.0109375 0.01171875
