0 0.7359375 0.5751953125 0.009375 0.041015625
0 0.7453125 0.5771484375 0.0125 0.048828125
0 0.75703125 0.578125 0.0140625 0.05078125
0 0.61015625 0.576171875 0.0078125 0.02734375
0 0.61875 0.5791015625 0.0125 0.033203125
0 0.625 0.5751953125 0.00625 0.021484375
2 0.315625 0.58984375 0.090625 0.08203125
2 0.6890625 0.60546875 0.10625 0.0859375
2 0.4625 0.576171875 0.01875 0.01953125
2 0.4734375 0.5693359375 0.009375 0.013671875
2 0.4796875 0.5751953125 0.0125 0.021484375
2 0.48984375 0.580078125 0.0140625 0.015625
2 0.4515625 0.572265625 0.009375 0.015625
