0 0.62109375 0.453125 0.0203125 0.06640625
0 0.6015625 0.44921875 0.01875 0.0703125
2 0.5015625 0.4599609375 0.053125 0.052734375
2 0.484375 0.4521484375 0.0375 0.048828125
2 0.459375 0.4521484375 0.0125 0.021484375
2 0.4671875 0.4541015625 0.0125 0.033203125
2 0.45078125 0.44921875 0.0046875 0.01171875
2 0.43828125 0.443359375 0.0109375 0.01171875
2 0.42265625 0.451171875 0.0140625 0.015625
2 0.39765625 0.451171875 0.0203125 0.01953125
2 0.36953125 0.4541015625 0.0109375 0.013671875
2 0.36171875 0.453125 0.0109375 0.015625
2 0.3484375 0.4560546875 0.01875 0.021484375
2 0.2296875 0.4697265625 0.0625 0.048828125
