4 0.575 0.439453125 0.075 0.125
1 0.77421875 0.5712890625 0.0984375 0.173828125
2 0.04140625 0.578125 0.0828125 0.3359375
2 0.08671875 0.4921875 0.1734375 0.1875
2 0.2171875 0.4951171875 0.1 0.083984375
2 0.275 0.490234375 0.053125 0.06640625
2 0.303125 0.4853515625 0.046875 0.060546875
2 0.3203125 0.46875 0.021875 0.02734375
2 0.45078125 0.5087890625 0.2484375 0.287109375
2 0.68828125 0.4775390625 0.1140625 0.119140625
2 0.76796875 0.5048828125 0.1359375 0.123046875
2 0.90234375 0.5205078125 0.1953125 0.228515625
