0 0.57109375 0.5166015625 0.0234375 0.091796875
0 0.865625 0.51953125 0.015625 0.08984375
0 0.09921875 0.4921875 0.0171875 0.06640625
0 0.0234375 0.4775390625 0.028125 0.041015625
0 0.04765625 0.49609375 0.0203125 0.0703125
0 0.37109375 0.4814453125 0.0078125 0.017578125
0 0.3375 0.482421875 0.0125 0.01953125
0 0.6484375 0.4912109375 0.0125 0.021484375
2 0.5171875 0.498046875 0.01875 0.0234375
2 0.52890625 0.498046875 0.0140625 0.0234375
2 0.5515625 0.501953125 0.015625 0.01953125
0 0.421875 0.4892578125 0.00625 0.021484375
0 0.415625 0.48828125 0.00625 0.01953125
0 0.3546875 0.4814453125 0.009375 0.013671875
