0 0.1671875 0.45703125 0.053125 0.15234375
0 0.2078125 0.4599609375 0.046875 0.138671875
0 0.2890625 0.455078125 0.021875 0.06640625
0 0.19609375 0.4560546875 0.0359375 0.115234375
0 0.4484375 0.462890625 0.028125 0.12109375
0 0.4328125 0.458984375 0.059375 0.140625
2 0.39140625 0.4619140625 0.0265625 0.044921875
2 0.4078125 0.45703125 0.025 0.03515625
2 0.37265625 0.4560546875 0.0265625 0.056640625
2 0.3515625 0.4609375 0.046875 0.06640625
2 0.3296875 0.466796875 0.071875 0.06640625
2 0.8671875 0.4873046875 0.265625 0.150390625
2 0.6890625 0.470703125 0.103125 0.10546875
2 0.62421875 0.4765625 0.0453125 0.05859375
2 0.59609375 0.470703125 0.0484375 0.05859375
2 0.565625 0.4580078125 0.059375 0.064453125
2 0.53125 0.466796875 0.01875 0.03515625
2 0.51640625 0.4638671875 0.0171875 0.029296875
2 0.5015625 0.4658203125 0.015625 0.025390625
2 0.49140625 0.46484375 0.0171875 0.0234375
1 0.1171875 0.4501953125 0.05 0.041015625
0 0.00625 0.4365234375 0.015625 0.115234375
