0 0.26484375 0.576171875 0.0109375 0.03125
2 0.35390625 0.5849609375 0.0171875 0.025390625
2 0.3703125 0.5830078125 0.015625 0.021484375
2 0.396875 0.5830078125 0.015625 0.021484375
2 0.38515625 0.5830078125 0.0171875 0.021484375
2 0.475 0.5859375 0.0375 0.04296875
2 0.51796875 0.5810546875 0.0390625 0.017578125
2 0.5234375 0.654296875 0.13125 0.1328125
2 0.29609375 0.6005859375 0.0546875 0.044921875
2 0.3796875 0.638671875 0.1125 0.09375
2 0.23125 0.5771484375 0.034375 0.025390625
2 0.16484375 0.6220703125 0.1109375 0.080078125
2 0.1203125 0.5771484375 0.028125 0.021484375
2 0.02109375 0.6201171875 0.0421875 0.076171875
