0 0.84453125 0.486328125 0.0203125 0.05859375
0 0.85546875 0.484375 0.0265625 0.06640625
0 0.10234375 0.451171875 0.0078125 0.03515625
0 0.80703125 0.490234375 0.0171875 0.046875
0 0.8265625 0.490234375 0.01875 0.046875
2 0.17734375 0.4599609375 0.0578125 0.037109375
2 0.1984375 0.4619140625 0.05 0.041015625
2 0.23203125 0.4599609375 0.0484375 0.041015625
2 0.25 0.4619140625 0.046875 0.044921875
2 0.27734375 0.46484375 0.0515625 0.0546875
2 0.3640625 0.46484375 0.15625 0.0859375
2 0.5796875 0.4736328125 0.10625 0.072265625
2 0.48125 0.4873046875 0.09375 0.099609375
2 0.60703125 0.4833984375 0.0765625 0.064453125
2 0.7125 0.478515625 0.18125 0.09375
2 0.9515625 0.50390625 0.096875 0.1875
2 0.4796875 0.4345703125 0.040625 0.017578125
2 0.521875 0.4482421875 0.0625 0.041015625
