0 0.6859375 0.5634765625 0.015625 0.033203125
0 0.59921875 0.5595703125 0.0140625 0.037109375
0 0.5828125 0.5654296875 0.0125 0.041015625
0 0.56015625 0.5634765625 0.0078125 0.021484375
0 0.43203125 0.5693359375 0.0078125 0.017578125
0 0.3171875 0.580078125 0.0125 0.046875
0 0.30703125 0.58203125 0.0109375 0.04296875
0 0.275 0.5810546875 0.0125 0.044921875
6 0.52578125 0.5537109375 0.0078125 0.009765625
2 0.64140625 0.6591796875 0.1921875 0.169921875
2 0.08828125 0.681640625 0.1765625 0.19921875
2 0.39296875 0.576171875 0.0234375 0.02734375
2 0.37265625 0.583984375 0.0359375 0.03125
2 0.484375 0.5732421875 0.021875 0.021484375
2 0.49609375 0.5654296875 0.0109375 0.013671875
2 0.459375 0.5712890625 0.015625 0.013671875
2 0.46953125 0.568359375 0.0109375 0.01171875
