0 0.67734375 0.537109375 0.0078125 0.02734375
0 0.78515625 0.5341796875 0.0078125 0.013671875
0 0.37890625 0.541015625 0.0078125 0.02734375
0 0.27578125 0.5478515625 0.0046875 0.029296875
0 0.26953125 0.5478515625 0.0078125 0.033203125
0 0.1078125 0.552734375 0.015625 0.046875
2 0.96171875 0.5625 0.0765625 0.1015625
2 0.6265625 0.61328125 0.13125 0.1328125
2 0.60546875 0.5380859375 0.0453125 0.033203125
2 0.54609375 0.5478515625 0.0359375 0.037109375
2 0.5171875 0.5458984375 0.021875 0.033203125
2 0.028125 0.6572265625 0.05625 0.216796875
