2 0.96640625 0.43359375 0.0515625 0.01953125
2 0.93828125 0.4296875 0.0453125 0.02734375
2 0.47890625 0.4990234375 0.1796875 0.197265625
2 0.38203125 0.466796875 0.0328125 0.02734375
2 0.35390625 0.47265625 0.0234375 0.01171875
2 0.31796875 0.47265625 0.0109375 0.0078125
2 0.22109375 0.48046875 0.0359375 0.04296875
2 0.1953125 0.484375 0.034375 0.046875
2 0.15234375 0.486328125 0.0703125 0.0546875
2 0.0921875 0.4892578125 0.071875 0.064453125
2 0.028125 0.5 0.05625 0.05078125
14 0.27109375 0.4619140625 0.0671875 0.083984375
