0 0.678125 0.4462890625 0.021875 0.076171875
0 0.646875 0.453125 0.025 0.0703125
0 0.6203125 0.4541015625 0.028125 0.068359375
0 0.45703125 0.44140625 0.0140625 0.03515625
0 0.44296875 0.4423828125 0.0203125 0.037109375
0 0.47421875 0.4384765625 0.0109375 0.021484375
0 0.18515625 0.466796875 0.0140625 0.05078125
0 0.1 0.4716796875 0.0125 0.064453125
0 0.11796875 0.4716796875 0.0171875 0.056640625
2 0.83828125 0.47265625 0.0703125 0.1015625
2 0.5140625 0.466796875 0.190625 0.09765625
2 0.24609375 0.4677734375 0.0609375 0.048828125
