0 0.140625 0.5283203125 0.03125 0.064453125
0 0.6421875 0.5380859375 0.021875 0.068359375
0 0.78828125 0.5068359375 0.0234375 0.076171875
0 0.80859375 0.5126953125 0.0171875 0.064453125
0 0.66875 0.5439453125 0.0125 0.029296875
1 0.58828125 0.5341796875 0.0203125 0.044921875
1 0.70703125 0.548828125 0.0421875 0.0859375
1 0.8890625 0.603515625 0.08125 0.1484375
2 0.62265625 0.54296875 0.0328125 0.03515625
2 0.54921875 0.5341796875 0.0296875 0.044921875
2 0.51328125 0.5244140625 0.0609375 0.064453125
2 0.40234375 0.537109375 0.1734375 0.16015625
