4 0.5484375 0.50390625 0.028125 0.0234375
0 0.678125 0.544921875 0.01875 0.05078125
0 0.68984375 0.544921875 0.0140625 0.05078125
0 0.20703125 0.556640625 0.0171875 0.05078125
0 0.2421875 0.552734375 0.015625 0.04296875
0 0.22890625 0.5556640625 0.0171875 0.041015625
0 0.32578125 0.53515625 0.0078125 0.0234375
0 0.33828125 0.537109375 0.0078125 0.02734375
2 0.89296875 0.736328125 0.2140625 0.52734375
2 0.61953125 0.5595703125 0.0546875 0.052734375
2 0.59765625 0.546875 0.0328125 0.0390625
2 0.54609375 0.560546875 0.0765625 0.09375
2 0.4703125 0.55859375 0.0625 0.06640625
2 0.40390625 0.546875 0.0390625 0.03125
2 0.36796875 0.544921875 0.0234375 0.0234375
2 0.3109375 0.55078125 0.03125 0.03515625
2 0.275 0.55078125 0.046875 0.046875
2 0.05390625 0.5634765625 0.1078125 0.107421875
