2 0.4421875 0.521484375 0.10625 0.09375
2 0.49453125 0.494140625 0.0515625 0.05859375
2 0.5140625 0.4794921875 0.046875 0.056640625
2 0.53671875 0.45703125 0.0109375 0.015625
2 0.5640625 0.4453125 0.009375 0.01171875
2 0.59921875 0.4365234375 0.0078125 0.009765625
2 0.57734375 0.43359375 0.0078125 0.0078125
2 0.5859375 0.4375 0.00625 0.0078125
2 0.59140625 0.43359375 0.0078125 0.0078125
2 0.60703125 0.4296875 0.0078125 0.0078125
0 0.60859375 0.4462890625 0.0046875 0.013671875
0 0.72890625 0.4560546875 0.0109375 0.033203125
0 0.6921875 0.4462890625 0.00625 0.017578125
0 0.14296875 0.5029296875 0.0140625 0.037109375
0 0.43203125 0.4560546875 0.0078125 0.013671875
1 0.959375 0.6279296875 0.0875 0.126953125
1 0.96953125 0.5078125 0.0453125 0.078125
1 0.80625 0.48046875 0.01875 0.0390625
