0 0.66484375 0.53515625 0.0328125 0.16015625
2 0.8734375 0.490234375 0.071875 0.046875
2 0.953125 0.48828125 0.059375 0.03125
2 0.090625 0.5302734375 0.16875 0.115234375
2 0.225 0.4755859375 0.0625 0.060546875
2 0.234375 0.5107421875 0.103125 0.083984375
2 0.28359375 0.484375 0.0609375 0.078125
2 0.328125 0.4892578125 0.040625 0.048828125
2 0.35859375 0.4873046875 0.0234375 0.025390625
2 0.49921875 0.4873046875 0.0609375 0.052734375
2 0.44140625 0.486328125 0.1234375 0.0625
2 0.58515625 0.490234375 0.1140625 0.0625
