0 0.20234375 0.498046875 0.0796875 0.2109375
0 0.20703125 0.5048828125 0.0390625 0.173828125
0 0.9390625 0.427734375 0.034375 0.05859375
0 0.0265625 0.4736328125 0.025 0.068359375
0 0.078125 0.474609375 0.0125 0.06640625
2 0.840625 0.5205078125 0.31875 0.193359375
2 0.58359375 0.4921875 0.2296875 0.16015625
2 0.453125 0.498046875 0.071875 0.109375
14 0.3421875 0.4638671875 0.203125 0.138671875
2 0.15625 0.4775390625 0.040625 0.064453125
2 0.11171875 0.474609375 0.0640625 0.0546875
2 0.0453125 0.474609375 0.059375 0.04296875
2 0.0078125 0.47265625 0.015625 0.0390625
2 0.12734375 0.478515625 0.0421875 0.0546875
2 0.23671875 0.4814453125 0.0390625 0.080078125
