4 0.55 0.4443359375 0.040625 0.056640625
0 0.84609375 0.4765625 0.0234375 0.08203125
0 0.81796875 0.484375 0.0296875 0.09765625
0 0.73828125 0.474609375 0.0203125 0.05859375
0 0.62890625 0.4423828125 0.0078125 0.013671875
0 0.62109375 0.4501953125 0.0078125 0.025390625
0 0.61875 0.4443359375 0.00625 0.021484375
1 0.75859375 0.505859375 0.0421875 0.0546875
1 0.709375 0.50390625 0.046875 0.046875
2 0.92890625 0.6923828125 0.1421875 0.306640625
2 0.70390625 0.4658203125 0.0296875 0.033203125
2 0.68125 0.46484375 0.021875 0.02734375
2 0.634375 0.458984375 0.025 0.01953125
2 0.64765625 0.4560546875 0.0203125 0.021484375
2 0.66171875 0.4541015625 0.0171875 0.021484375
2 0.52890625 0.466796875 0.0296875 0.02734375
2 0.503125 0.462890625 0.028125 0.02734375
2 0.3671875 0.458984375 0.025 0.015625
2 0.3296875 0.46875 0.04375 0.03125
2 0.26171875 0.46875 0.0609375 0.04296875
2 0.2234375 0.4755859375 0.034375 0.033203125
2 0.19296875 0.4765625 0.0265625 0.03515625
2 0.15859375 0.4775390625 0.0515625 0.037109375
2 0.12109375 0.482421875 0.0453125 0.03125
2 0.07578125 0.484375 0.0421875 0.03515625
2 0.04375 0.486328125 0.03125 0.03515625
2 0.015625 0.490234375 0.028125 0.03515625
2 0.4875 0.4521484375 0.0125 0.013671875
