0 0.74921875 0.4912109375 0.0109375 0.021484375
0 0.875 0.5 0.00625 0.01171875
0 0.94765625 0.501953125 0.0046875 0.01953125
0 0.97421875 0.5068359375 0.0078125 0.025390625
0 0.9625 0.5029296875 0.00625 0.017578125
2 0.5171875 0.5322265625 0.1375 0.134765625
2 0.634375 0.5087890625 0.109375 0.076171875
2 0.584375 0.48828125 0.028125 0.02734375
2 0.69921875 0.4921875 0.0328125 0.0234375
2 0.71640625 0.4951171875 0.0234375 0.021484375
2 0.66875 0.4892578125 0.0375 0.017578125
2 0.79609375 0.513671875 0.0734375 0.03125
2 0.775 0.49609375 0.040625 0.01953125
2 0.83671875 0.5146484375 0.0359375 0.033203125
2 0.91484375 0.505859375 0.0421875 0.0234375
2 0.89375 0.5009765625 0.021875 0.017578125
2 0.93671875 0.505859375 0.0171875 0.0234375
