0 0.4984375 0.4619140625 0.00625 0.033203125
0 0.55546875 0.4580078125 0.0046875 0.009765625
0 0.675 0.484375 0.015625 0.06640625
0 0.61171875 0.4609375 0.0078125 0.02734375
2 0.31796875 0.4755859375 0.0765625 0.064453125
2 0.36875 0.47265625 0.034375 0.04296875
2 0.4 0.470703125 0.0375 0.0390625
2 0.42421875 0.4658203125 0.0296875 0.033203125
2 0.465625 0.4599609375 0.025 0.025390625
2 0.51484375 0.4560546875 0.0171875 0.017578125
2 0.52890625 0.45703125 0.0109375 0.01171875
0 0.69921875 0.4638671875 0.0078125 0.017578125
