0 0.925 0.490234375 0.015625 0.05078125
0 0.0859375 0.4931640625 0.028125 0.076171875
0 0.3390625 0.4794921875 0.01875 0.025390625
0 0.76171875 0.4658203125 0.0078125 0.025390625
0 0.77265625 0.4619140625 0.0078125 0.025390625
2 0.6046875 0.4384765625 0.009375 0.009765625
2 0.59140625 0.453125 0.0203125 0.0234375
2 0.5875 0.435546875 0.009375 0.01171875
2 0.56796875 0.4697265625 0.0296875 0.029296875
2 0.54921875 0.455078125 0.0171875 0.01953125
2 0.1390625 0.568359375 0.221875 0.13671875
2 0.62109375 0.4306640625 0.0046875 0.005859375
2 0.628125 0.4345703125 0.0125 0.013671875
2 0.609375 0.4326171875 0.00625 0.005859375
