0 0.7015625 0.4677734375 0.01875 0.076171875
0 0.61875 0.4697265625 0.0125 0.056640625
0 0.646875 0.451171875 0.0125 0.0234375
0 0.690625 0.46875 0.01875 0.08203125
0 0.75 0.4775390625 0.025 0.103515625
0 0.77890625 0.478515625 0.0265625 0.09765625
1 0.875 0.5947265625 0.1125 0.224609375
1 0.9640625 0.50390625 0.071875 0.078125
2 0.4390625 0.4765625 0.01875 0.0234375
2 0.40625 0.474609375 0.0125 0.015625
2 0.36953125 0.4755859375 0.0296875 0.037109375
2 0.18671875 0.4873046875 0.0484375 0.064453125
2 0.23828125 0.484375 0.0828125 0.0703125
2 0.078125 0.5009765625 0.15625 0.150390625
2 0.471875 0.4873046875 0.05625 0.056640625
