0 0.0640625 0.4677734375 0.021875 0.064453125
0 0.73515625 0.455078125 0.0265625 0.08984375
0 0.76796875 0.451171875 0.0390625 0.0859375
0 0.81796875 0.427734375 0.0328125 0.046875
0 0.6609375 0.4326171875 0.021875 0.056640625
1 0.22265625 0.46875 0.0109375 0.01953125
1 0.1625 0.4765625 0.015625 0.0390625
1 0.175 0.4765625 0.015625 0.04296875
1 0.11796875 0.4833984375 0.0234375 0.064453125
1 0.29140625 0.47265625 0.0140625 0.03125
1 0.32578125 0.4833984375 0.0234375 0.048828125
1 0.3734375 0.48046875 0.021875 0.05859375
1 0.540625 0.5205078125 0.046875 0.115234375
1 0.6859375 0.57421875 0.103125 0.16015625
2 0.2578125 0.4599609375 0.05 0.021484375
2 0.38203125 0.4677734375 0.0453125 0.037109375
2 0.44375 0.4765625 0.065625 0.0703125
2 0.48828125 0.486328125 0.0671875 0.08203125
2 0.55234375 0.5 0.1265625 0.09375
2 0.85546875 0.546875 0.2890625 0.22265625
