0 0.928125 0.48046875 0.021875 0.09375
0 0.86953125 0.4716796875 0.0359375 0.091796875
0 0.890625 0.4716796875 0.025 0.087890625
0 0.7046875 0.4697265625 0.021875 0.080078125
0 0.7390625 0.451171875 0.015625 0.0234375
0 0.6171875 0.462890625 0.015625 0.0546875
0 0.0609375 0.4755859375 0.0375 0.087890625
0 0.0953125 0.4521484375 0.015625 0.029296875
0 0.11484375 0.4541015625 0.0203125 0.029296875
0 0.55078125 0.45703125 0.0109375 0.02734375
0 0.4515625 0.4501953125 0.00625 0.017578125
0 0.38984375 0.458984375 0.0140625 0.0546875
0 0.3203125 0.45703125 0.009375 0.03125
0 0.02890625 0.455078125 0.0140625 0.03125
0 0.01796875 0.4541015625 0.0140625 0.029296875
1 0.50546875 0.5087890625 0.0984375 0.083984375
2 0.253125 0.494140625 0.18125 0.0859375
2 0.41875 0.4541015625 0.025 0.029296875
2 0.4640625 0.4560546875 0.01875 0.021484375
2 0.47578125 0.458984375 0.0171875 0.0390625
2 0.47734375 0.462890625 0.0140625 0.03515625
2 0.4859375 0.46484375 0.025 0.03515625
2 0.51484375 0.4765625 0.0484375 0.046875
