0 0.67421875 0.455078125 0.0484375 0.12890625
0 0.5515625 0.45703125 0.03125 0.1015625
0 0.54453125 0.4609375 0.0390625 0.09765625
0 0.5078125 0.4482421875 0.025 0.091796875
0 0.4109375 0.458984375 0.05 0.11328125
0 0.35078125 0.4580078125 0.0484375 0.111328125
0 0.3125 0.4677734375 0.046875 0.107421875
0 0.11953125 0.466796875 0.0421875 0.10546875
0 0.07578125 0.46484375 0.0421875 0.12109375
0 0.0828125 0.4716796875 0.028125 0.103515625
2 0.440625 0.4541015625 0.05 0.048828125
2 0.115625 0.4580078125 0.05625 0.064453125
