0 0.51640625 0.439453125 0.0265625 0.0625
14 0.43359375 0.5341796875 0.0828125 0.095703125
2 0.51484375 0.4521484375 0.0234375 0.033203125
2 0.50234375 0.4501953125 0.0140625 0.025390625
2 0.4328125 0.4482421875 0.015625 0.021484375
2 0.35 0.4541015625 0.021875 0.041015625
2 0.33046875 0.4560546875 0.0328125 0.052734375
2 0.3203125 0.4609375 0.03125 0.05078125
2 0.23671875 0.4736328125 0.1578125 0.099609375
2 0.38125 0.458984375 0.05625 0.05078125
2 0.91328125 0.56640625 0.1734375 0.375
2 0.65859375 0.6083984375 0.4578125 0.349609375
