0 0.975 0.4521484375 0.028125 0.091796875
0 0.7296875 0.419921875 0.009375 0.0390625
0 0.67421875 0.4150390625 0.0078125 0.029296875
0 0.659375 0.4140625 0.00625 0.02734375
0 0.64375 0.4130859375 0.00625 0.021484375
0 0.63125 0.4111328125 0.00625 0.017578125
0 0.61953125 0.404296875 0.0046875 0.01953125
0 0.36171875 0.4140625 0.0203125 0.07421875
0 0.38515625 0.4130859375 0.0265625 0.076171875
0 0.475 0.4033203125 0.00625 0.029296875
0 0.4953125 0.40625 0.00625 0.02734375
0 0.56640625 0.4091796875 0.0078125 0.021484375
0 0.525 0.40625 0.009375 0.0234375
2 0.86953125 0.470703125 0.1265625 0.09375
2 0.5953125 0.40234375 0.015625 0.01171875
2 0.60859375 0.40234375 0.0140625 0.01171875
2 0.2171875 0.4013671875 0.090625 0.064453125
2 0.05546875 0.4091796875 0.1109375 0.091796875
