0 0.20390625 0.548828125 0.0140625 0.0390625
0 0.23515625 0.5498046875 0.0140625 0.041015625
0 0.39921875 0.5400390625 0.0140625 0.037109375
0 0.95078125 0.55078125 0.0140625 0.05078125
0 0.92421875 0.5400390625 0.0140625 0.033203125
0 0.83984375 0.5341796875 0.0109375 0.029296875
0 0.83046875 0.529296875 0.0078125 0.0234375
2 0.928125 0.8134765625 0.14375 0.373046875
2 0.8859375 0.6015625 0.134375 0.11328125
2 0.69765625 0.6240234375 0.1515625 0.146484375
2 0.5875 0.5654296875 0.059375 0.068359375
2 0.56015625 0.59765625 0.0515625 0.08203125
2 0.46796875 0.6259765625 0.1828125 0.185546875
2 0.24453125 0.7412109375 0.3515625 0.341796875
2 0.07109375 0.5478515625 0.0609375 0.033203125
2 0.11875 0.5439453125 0.0375 0.029296875
2 0.23203125 0.541015625 0.0359375 0.03125
2 0.3078125 0.541015625 0.028125 0.02734375
2 0.32890625 0.537109375 0.0171875 0.02734375
2 0.35 0.5341796875 0.028125 0.029296875
