0 0.38828125 0.5537109375 0.0140625 0.033203125
0 0.9625 0.568359375 0.01875 0.0546875
0 0.95625 0.5576171875 0.0125 0.048828125
0 0.8703125 0.552734375 0.015625 0.02734375
0 0.75390625 0.5556640625 0.0078125 0.021484375
0 0.371875 0.5615234375 0.015625 0.060546875
2 0.48359375 0.6484375 0.2015625 0.17578125
2 0.6203125 0.5791015625 0.1 0.107421875
2 0.5359375 0.544921875 0.078125 0.09375
2 0.44453125 0.552734375 0.0859375 0.09765625
2 0.90234375 0.6220703125 0.1484375 0.126953125
2 0.7234375 0.5478515625 0.025 0.029296875
