0 0.24296875 0.4462890625 0.0109375 0.037109375
0 0.2765625 0.4521484375 0.01875 0.052734375
0 0.45625 0.4306640625 0.009375 0.013671875
0 0.2578125 0.4697265625 0.046875 0.099609375
0 0.29921875 0.4638671875 0.0484375 0.103515625
0 0.3546875 0.4638671875 0.034375 0.091796875
0 0.36015625 0.4658203125 0.0421875 0.095703125
0 0.384375 0.44921875 0.025 0.0625
0 0.4078125 0.4658203125 0.028125 0.091796875
0 0.50546875 0.462890625 0.0359375 0.09375
2 0.40625 0.4462890625 0.021875 0.017578125
2 0.4328125 0.4482421875 0.03125 0.033203125
2 0.5203125 0.4482421875 0.14375 0.072265625
2 0.6546875 0.453125 0.0625 0.0546875
2 0.23984375 0.447265625 0.0265625 0.03125
2 0.16328125 0.4873046875 0.0921875 0.107421875
2 0.07734375 0.5 0.1546875 0.15625
2 0.9234375 0.5947265625 0.153125 0.298828125
