0 0.25546875 0.5029296875 0.0140625 0.052734375
0 0.35078125 0.505859375 0.0109375 0.046875
0 0.7 0.515625 0.015625 0.06640625
0 0.7375 0.513671875 0.021875 0.05859375
0 0.71796875 0.509765625 0.0109375 0.0390625
0 0.80390625 0.5009765625 0.0140625 0.048828125
0 0.834375 0.5205078125 0.021875 0.083984375
0 0.85703125 0.5048828125 0.0203125 0.037109375
0 0.95859375 0.51953125 0.0203125 0.078125
0 0.99140625 0.5 0.0171875 0.06640625
0 0.98671875 0.560546875 0.0265625 0.08984375
1 0.26171875 0.5224609375 0.0453125 0.041015625
1 0.62734375 0.541015625 0.0234375 0.04296875
1 0.78828125 0.546875 0.0328125 0.0703125
2 0.42265625 0.5888671875 0.1984375 0.197265625
2 0.49453125 0.5341796875 0.0546875 0.087890625
2 0.5109375 0.5126953125 0.053125 0.068359375
