0 0.06796875 0.490234375 0.0296875 0.12109375
0 0.28203125 0.4697265625 0.0171875 0.048828125
0 0.54140625 0.4736328125 0.0078125 0.048828125
0 0.6078125 0.4755859375 0.021875 0.068359375
0 0.63828125 0.4580078125 0.0171875 0.029296875
0 0.9703125 0.5322265625 0.059375 0.283203125
1 0.209375 0.546875 0.040625 0.125
1 0.2484375 0.49609375 0.028125 0.05078125
1 0.3109375 0.484375 0.01875 0.03515625
1 0.4671875 0.501953125 0.015625 0.046875
1 0.5125 0.5 0.015625 0.05078125
1 0.5609375 0.486328125 0.021875 0.046875
1 0.5875 0.4853515625 0.015625 0.048828125
1 0.74375 0.556640625 0.0625 0.125
1 0.97109375 0.642578125 0.0578125 0.21484375
2 0.37109375 0.4716796875 0.0359375 0.021484375
2 0.43125 0.4697265625 0.0375 0.017578125
2 0.40234375 0.4697265625 0.0171875 0.017578125
2 0.67734375 0.5 0.1078125 0.09765625
0 0.0328125 0.4619140625 0.01875 0.037109375
