0 0.03984375 0.4248046875 0.0265625 0.072265625
0 0.1734375 0.4326171875 0.034375 0.103515625
0 0.2515625 0.42578125 0.01875 0.0625
0 0.27734375 0.421875 0.0234375 0.0625
0 0.3015625 0.41796875 0.009375 0.046875
0 0.975 0.4248046875 0.01875 0.044921875
0 0.85234375 0.412109375 0.0078125 0.0234375
6 0.4515625 0.3857421875 0.059375 0.041015625
6 0.50703125 0.3974609375 0.0578125 0.072265625
2 0.69765625 0.4228515625 0.0453125 0.048828125
2 0.73515625 0.4208984375 0.0453125 0.044921875
2 0.80546875 0.44140625 0.1203125 0.10546875
2 0.90859375 0.439453125 0.1109375 0.09765625
2 0.53203125 0.416015625 0.0203125 0.0234375
2 0.5484375 0.4208984375 0.025 0.037109375
2 0.4953125 0.4287109375 0.046875 0.060546875
2 0.58671875 0.4228515625 0.0671875 0.076171875
2 0.6375 0.4052734375 0.028125 0.017578125
2 0.4375 0.4482421875 0.11875 0.115234375
2 0.63046875 0.501953125 0.1703125 0.1796875
