0 0.221875 0.4423828125 0.03125 0.044921875
0 0.62578125 0.45703125 0.0109375 0.03515625
0 0.64375 0.47265625 0.0125 0.0390625
0 0.35546875 0.435546875 0.0109375 0.01953125
2 0.28828125 0.439453125 0.0921875 0.03515625
2 0.14453125 0.5380859375 0.2203125 0.169921875
2 0.2796875 0.51171875 0.1125 0.11328125
2 0.3359375 0.4990234375 0.05625 0.087890625
2 0.36484375 0.4853515625 0.0796875 0.087890625
2 0.403125 0.478515625 0.040625 0.07421875
2 0.42421875 0.4716796875 0.0328125 0.064453125
2 0.459375 0.4609375 0.040625 0.04296875
2 0.4828125 0.4580078125 0.021875 0.033203125
2 0.48671875 0.451171875 0.0265625 0.02734375
2 0.48984375 0.4482421875 0.0265625 0.029296875
2 0.5046875 0.451171875 0.0125 0.0234375
2 0.515625 0.4462890625 0.0125 0.017578125
2 0.51015625 0.44921875 0.0109375 0.01953125
2 0.90703125 0.5009765625 0.1203125 0.126953125
2 0.8234375 0.5048828125 0.06875 0.083984375
2 0.80625 0.4853515625 0.128125 0.083984375
2 0.76953125 0.484375 0.0765625 0.06640625
2 0.73359375 0.4775390625 0.0609375 0.052734375
2 0.68046875 0.47265625 0.0671875 0.0390625
2 0.6390625 0.4560546875 0.021875 0.025390625
2 0.62109375 0.453125 0.0234375 0.0234375
2 0.59609375 0.455078125 0.0265625 0.03125
2 0.584375 0.453125 0.009375 0.0234375
2 0.5796875 0.4501953125 0.0125 0.017578125
2 0.571875 0.4462890625 0.0125 0.013671875
2 0.525 0.4453125 0.00625 0.01171875
2 0.52890625 0.443359375 0.0078125 0.01171875
14 0.68671875 0.591796875 0.0203125 0.015625
14 0.89453125 0.7138671875 0.0421875 0.029296875
