4 0.18984375 0.4892578125 0.1203125 0.091796875
4 0.51640625 0.5078125 0.0140625 0.0234375
2 0.08515625 0.5263671875 0.0953125 0.041015625
2 0.2140625 0.57421875 0.178125 0.13671875
2 0.44921875 0.576171875 0.1515625 0.1484375
2 0.6453125 0.548828125 0.1 0.09765625
2 0.5734375 0.5185546875 0.046875 0.052734375
2 0.60546875 0.5185546875 0.0203125 0.029296875
2 0.546875 0.5234375 0.0125 0.02734375
2 0.5328125 0.515625 0.021875 0.0234375
2 0.37890625 0.509765625 0.0171875 0.01171875
2 0.321875 0.5068359375 0.03125 0.025390625
