0 0.8140625 0.443359375 0.028125 0.08203125
6 0.34609375 0.4541015625 0.0359375 0.056640625
6 0.55078125 0.423828125 0.1140625 0.15625
2 0.3703125 0.462890625 0.015625 0.03125
2 0.3359375 0.462890625 0.01875 0.04296875
2 0.32265625 0.4609375 0.0171875 0.046875
2 0.3015625 0.4658203125 0.03125 0.060546875
2 0.278125 0.4638671875 0.034375 0.076171875
2 0.23203125 0.4677734375 0.0921875 0.087890625
2 0.40546875 0.4638671875 0.0609375 0.060546875
2 0.45 0.4580078125 0.03125 0.044921875
2 0.46328125 0.4658203125 0.0390625 0.041015625
2 0.490625 0.4677734375 0.021875 0.056640625
2 0.559375 0.458984375 0.078125 0.09765625
2 0.628125 0.466796875 0.13125 0.1171875
