4 0.62421875 0.5478515625 0.0171875 0.025390625
0 0.7984375 0.5849609375 0.021875 0.048828125
0 0.7515625 0.580078125 0.01875 0.05859375
0 0.26328125 0.5615234375 0.0203125 0.072265625
0 0.37578125 0.5556640625 0.0140625 0.048828125
0 0.38984375 0.5595703125 0.0140625 0.044921875
0 0.6734375 0.55859375 0.00625 0.0234375
0 0.6609375 0.5537109375 0.00625 0.017578125
0 0.65390625 0.55078125 0.0046875 0.01953125
0 0.90703125 0.583984375 0.0171875 0.0625
2 0.534375 0.6279296875 0.134375 0.134765625
2 0.48125 0.5849609375 0.0625 0.076171875
2 0.60546875 0.55078125 0.0140625 0.015625
2 0.5953125 0.546875 0.009375 0.01171875
2 0.5875 0.546875 0.009375 0.01171875
