4 0.415625 0.5751953125 0.09375 0.095703125
0 0.98046875 0.60546875 0.0390625 0.08984375
0 0.8515625 0.6005859375 0.01875 0.060546875
0 0.8390625 0.599609375 0.0125 0.0625
0 0.84453125 0.5986328125 0.0109375 0.052734375
0 0.75078125 0.595703125 0.0109375 0.05078125
0 0.6890625 0.583984375 0.009375 0.01953125
0 0.6984375 0.583984375 0.009375 0.01953125
0 0.60703125 0.591796875 0.0109375 0.03125
0 0.58359375 0.5849609375 0.0078125 0.021484375
0 0.59453125 0.587890625 0.0078125 0.0234375
0 0.21953125 0.578125 0.0234375 0.046875
2 0.0484375 0.7021484375 0.096875 0.197265625
2 0.484375 0.615234375 0.103125 0.0859375
