2 0.08671875 0.4306640625 0.1359375 0.072265625
2 0.2140625 0.4521484375 0.140625 0.091796875
2 0.85 0.482421875 0.115625 0.1015625
2 0.81171875 0.466796875 0.1296875 0.09375
2 0.6984375 0.4677734375 0.046875 0.052734375
2 0.53828125 0.4453125 0.0296875 0.02734375
2 0.465625 0.462890625 0.071875 0.0625
2 0.50703125 0.4609375 0.0296875 0.04296875
2 0.52734375 0.4619140625 0.0328125 0.041015625
2 0.6078125 0.455078125 0.025 0.0234375
2 0.621875 0.455078125 0.015625 0.0234375
2 0.62890625 0.4521484375 0.0171875 0.025390625
2 0.63984375 0.4521484375 0.0109375 0.021484375
14 0.6625 0.6025390625 0.021875 0.017578125
14 0.584375 0.5458984375 0.015625 0.009765625
14 0.56484375 0.5205078125 0.0140625 0.009765625
1 0.1671875 0.4658203125 0.0375 0.068359375
