0 0.85546875 0.4833984375 0.0296875 0.111328125
1 0.32421875 0.4970703125 0.0234375 0.037109375
2 0.465625 0.4599609375 0.009375 0.009765625
2 0.45390625 0.4619140625 0.0109375 0.013671875
2 0.43671875 0.4716796875 0.0328125 0.037109375
2 0.48828125 0.478515625 0.0328125 0.03515625
2 0.50859375 0.4697265625 0.0203125 0.025390625
2 0.5234375 0.4765625 0.021875 0.03515625
2 0.54765625 0.4755859375 0.0453125 0.052734375
2 0.578125 0.4853515625 0.05625 0.060546875
2 0.68359375 0.486328125 0.1796875 0.18359375
2 0.36953125 0.48046875 0.0515625 0.0390625
