0 0.68046875 0.47265625 0.0703125 0.20703125
0 0.1921875 0.4716796875 0.021875 0.072265625
0 0.1625 0.4765625 0.028125 0.0703125
0 0.0359375 0.478515625 0.01875 0.0703125
0 0.0046875 0.48828125 0.009375 0.078125
0 0.1203125 0.4775390625 0.025 0.072265625
0 0.0734375 0.46484375 0.015625 0.0625
0 0.08359375 0.4716796875 0.0203125 0.072265625
0 0.096875 0.47265625 0.021875 0.0703125
0 0.10625 0.474609375 0.01875 0.06640625
2 0.50234375 0.4599609375 0.0390625 0.041015625
2 0.4734375 0.453125 0.0125 0.01171875
2 0.43984375 0.455078125 0.0171875 0.01171875
2 0.24609375 0.4697265625 0.0578125 0.052734375
