0 0.04921875 0.5859375 0.0484375 0.1328125
6 0.27265625 0.4892578125 0.3234375 0.111328125
2 0.046875 0.5751953125 0.09375 0.068359375
2 0.12109375 0.572265625 0.0890625 0.0703125
2 0.19765625 0.57421875 0.0890625 0.08984375
2 0.2921875 0.6005859375 0.128125 0.142578125
2 0.44921875 0.7412109375 0.3734375 0.416015625
2 0.7046875 0.62109375 0.153125 0.15625
2 0.55703125 0.53515625 0.0328125 0.0390625
2 0.528125 0.5283203125 0.025 0.021484375
2 0.77109375 0.546875 0.0796875 0.05078125
2 0.61796875 0.5478515625 0.0765625 0.044921875
2 0.440625 0.52734375 0.021875 0.0234375
2 0.453125 0.5224609375 0.01875 0.021484375
2 0.4125 0.529296875 0.040625 0.02734375
