4 0.47734375 0.4375 0.0234375 0.0234375
2 0.459375 0.4560546875 0.009375 0.013671875
2 0.45390625 0.4599609375 0.0109375 0.013671875
2 0.44609375 0.4609375 0.0140625 0.015625
2 0.41015625 0.455078125 0.0078125 0.00390625
2 0.4015625 0.455078125 0.00625 0.00390625
2 0.38046875 0.4560546875 0.0109375 0.009765625
2 0.36328125 0.455078125 0.0109375 0.0078125
2 0.32734375 0.4541015625 0.0171875 0.013671875
2 0.2453125 0.45703125 0.040625 0.0234375
2 0.14765625 0.4619140625 0.0515625 0.021484375
2 0.43046875 0.4638671875 0.0234375 0.029296875
2 0.48203125 0.474609375 0.0453125 0.05078125
