0 0.54609375 0.4638671875 0.0109375 0.029296875
0 0.571875 0.466796875 0.01875 0.05078125
0 0.8015625 0.4716796875 0.028125 0.115234375
0 0.81953125 0.4697265625 0.0296875 0.111328125
0 0.85703125 0.46875 0.0265625 0.11328125
0 0.86171875 0.470703125 0.0265625 0.12109375
0 0.8828125 0.4677734375 0.028125 0.119140625
0 0.10859375 0.455078125 0.0109375 0.015625
0 0.1265625 0.4658203125 0.0125 0.037109375
0 0.14609375 0.4716796875 0.0109375 0.044921875
2 0.38984375 0.462890625 0.0140625 0.015625
2 0.3828125 0.4697265625 0.015625 0.017578125
2 0.36640625 0.470703125 0.0265625 0.03125
2 0.2765625 0.482421875 0.084375 0.08984375
2 0.4 0.46484375 0.015625 0.02734375
2 0.425 0.46875 0.046875 0.05078125
