1 0.028125 0.4873046875 0.05625 0.099609375
1 0.125 0.48828125 0.071875 0.08984375
1 0.21796875 0.490234375 0.0609375 0.078125
1 0.33125 0.478515625 0.05 0.07421875
1 0.303125 0.482421875 0.040625 0.0703125
1 0.390625 0.474609375 0.040625 0.06640625
1 0.43984375 0.46484375 0.0421875 0.0703125
1 0.48515625 0.46484375 0.0359375 0.0546875
1 0.509375 0.458984375 0.0375 0.05859375
1 0.5390625 0.4599609375 0.028125 0.052734375
1 0.57578125 0.4599609375 0.0296875 0.041015625
1 0.60859375 0.4541015625 0.0328125 0.044921875
2 0.18125 0.4267578125 0.234375 0.107421875
2 0.784375 0.4375 0.065625 0.0625
2 0.96953125 0.4296875 0.0609375 0.08203125
2 0.665625 0.4326171875 0.053125 0.033203125
