0 0.16640625 0.505859375 0.0140625 0.0390625
0 0.17890625 0.5048828125 0.0109375 0.037109375
0 0.290625 0.484375 0.00625 0.0234375
0 0.296875 0.484375 0.00625 0.0234375
0 0.30546875 0.4873046875 0.0078125 0.029296875
0 0.72265625 0.474609375 0.0234375 0.06640625
0 0.7453125 0.4755859375 0.01875 0.056640625
0 0.740625 0.4658203125 0.0125 0.033203125
0 0.82734375 0.4755859375 0.0328125 0.068359375
0 0.96015625 0.4873046875 0.0609375 0.138671875
2 0.03828125 0.5390625 0.0765625 0.078125
2 0.11640625 0.5185546875 0.0265625 0.021484375
2 0.259375 0.5078125 0.046875 0.0390625
2 0.40390625 0.509765625 0.0640625 0.05859375
2 0.45078125 0.4990234375 0.0515625 0.048828125
2 0.50078125 0.498046875 0.0359375 0.05078125
2 0.51484375 0.505859375 0.0578125 0.0625
2 0.55 0.482421875 0.034375 0.02734375
2 0.57734375 0.4736328125 0.0234375 0.013671875
2 0.5796875 0.5283203125 0.109375 0.103515625
2 0.64765625 0.505859375 0.0671875 0.0859375
