0 0.25078125 0.4443359375 0.0484375 0.181640625
0 0.2859375 0.4443359375 0.065625 0.185546875
0 0.4234375 0.43359375 0.028125 0.0859375
0 0.43359375 0.4990234375 0.0859375 0.232421875
0 0.7296875 0.4296875 0.009375 0.03515625
0 0.721875 0.4296875 0.009375 0.0390625
0 0.71015625 0.42578125 0.0109375 0.02734375
0 0.628125 0.4150390625 0.00625 0.017578125
0 0.575 0.4091796875 0.003125 0.013671875
2 0.52421875 0.4091796875 0.0140625 0.017578125
2 0.5484375 0.41796875 0.040625 0.05078125
2 0.59765625 0.4150390625 0.0296875 0.033203125
