0 0.79921875 0.4658203125 0.0171875 0.083984375
0 0.7796875 0.462890625 0.025 0.08984375
0 0.48359375 0.4677734375 0.0109375 0.041015625
1 0.5828125 0.4892578125 0.065625 0.056640625
2 0.36015625 0.486328125 0.0546875 0.0546875
2 0.32890625 0.4775390625 0.0234375 0.037109375
2 0.31484375 0.4697265625 0.0140625 0.021484375
2 0.27265625 0.4794921875 0.0453125 0.052734375
2 0.221875 0.5009765625 0.103125 0.099609375
2 0.1609375 0.478515625 0.040625 0.0390625
2 0.1359375 0.48046875 0.015625 0.02734375
2 0.12421875 0.4794921875 0.0171875 0.029296875
2 0.1171875 0.48046875 0.015625 0.02734375
2 0.1078125 0.4833984375 0.015625 0.025390625
2 0.08984375 0.4873046875 0.0328125 0.033203125
2 0.04140625 0.48828125 0.0578125 0.05078125
