0 0.5765625 0.470703125 0.0125 0.04296875
0 0.6140625 0.4541015625 0.00625 0.013671875
0 0.62578125 0.4541015625 0.0078125 0.013671875
0 0.6390625 0.455078125 0.009375 0.01171875
0 0.67421875 0.4560546875 0.0046875 0.021484375
0 0.48515625 0.4619140625 0.0109375 0.037109375
0 0.43046875 0.447265625 0.0078125 0.0234375
0 0.36796875 0.4521484375 0.0109375 0.037109375
0 0.353125 0.451171875 0.009375 0.0390625
0 0.3609375 0.451171875 0.00625 0.03515625
0 0.3359375 0.466796875 0.0125 0.0546875
0 0.46328125 0.4453125 0.0046875 0.015625
0 0.053125 0.48828125 0.034375 0.1015625
0 0.10703125 0.443359375 0.0171875 0.01953125
0 0.14140625 0.4453125 0.0140625 0.015625
0 0.1640625 0.451171875 0.015625 0.0234375
2 0.93984375 0.669921875 0.1203125 0.2265625
2 0.93515625 0.4990234375 0.0671875 0.056640625
2 0.91015625 0.4931640625 0.0734375 0.056640625
2 0.88359375 0.478515625 0.0796875 0.046875
2 0.675 0.51171875 0.090625 0.078125
2 0.63046875 0.494140625 0.0640625 0.06640625
2 0.603125 0.486328125 0.03125 0.0546875
2 0.515625 0.5009765625 0.090625 0.099609375
2 0.55859375 0.4580078125 0.0234375 0.025390625
2 0.5453125 0.451171875 0.0125 0.01171875
2 0.5359375 0.4453125 0.0125 0.01171875
2 0.52421875 0.4443359375 0.0078125 0.009765625
2 0.51640625 0.4453125 0.0078125 0.01171875
2 0.12890625 0.478515625 0.1296875 0.05859375
1 0.44609375 0.4541015625 0.0078125 0.017578125
