0 0.0671875 0.431640625 0.01875 0.03125
0 0.084375 0.4345703125 0.01875 0.025390625
0 0.04296875 0.4423828125 0.0234375 0.044921875
0 0.8546875 0.4755859375 0.05625 0.119140625
0 0.74609375 0.466796875 0.0296875 0.08984375
0 0.8765625 0.4765625 0.05 0.11328125
0 0.98515625 0.4482421875 0.0234375 0.044921875
0 0.50078125 0.4423828125 0.0078125 0.021484375
0 0.53671875 0.458984375 0.0171875 0.05859375
0 0.67890625 0.4501953125 0.0109375 0.033203125
2 0.57265625 0.474609375 0.0640625 0.0625
2 0.54765625 0.4677734375 0.0265625 0.048828125
2 0.5375 0.4638671875 0.025 0.041015625
2 0.5328125 0.4580078125 0.028125 0.037109375
2 0.53046875 0.44921875 0.0296875 0.03515625
2 0.5125 0.4482421875 0.015625 0.021484375
2 0.41796875 0.4736328125 0.0796875 0.076171875
2 0.4671875 0.44140625 0.021875 0.0234375
