2 0.49921875 0.4775390625 0.0421875 0.041015625
2 0.5421875 0.46484375 0.025 0.02734375
2 0.55625 0.4638671875 0.0125 0.021484375
2 0.565625 0.4619140625 0.0125 0.017578125
2 0.59375 0.458984375 0.0125 0.015625
2 0.58046875 0.4521484375 0.0109375 0.013671875
2 0.62734375 0.451171875 0.0078125 0.0078125
2 0.6 0.4501953125 0.00625 0.005859375
2 0.61171875 0.447265625 0.0046875 0.00390625
2 0.6171875 0.4462890625 0.00625 0.005859375
0 0.43828125 0.46875 0.0171875 0.04296875
2 0.57421875 0.4609375 0.0078125 0.015625
2 0.06640625 0.521484375 0.0703125 0.05078125
