0 0.03515625 0.462890625 0.0203125 0.02734375
0 0.06015625 0.4697265625 0.0171875 0.064453125
0 0.08671875 0.4853515625 0.0234375 0.091796875
0 0.10546875 0.4931640625 0.0265625 0.087890625
0 0.11484375 0.4716796875 0.0203125 0.056640625
0 0.20859375 0.4990234375 0.0359375 0.080078125
0 0.21484375 0.4931640625 0.0203125 0.072265625
0 0.25 0.453125 0.0125 0.03515625
0 0.35703125 0.4521484375 0.0109375 0.033203125
0 0.64375 0.48828125 0.03125 0.09375
0 0.8359375 0.4775390625 0.025 0.080078125
0 0.825 0.478515625 0.021875 0.078125
0 0.86171875 0.4951171875 0.0296875 0.126953125
0 0.90546875 0.4970703125 0.0359375 0.111328125
1 0.47734375 0.5556640625 0.1046875 0.115234375
2 0.45703125 0.4404296875 0.0078125 0.009765625
2 0.44140625 0.4375 0.0109375 0.01171875
2 0.4296875 0.4365234375 0.0125 0.013671875
2 0.4796875 0.4375 0.0125 0.015625
2 0.49453125 0.4423828125 0.0265625 0.025390625
2 0.5125 0.453125 0.01875 0.03125
2 0.53203125 0.4609375 0.0359375 0.046875
2 0.55546875 0.474609375 0.0515625 0.05859375
