0 0.47265625 0.4638671875 0.0171875 0.041015625
1 0.35234375 0.4775390625 0.0140625 0.029296875
1 0.571875 0.486328125 0.025 0.05859375
1 0.58671875 0.484375 0.0265625 0.05859375
1 0.60234375 0.4814453125 0.0265625 0.052734375
1 0.6421875 0.4951171875 0.05 0.099609375
1 0.6953125 0.4970703125 0.053125 0.080078125
1 0.7203125 0.5166015625 0.046875 0.099609375
1 0.79296875 0.51171875 0.0859375 0.109375
1 0.88515625 0.5625 0.1046875 0.18359375
1 0.903125 0.5576171875 0.103125 0.193359375
1 0.94609375 0.548828125 0.0828125 0.18359375
1 0.1265625 0.4990234375 0.021875 0.068359375
1 0.153125 0.4990234375 0.034375 0.068359375
1 0.009375 0.5048828125 0.01875 0.080078125
2 0.21875 0.4833984375 0.08125 0.060546875
2 0.284375 0.4765625 0.05 0.04296875
2 0.31328125 0.474609375 0.0203125 0.03515625
2 0.3265625 0.474609375 0.021875 0.03125
2 0.32578125 0.46875 0.0296875 0.03125
2 0.35078125 0.4677734375 0.0234375 0.029296875
