4 0.7859375 0.447265625 0.109375 0.09375
0 0.9796875 0.4580078125 0.021875 0.072265625
0 0.925 0.451171875 0.0125 0.05078125
0 0.90546875 0.4501953125 0.0140625 0.056640625
0 0.88671875 0.4482421875 0.0109375 0.037109375
0 0.87734375 0.44921875 0.0078125 0.03515625
0 0.60546875 0.4619140625 0.0078125 0.017578125
0 0.45 0.48828125 0.015625 0.0390625
0 0.5234375 0.4775390625 0.015625 0.029296875
0 0.3640625 0.50390625 0.025 0.05078125
0 0.27578125 0.5009765625 0.0234375 0.048828125
0 0.25546875 0.5283203125 0.0171875 0.103515625
0 0.1296875 0.529296875 0.040625 0.078125
0 0.01015625 0.529296875 0.0203125 0.07421875
2 0.71328125 0.4541015625 0.0203125 0.021484375
2 0.7296875 0.453125 0.0125 0.02734375
2 0.103125 0.6171875 0.20625 0.203125
