0 0.81328125 0.54296875 0.0546875 0.1953125
1 0.17734375 0.544921875 0.0453125 0.0859375
1 0.21953125 0.55078125 0.0546875 0.078125
1 0.3109375 0.5361328125 0.053125 0.099609375
1 0.42578125 0.5380859375 0.1046875 0.087890625
2 0.615625 0.50390625 0.10625 0.09765625
2 0.703125 0.52734375 0.175 0.1171875
2 0.84375 0.5048828125 0.153125 0.095703125
2 0.92578125 0.49609375 0.1296875 0.09375
2 0.97890625 0.5185546875 0.0421875 0.080078125
0 0.03359375 0.3603515625 0.0140625 0.021484375
0 0.0171875 0.3583984375 0.0125 0.017578125
0 0.09921875 0.56640625 0.0234375 0.02734375
0 0.13984375 0.5498046875 0.0203125 0.021484375
