0 0.87734375 0.439453125 0.0546875 0.1328125
0 0.96875 0.4052734375 0.053125 0.076171875
0 0.9359375 0.4111328125 0.046875 0.087890625
0 0.79609375 0.4677734375 0.0390625 0.154296875
0 0.74921875 0.458984375 0.0171875 0.11328125
0 0.73515625 0.4326171875 0.0296875 0.060546875
0 0.6671875 0.46875 0.028125 0.12890625
0 0.65390625 0.4716796875 0.0234375 0.119140625
0 0.46640625 0.4599609375 0.0140625 0.021484375
2 0.5046875 0.46484375 0.053125 0.0625
2 0.43671875 0.4619140625 0.0234375 0.025390625
2 0.37265625 0.45703125 0.0203125 0.02734375
2 0.38671875 0.458984375 0.0078125 0.01953125
2 0.41640625 0.45703125 0.0234375 0.0234375
2 0.33125 0.458984375 0.021875 0.0234375
2 0.13125 0.50390625 0.184375 0.14453125
2 0.04765625 0.47265625 0.0953125 0.15234375
