0 0.37421875 0.509765625 0.0578125 0.19140625
0 0.33984375 0.5 0.0796875 0.21875
0 0.54375 0.515625 0.1 0.23828125
0 0.62890625 0.5 0.0578125 0.19140625
0 0.6484375 0.5 0.04375 0.203125
0 0.6921875 0.4638671875 0.034375 0.126953125
0 0.72109375 0.4970703125 0.0546875 0.197265625
0 0.75625 0.44921875 0.01875 0.1015625
2 0.8734375 0.458984375 0.171875 0.11328125
2 0.51328125 0.4560546875 0.0109375 0.009765625
2 0.49921875 0.45703125 0.0078125 0.01171875
2 0.490625 0.4560546875 0.009375 0.009765625
2 0.4828125 0.45703125 0.009375 0.01171875
2 0.46875 0.4580078125 0.0125 0.009765625
2 0.275 0.4697265625 0.05625 0.048828125
