4 0.50703125 0.3935546875 0.0265625 0.021484375
0 0.390625 0.4072265625 0.0125 0.041015625
0 0.42578125 0.4072265625 0.0140625 0.037109375
0 0.45 0.40625 0.009375 0.02734375
1 0.36640625 0.416015625 0.0109375 0.0234375
6 0.53203125 0.3994140625 0.0203125 0.013671875
2 0.1484375 0.5185546875 0.296875 0.228515625
2 0.50234375 0.474609375 0.1421875 0.14453125
2 0.928125 0.462890625 0.103125 0.10546875
2 0.7265625 0.4052734375 0.059375 0.072265625
2 0.72109375 0.4326171875 0.0546875 0.072265625
2 0.82109375 0.43359375 0.1390625 0.15625
2 0.58671875 0.416015625 0.0171875 0.015625
2 0.575 0.4150390625 0.0125 0.013671875
2 0.60234375 0.419921875 0.0109375 0.0234375
2 0.6125 0.41796875 0.015625 0.03515625
2 0.63125 0.41796875 0.028125 0.0390625
2 0.65234375 0.423828125 0.0359375 0.0390625
2 0.6703125 0.4306640625 0.03125 0.041015625
2 0.55625 0.4111328125 0.015625 0.017578125
