0 0.03359375 0.607421875 0.0515625 0.1484375
0 0.09140625 0.5556640625 0.0203125 0.041015625
0 0.10859375 0.544921875 0.0140625 0.03125
0 0.1265625 0.5439453125 0.01875 0.029296875
0 0.19609375 0.5556640625 0.0140625 0.025390625
0 0.20859375 0.5537109375 0.0140625 0.025390625
0 0.22734375 0.556640625 0.0109375 0.015625
0 0.28046875 0.55859375 0.0078125 0.015625
0 0.29296875 0.55859375 0.0078125 0.015625
0 0.30234375 0.5625 0.0078125 0.01953125
0 0.3109375 0.5615234375 0.009375 0.017578125
0 0.3265625 0.5625 0.00625 0.0234375
0 0.34296875 0.5625 0.0109375 0.0390625
0 0.54140625 0.5791015625 0.0171875 0.091796875
0 0.553125 0.58984375 0.01875 0.10546875
0 0.61328125 0.5986328125 0.0296875 0.111328125
0 0.5890625 0.5625 0.01875 0.0390625
0 0.58046875 0.5595703125 0.0140625 0.041015625
0 0.65546875 0.5625 0.0140625 0.0390625
0 0.93515625 0.56640625 0.0265625 0.046875
0 0.90546875 0.5537109375 0.0140625 0.048828125
0 0.87265625 0.5576171875 0.0171875 0.044921875
0 0.79375 0.55859375 0.0125 0.03125
0 0.7828125 0.560546875 0.0125 0.02734375
0 0.7171875 0.5859375 0.025 0.09765625
0 0.69453125 0.58984375 0.0234375 0.09375
0 0.6796875 0.564453125 0.0125 0.04296875
0 0.75078125 0.5576171875 0.0109375 0.025390625
0 0.77265625 0.560546875 0.0109375 0.02734375
0 0.66953125 0.552734375 0.0078125 0.03125
0 0.88515625 0.560546875 0.0109375 0.02734375
2 0.12421875 0.6220703125 0.1421875 0.130859375
2 0.24375 0.64453125 0.2 0.1640625
2 0.37109375 0.57421875 0.0609375 0.06640625
2 0.4359375 0.6923828125 0.21875 0.236328125
2 0.47265625 0.568359375 0.0703125 0.01953125
2 0.5140625 0.5703125 0.040625 0.04296875
2 0.56640625 0.5673828125 0.0171875 0.025390625
2 0.6375 0.5693359375 0.021875 0.033203125
