4 0.53046875 0.546875 0.0203125 0.02734375
0 0.81015625 0.5732421875 0.0234375 0.080078125
0 0.78984375 0.5771484375 0.0171875 0.072265625
0 0.76328125 0.5703125 0.0265625 0.06640625
0 0.7453125 0.5712890625 0.0125 0.064453125
0 0.73046875 0.56640625 0.0140625 0.0546875
0 0.69921875 0.5625 0.0109375 0.04296875
0 0.6890625 0.5625 0.009375 0.04296875
0 0.63828125 0.5546875 0.0078125 0.03125
0 0.61953125 0.5478515625 0.0078125 0.021484375
0 0.5765625 0.5498046875 0.00625 0.017578125
0 0.56796875 0.548828125 0.0078125 0.015625
0 0.39765625 0.5517578125 0.0078125 0.021484375
2 0.453125 0.5869140625 0.071875 0.072265625
2 0.41796875 0.564453125 0.0296875 0.03515625
2 0.4515625 0.5458984375 0.015625 0.009765625
2 0.50390625 0.556640625 0.0234375 0.02734375
