0 0.078125 0.421875 0.021875 0.078125
0 0.09921875 0.4248046875 0.0265625 0.080078125
0 0.30078125 0.4140625 0.0140625 0.05078125
0 0.3625 0.4111328125 0.0125 0.048828125
0 0.734375 0.4130859375 0.009375 0.033203125
0 0.3265625 0.4091796875 0.0125 0.048828125
2 0.43359375 0.4228515625 0.0328125 0.017578125
2 0.39453125 0.41796875 0.0390625 0.02734375
2 0.54375 0.431640625 0.078125 0.0859375
2 0.584375 0.416015625 0.028125 0.03125
2 0.634375 0.4189453125 0.05625 0.041015625
2 0.66875 0.4189453125 0.034375 0.037109375
2 0.70234375 0.419921875 0.0453125 0.0390625
2 0.7609375 0.4189453125 0.046875 0.056640625
