0 0.87265625 0.4501953125 0.0140625 0.044921875
0 0.8578125 0.4482421875 0.015625 0.048828125
0 0.68203125 0.470703125 0.0203125 0.06640625
0 0.6078125 0.4658203125 0.015625 0.060546875
2 0.41796875 0.4921875 0.0640625 0.06640625
2 0.3875 0.4755859375 0.028125 0.041015625
2 0.3671875 0.4677734375 0.0125 0.021484375
2 0.31640625 0.486328125 0.0578125 0.0625
2 0.2421875 0.5107421875 0.121875 0.107421875
2 0.01953125 0.501953125 0.0390625 0.05078125
2 0.0515625 0.498046875 0.040625 0.04296875
2 0.07578125 0.4912109375 0.0453125 0.048828125
2 0.1046875 0.4921875 0.021875 0.03515625
2 0.12109375 0.4892578125 0.0265625 0.033203125
2 0.140625 0.4853515625 0.021875 0.037109375
