0 0.9171875 0.5927734375 0.165625 0.423828125
0 0.84453125 0.58203125 0.1390625 0.35546875
1 0.5953125 0.4794921875 0.03125 0.033203125
2 0.503125 0.46875 0.025 0.02734375
2 0.48828125 0.466796875 0.0109375 0.01953125
2 0.48046875 0.46484375 0.0109375 0.015625
2 0.47265625 0.4619140625 0.0109375 0.013671875
2 0.46875 0.455078125 0.009375 0.0078125
2 0.44609375 0.4541015625 0.0078125 0.005859375
2 0.43359375 0.455078125 0.0078125 0.0078125
2 0.4203125 0.4619140625 0.0125 0.013671875
2 0.4046875 0.4658203125 0.0125 0.021484375
2 0.39375 0.4697265625 0.0125 0.021484375
2 0.38515625 0.4697265625 0.0140625 0.021484375
2 0.36953125 0.470703125 0.0234375 0.02734375
2 0.34375 0.47265625 0.03125 0.03515625
2 0.31875 0.4765625 0.025 0.0390625
2 0.2828125 0.4736328125 0.059375 0.056640625
