6 0.46953125 0.4853515625 0.0171875 0.017578125
6 0.61796875 0.4755859375 0.0515625 0.060546875
2 0.346875 0.5107421875 0.04375 0.029296875
2 0.43828125 0.49609375 0.0140625 0.01953125
2 0.4515625 0.509765625 0.028125 0.0390625
2 0.4796875 0.51953125 0.053125 0.0546875
2 0.52890625 0.498046875 0.0265625 0.02734375
2 0.54453125 0.4873046875 0.0109375 0.013671875
2 0.55234375 0.4921875 0.0140625 0.015625
2 0.56640625 0.484375 0.0078125 0.0078125
2 0.5765625 0.490234375 0.015625 0.01953125
2 0.5875 0.4794921875 0.0125 0.013671875
2 0.715625 0.5244140625 0.084375 0.080078125
