0 0.85546875 0.490234375 0.0546875 0.171875
0 0.88671875 0.46875 0.0390625 0.1875
0 0.77890625 0.5029296875 0.0546875 0.169921875
0 0.7765625 0.4375 0.040625 0.078125
0 0.66171875 0.4609375 0.0234375 0.09375
0 0.59140625 0.47265625 0.0328125 0.08984375
2 0.9484375 0.435546875 0.103125 0.140625
2 0.28203125 0.4794921875 0.0734375 0.064453125
2 0.3265625 0.474609375 0.015625 0.02734375
2 0.34296875 0.4736328125 0.0171875 0.021484375
2 0.35625 0.4697265625 0.01875 0.021484375
2 0.3703125 0.466796875 0.0125 0.015625
2 0.3921875 0.458984375 0.015625 0.015625
2 0.40390625 0.4580078125 0.0109375 0.017578125
2 0.42734375 0.455078125 0.0078125 0.0078125
2 0.453125 0.4658203125 0.028125 0.025390625
2 0.44453125 0.4560546875 0.0140625 0.013671875
2 0.4390625 0.447265625 0.00625 0.0078125
