0 0.9625 0.48828125 0.065625 0.15625
0 0.87265625 0.50390625 0.0421875 0.13671875
0 0.8328125 0.4892578125 0.034375 0.091796875
0 0.25234375 0.501953125 0.0078125 0.0234375
0 0.2421875 0.50390625 0.00625 0.0234375
0 0.2328125 0.50390625 0.00625 0.02734375
0 0.18359375 0.51953125 0.0109375 0.03515625
0 0.15625 0.52734375 0.009375 0.03515625
0 0.51484375 0.482421875 0.0078125 0.02734375
0 0.52109375 0.4794921875 0.0078125 0.029296875
0 0.52890625 0.478515625 0.0078125 0.03125
0 0.5453125 0.478515625 0.00625 0.02734375
0 0.459375 0.4833984375 0.00625 0.025390625
0 0.50234375 0.48046875 0.0078125 0.0234375
0 0.43125 0.486328125 0.009375 0.02734375
0 0.425 0.486328125 0.00625 0.01953125
0 0.53515625 0.48046875 0.0078125 0.02734375
0 0.46640625 0.484375 0.0078125 0.02734375
0 0.47421875 0.4833984375 0.0078125 0.025390625
0 0.509375 0.478515625 0.00625 0.02734375
0 0.25546875 0.802734375 0.1640625 0.265625
0 0.6859375 0.4921875 0.015625 0.0546875
0 0.71484375 0.478515625 0.0140625 0.046875
0 0.740625 0.4609375 0.0125 0.03125
1 0.33984375 0.5830078125 0.0546875 0.107421875
2 0.39375 0.498046875 0.0625 0.03125
2 0.5859375 0.5361328125 0.109375 0.107421875
2 0.65234375 0.5107421875 0.0703125 0.083984375
2 0.60390625 0.48046875 0.0328125 0.01171875
2 0.58046875 0.478515625 0.0234375 0.01171875
2 0.64375 0.46484375 0.009375 0.0078125
2 0.11953125 0.53515625 0.0203125 0.015625
