0 0.06953125 0.587890625 0.0265625 0.09765625
0 0.09453125 0.58984375 0.0234375 0.09375
0 0.13671875 0.58984375 0.0296875 0.10546875
0 0.63984375 0.5751953125 0.0140625 0.037109375
0 0.66640625 0.5771484375 0.0109375 0.044921875
0 0.65859375 0.5693359375 0.0140625 0.025390625
0 0.7828125 0.5869140625 0.015625 0.060546875
0 0.33359375 0.55078125 0.0078125 0.01953125
0 0.340625 0.546875 0.009375 0.015625
2 0.44921875 0.537109375 0.0140625 0.015625
2 0.42890625 0.5380859375 0.0140625 0.017578125
2 0.43984375 0.541015625 0.0171875 0.01953125
2 0.40859375 0.580078125 0.0484375 0.05078125
2 0.37890625 0.556640625 0.0234375 0.02734375
2 0.35234375 0.5673828125 0.0359375 0.029296875
2 0.3265625 0.5712890625 0.03125 0.021484375
2 0.29140625 0.5830078125 0.0484375 0.048828125
2 0.33125 0.654296875 0.165625 0.14453125
