0 0.85 0.4541015625 0.009375 0.037109375
0 0.840625 0.455078125 0.009375 0.03515625
0 0.79765625 0.4521484375 0.0078125 0.029296875
0 0.7015625 0.4609375 0.00625 0.04296875
0 0.6953125 0.4619140625 0.0125 0.048828125
0 0.6578125 0.4716796875 0.01875 0.060546875
0 0.63828125 0.47265625 0.0203125 0.06640625
0 0.434375 0.4453125 0.009375 0.02734375
0 0.5140625 0.4697265625 0.015625 0.060546875
0 0.321875 0.453125 0.009375 0.03125
0 0.34765625 0.4638671875 0.0140625 0.048828125
0 0.415625 0.4736328125 0.021875 0.052734375
0 0.184375 0.45703125 0.0125 0.02734375
0 0.2015625 0.45703125 0.009375 0.02734375
0 0.22265625 0.466796875 0.0140625 0.05078125
0 0.23984375 0.4560546875 0.0109375 0.033203125
0 0.353125 0.4794921875 0.028125 0.064453125
1 0.06953125 0.537109375 0.0453125 0.0703125
1 0.1140625 0.533203125 0.05 0.07421875
1 0.14921875 0.564453125 0.0546875 0.0859375
1 0.79765625 0.5205078125 0.0484375 0.091796875
1 0.87734375 0.5478515625 0.0453125 0.080078125
2 0.46484375 0.439453125 0.0140625 0.01171875
2 0.56171875 0.46484375 0.0359375 0.04296875
2 0.54609375 0.4560546875 0.0421875 0.037109375
2 0.5171875 0.4462890625 0.025 0.029296875
2 0.50390625 0.4404296875 0.0078125 0.013671875
