0 0.64453125 0.4560546875 0.0171875 0.044921875
0 0.57421875 0.46484375 0.0140625 0.04296875
0 0.55546875 0.4619140625 0.0171875 0.048828125
0 0.56796875 0.458984375 0.0109375 0.046875
0 0.49921875 0.4599609375 0.0140625 0.052734375
2 0.45859375 0.45703125 0.0671875 0.08203125
2 0.34140625 0.4501953125 0.0203125 0.021484375
2 0.3203125 0.4541015625 0.028125 0.037109375
2 0.30078125 0.4580078125 0.0265625 0.044921875
2 0.25078125 0.458984375 0.0796875 0.0703125
2 0.19375 0.4599609375 0.0375 0.052734375
2 0.14765625 0.4755859375 0.1109375 0.076171875
2 0.05703125 0.46484375 0.0734375 0.0390625
