4 0.45234375 0.4287109375 0.0171875 0.025390625
0 0.5640625 0.443359375 0.009375 0.02734375
0 0.63046875 0.4462890625 0.0140625 0.041015625
2 0.11484375 0.5625 0.2296875 0.37109375
2 0.20234375 0.4560546875 0.1296875 0.123046875
2 0.2703125 0.4609375 0.05 0.08203125
2 0.3359375 0.4599609375 0.053125 0.048828125
2 0.3578125 0.4521484375 0.040625 0.041015625
2 0.39609375 0.4453125 0.0265625 0.0234375
2 0.4171875 0.4375 0.021875 0.01953125
2 0.47109375 0.4306640625 0.0078125 0.009765625
2 0.49765625 0.435546875 0.0140625 0.015625
2 0.51953125 0.443359375 0.0234375 0.0234375
2 0.81328125 0.50390625 0.1578125 0.1484375
2 0.93046875 0.4951171875 0.1390625 0.232421875
