4 0.5609375 0.33203125 0.121875 0.171875
0 0.03046875 0.4228515625 0.0421875 0.111328125
0 0.0078125 0.4228515625 0.015625 0.083984375
0 0.96640625 0.4384765625 0.0203125 0.064453125
0 0.9421875 0.4345703125 0.01875 0.064453125
0 0.78984375 0.4306640625 0.0140625 0.052734375
0 0.90390625 0.4296875 0.0109375 0.05859375
0 0.815625 0.4287109375 0.015625 0.052734375
0 0.8328125 0.416015625 0.009375 0.0234375
0 0.8515625 0.421875 0.015625 0.046875
0 0.77109375 0.4287109375 0.0140625 0.056640625
0 0.740625 0.4228515625 0.0125 0.044921875
0 0.75 0.419921875 0.009375 0.03515625
0 0.76484375 0.421875 0.0078125 0.03125
0 0.7328125 0.41796875 0.009375 0.03125
2 0.26015625 0.546875 0.5015625 0.5078125
2 0.5796875 0.4638671875 0.165625 0.208984375
