0 0.721875 0.4462890625 0.028125 0.068359375
2 0.03828125 0.4873046875 0.0765625 0.166015625
2 0.09375 0.498046875 0.109375 0.109375
2 0.1703125 0.4736328125 0.125 0.103515625
2 0.23203125 0.4658203125 0.0671875 0.080078125
2 0.26640625 0.45703125 0.0609375 0.07421875
2 0.33828125 0.4453125 0.0609375 0.05859375
2 0.36171875 0.4404296875 0.0296875 0.044921875
2 0.41171875 0.4404296875 0.0234375 0.025390625
2 0.4265625 0.43359375 0.015625 0.01953125
2 0.51484375 0.44140625 0.0203125 0.015625
2 0.5015625 0.4375 0.015625 0.015625
2 0.49765625 0.431640625 0.0109375 0.015625
2 0.490625 0.4306640625 0.00625 0.013671875
2 0.93828125 0.4970703125 0.1234375 0.251953125
2 0.4328125 0.4306640625 0.009375 0.013671875
2 0.89453125 0.4658203125 0.1078125 0.083984375
