0 0.59765625 0.4697265625 0.0140625 0.048828125
0 0.63671875 0.4658203125 0.0140625 0.044921875
0 0.65390625 0.470703125 0.0171875 0.0625
0 0.20078125 0.47265625 0.0140625 0.06640625
0 0.25 0.4560546875 0.015625 0.048828125
1 0.06484375 0.5224609375 0.0296875 0.087890625
1 0.11015625 0.51953125 0.0328125 0.09765625
1 0.17890625 0.509765625 0.0234375 0.0703125
1 0.15625 0.501953125 0.028125 0.0625
1 0.23828125 0.4990234375 0.0234375 0.056640625
1 0.22109375 0.501953125 0.0203125 0.05078125
1 0.3109375 0.478515625 0.015625 0.04296875
1 0.48671875 0.5087890625 0.0140625 0.060546875
1 0.546875 0.51171875 0.015625 0.05859375
1 0.6203125 0.4990234375 0.04375 0.044921875
1 0.71328125 0.50390625 0.0578125 0.0859375
1 0.83984375 0.5380859375 0.0734375 0.146484375
1 0.88515625 0.5224609375 0.0609375 0.146484375
1 0.93125 0.5419921875 0.075 0.126953125
1 0.96484375 0.66015625 0.0703125 0.21875
2 0.39609375 0.4755859375 0.0765625 0.029296875
2 0.9359375 0.458984375 0.090625 0.0703125
2 0.4484375 0.4677734375 0.0375 0.021484375
