0 0.2515625 0.4013671875 0.015625 0.041015625
0 0.5953125 0.453125 0.00625 0.0234375
0 0.6046875 0.453125 0.00625 0.0234375
0 0.65234375 0.455078125 0.0046875 0.03125
0 0.659375 0.453125 0.003125 0.0234375
0 0.67421875 0.4521484375 0.0046875 0.017578125
0 0.66640625 0.4541015625 0.0046875 0.025390625
2 0.96953125 0.48046875 0.0453125 0.05859375
2 0.47421875 0.451171875 0.0140625 0.01953125
2 0.275 0.455078125 0.075 0.0703125
2 0.1546875 0.470703125 0.11875 0.09765625
2 0.07109375 0.47265625 0.1421875 0.11328125
2 0.0171875 0.4833984375 0.034375 0.095703125
