0 0.58359375 0.46484375 0.0140625 0.05078125
0 0.57265625 0.4638671875 0.0171875 0.048828125
0 0.5578125 0.466796875 0.0125 0.046875
2 0.11171875 0.4609375 0.0703125 0.046875
2 0.184375 0.4677734375 0.09375 0.076171875
2 0.24140625 0.4658203125 0.0578125 0.060546875
2 0.27890625 0.46875 0.0265625 0.0390625
2 0.296875 0.4638671875 0.03125 0.041015625
2 0.321875 0.4619140625 0.028125 0.029296875
2 0.365625 0.4619140625 0.046875 0.044921875
2 0.3859375 0.4365234375 0.009375 0.009765625
2 0.38046875 0.4482421875 0.0234375 0.029296875
2 0.4046875 0.44140625 0.01875 0.01953125
2 0.40390625 0.4296875 0.0171875 0.01171875
2 0.45703125 0.4443359375 0.0171875 0.017578125
2 0.46484375 0.427734375 0.0140625 0.015625
2 0.49296875 0.41015625 0.0109375 0.01171875
2 0.48359375 0.421875 0.0109375 0.015625
2 0.54609375 0.4541015625 0.0734375 0.037109375
2 0.46640625 0.3857421875 0.0140625 0.013671875
2 0.47578125 0.37890625 0.0109375 0.01171875
2 0.4828125 0.3681640625 0.009375 0.009765625
2 0.7390625 0.4560546875 0.084375 0.041015625
2 0.8140625 0.4541015625 0.15 0.064453125
2 0.94765625 0.4658203125 0.1046875 0.068359375
2 0.9 0.45703125 0.15625 0.06640625
