0 0.71484375 0.45703125 0.0203125 0.05078125
0 0.73046875 0.455078125 0.0140625 0.04296875
0 0.64140625 0.44921875 0.0109375 0.0390625
0 0.3765625 0.455078125 0.01875 0.0703125
0 0.12265625 0.34375 0.0140625 0.0390625
1 0.734375 0.4697265625 0.025 0.052734375
1 0.57109375 0.4560546875 0.0046875 0.017578125
1 0.58359375 0.4580078125 0.0046875 0.013671875
2 0.4859375 0.447265625 0.015625 0.01171875
2 0.44296875 0.4521484375 0.0765625 0.087890625
2 0.38359375 0.453125 0.0453125 0.0390625
2 0.24375 0.49609375 0.253125 0.23046875
0 0.678125 0.4423828125 0.009375 0.037109375
0 0.11953125 0.421875 0.0140625 0.0390625
