0 0.15234375 0.4814453125 0.0109375 0.037109375
0 0.22265625 0.46875 0.0078125 0.0234375
0 0.2359375 0.46484375 0.00625 0.01953125
0 0.24921875 0.46875 0.0078125 0.0234375
0 0.34765625 0.4501953125 0.0046875 0.017578125
0 0.35546875 0.451171875 0.0046875 0.015625
0 0.36015625 0.4501953125 0.0046875 0.017578125
0 0.36875 0.4501953125 0.00625 0.017578125
0 0.3796875 0.4482421875 0.00625 0.017578125
0 0.54375 0.453125 0.009375 0.02734375
1 0.15703125 0.490234375 0.0171875 0.02734375
2 0.45703125 0.498046875 0.1109375 0.12109375
6 0.4765625 0.4326171875 0.021875 0.017578125
