0 0.77109375 0.453125 0.0203125 0.04296875
0 0.678125 0.4638671875 0.021875 0.052734375
0 0.6015625 0.462890625 0.025 0.0703125
0 0.56015625 0.4560546875 0.0109375 0.037109375
0 0.54375 0.470703125 0.021875 0.0625
0 0.5046875 0.453125 0.009375 0.03125
2 0.06328125 0.4873046875 0.1265625 0.099609375
2 0.12890625 0.46875 0.0421875 0.05859375
2 0.19375 0.4658203125 0.1 0.091796875
2 0.253125 0.4716796875 0.046875 0.056640625
2 0.278125 0.4599609375 0.034375 0.037109375
2 0.30078125 0.4580078125 0.0359375 0.037109375
2 0.328125 0.45703125 0.025 0.02734375
2 0.4484375 0.466796875 0.09375 0.1015625
