0 0.71953125 0.58203125 0.0171875 0.08203125
0 0.69375 0.587890625 0.015625 0.09375
0 0.6625 0.5791015625 0.0125 0.072265625
0 0.67265625 0.580078125 0.0140625 0.08203125
0 0.6828125 0.583984375 0.0125 0.08203125
0 0.63359375 0.572265625 0.0109375 0.06640625
0 0.596875 0.560546875 0.0125 0.0390625
0 0.5859375 0.5615234375 0.009375 0.037109375
0 0.578125 0.560546875 0.009375 0.03515625
0 0.384375 0.5751953125 0.015625 0.064453125
0 0.4828125 0.541015625 0.003125 0.015625
0 0.03203125 0.5615234375 0.0171875 0.056640625
0 0.075 0.5595703125 0.01875 0.056640625
0 0.0890625 0.560546875 0.015625 0.05859375
0 0.10234375 0.5615234375 0.0203125 0.052734375
2 0.91640625 0.603515625 0.1578125 0.15234375
2 0.5546875 0.5576171875 0.040625 0.048828125
2 0.5015625 0.546875 0.015625 0.0234375
