0 0.6484375 0.45703125 0.015625 0.0859375
0 0.7015625 0.4609375 0.03125 0.1015625
0 0.728125 0.4619140625 0.028125 0.107421875
0 0.746875 0.4560546875 0.028125 0.095703125
0 0.7828125 0.4560546875 0.015625 0.087890625
0 0.49609375 0.458984375 0.0109375 0.03515625
0 0.515625 0.453125 0.0125 0.03515625
0 0.87890625 0.451171875 0.0296875 0.08203125
0 0.80546875 0.451171875 0.0140625 0.07421875
0 0.8265625 0.4501953125 0.01875 0.072265625
0 0.84140625 0.4521484375 0.0203125 0.076171875
1 0.75625 0.5 0.053125 0.109375
2 0.4453125 0.4658203125 0.028125 0.029296875
2 0.45546875 0.458984375 0.0203125 0.0234375
2 0.4015625 0.458984375 0.01875 0.015625
2 0.3375 0.4619140625 0.03125 0.029296875
