4 0.665625 0.4453125 0.071875 0.0625
0 0.01484375 0.5283203125 0.0296875 0.064453125
0 0.93046875 0.48828125 0.0296875 0.1015625
0 0.96484375 0.4765625 0.0203125 0.07421875
0 0.90625 0.470703125 0.021875 0.08203125
0 0.78203125 0.4716796875 0.0140625 0.060546875
0 0.1921875 0.53125 0.015625 0.0703125
0 0.3390625 0.5185546875 0.021875 0.076171875
0 0.2265625 0.5205078125 0.0125 0.060546875
0 0.38125 0.5087890625 0.015625 0.052734375
0 0.3921875 0.5009765625 0.0125 0.044921875
0 0.4453125 0.494140625 0.0125 0.03515625
0 0.02421875 0.6015625 0.0328125 0.1640625
2 0.66953125 0.5302734375 0.1859375 0.123046875
2 0.54453125 0.4970703125 0.0484375 0.048828125
2 0.52578125 0.48828125 0.0296875 0.03515625
2 0.58515625 0.4853515625 0.0328125 0.033203125
2 0.59453125 0.478515625 0.0234375 0.03125
