0 0.3015625 0.4560546875 0.015625 0.044921875
0 0.315625 0.4599609375 0.015625 0.060546875
0 0.3421875 0.455078125 0.009375 0.04296875
0 0.36953125 0.45703125 0.0078125 0.02734375
0 0.353125 0.4541015625 0.00625 0.021484375
0 0.66328125 0.4677734375 0.0234375 0.072265625
0 0.696875 0.4697265625 0.01875 0.080078125
0 0.70234375 0.470703125 0.0171875 0.07421875
0 0.709375 0.46875 0.0125 0.08203125
0 0.71953125 0.470703125 0.0140625 0.078125
0 0.73359375 0.462890625 0.0171875 0.07421875
0 0.853125 0.5029296875 0.028125 0.107421875
0 0.87109375 0.501953125 0.0203125 0.1015625
0 0.89140625 0.501953125 0.0234375 0.10546875
0 0.909375 0.5048828125 0.021875 0.099609375
1 0.16953125 0.4716796875 0.0484375 0.037109375
1 0.39375 0.4873046875 0.025 0.041015625
2 0.5546875 0.4609375 0.021875 0.0234375
2 0.46796875 0.4541015625 0.0140625 0.013671875
2 0.45 0.4541015625 0.01875 0.021484375
2 0.43828125 0.45703125 0.0234375 0.02734375
