0 0.00703125 0.595703125 0.0140625 0.078125
0 0.128125 0.591796875 0.015625 0.0625
0 0.15859375 0.5849609375 0.0140625 0.048828125
0 0.22890625 0.6025390625 0.0203125 0.087890625
0 0.290625 0.59765625 0.03125 0.0859375
0 0.41796875 0.548828125 0.0046875 0.01953125
0 0.396875 0.548828125 0.00625 0.01953125
0 0.5359375 0.548828125 0.00625 0.01953125
0 0.54296875 0.5498046875 0.0046875 0.017578125
0 0.72734375 0.55078125 0.0046875 0.03125
0 0.73671875 0.548828125 0.0078125 0.03125
0 0.78515625 0.5556640625 0.0109375 0.048828125
0 0.80234375 0.5634765625 0.0140625 0.056640625
0 0.81640625 0.55859375 0.0109375 0.046875
0 0.825 0.556640625 0.009375 0.04296875
0 0.64453125 0.546875 0.0046875 0.01953125
0 0.6484375 0.55078125 0.00625 0.01953125
0 0.66015625 0.548828125 0.0046875 0.015625
0 0.559375 0.5419921875 0.00625 0.017578125
2 0.384375 0.6123046875 0.084375 0.083984375
2 0.478125 0.6923828125 0.225 0.224609375
2 0.5171875 0.5703125 0.040625 0.01953125
2 0.528125 0.552734375 0.01875 0.015625
