0 0.70078125 0.4521484375 0.0171875 0.029296875
0 0.71484375 0.4580078125 0.0140625 0.033203125
0 0.221875 0.466796875 0.01875 0.05078125
0 0.421875 0.4833984375 0.021875 0.083984375
0 0.32890625 0.482421875 0.0390625 0.0859375
0 0.55 0.4609375 0.009375 0.02734375
0 0.05859375 0.4951171875 0.0234375 0.080078125
1 0.93359375 0.564453125 0.1328125 0.265625
1 0.053125 0.5205078125 0.046875 0.060546875
1 0.0265625 0.513671875 0.046875 0.0859375
1 0.6125 0.484375 0.040625 0.0859375
2 0.37890625 0.47265625 0.0484375 0.04296875
2 0.4578125 0.46484375 0.015625 0.015625
2 0.40546875 0.46484375 0.0109375 0.015625
