0 0.8328125 0.478515625 0.05625 0.140625
0 0.82109375 0.4814453125 0.0265625 0.126953125
0 0.4859375 0.53515625 0.146875 0.421875
0 0.2578125 0.453125 0.025 0.0625
0 0.22578125 0.447265625 0.0140625 0.03515625
0 0.0140625 0.435546875 0.028125 0.11328125
1 0.1515625 0.453125 0.04375 0.0390625
1 0.1140625 0.451171875 0.05 0.0390625
1 0.0890625 0.4443359375 0.04375 0.037109375
2 0.93984375 0.51171875 0.1203125 0.12109375
2 0.690625 0.4716796875 0.103125 0.103515625
2 0.6203125 0.4755859375 0.053125 0.052734375
2 0.596875 0.4677734375 0.053125 0.056640625
2 0.56484375 0.4560546875 0.0578125 0.064453125
2 0.51796875 0.4599609375 0.0203125 0.048828125
2 0.4078125 0.45703125 0.025 0.0390625
2 0.3953125 0.462890625 0.021875 0.0390625
2 0.3734375 0.455078125 0.025 0.05859375
2 0.35546875 0.4541015625 0.0453125 0.064453125
2 0.33046875 0.4677734375 0.0703125 0.068359375
