0 0.903125 0.5439453125 0.125 0.416015625
0 0.89453125 0.5302734375 0.1484375 0.384765625
0 0.646875 0.5576171875 0.1375 0.462890625
0 0.61015625 0.5498046875 0.0953125 0.400390625
0 0.325 0.4638671875 0.00625 0.025390625
0 0.31015625 0.4638671875 0.0109375 0.029296875
0 0.296875 0.4638671875 0.0125 0.037109375
0 0.31875 0.46484375 0.00625 0.02734375
0 0.1734375 0.6015625 0.246875 0.578125
0 0.1046875 0.583984375 0.209375 0.5390625
0 0.03203125 0.4814453125 0.0328125 0.099609375
2 0.49921875 0.46875 0.0484375 0.046875
2 0.46171875 0.4619140625 0.0109375 0.013671875
2 0.44609375 0.45703125 0.0203125 0.0234375
2 0.42265625 0.4619140625 0.0171875 0.013671875
2 0.36484375 0.4638671875 0.0234375 0.021484375
2 0.196875 0.4716796875 0.059375 0.060546875
