0 0.56640625 0.4814453125 0.0078125 0.033203125
0 0.57734375 0.4775390625 0.0078125 0.029296875
0 0.58671875 0.4736328125 0.0109375 0.037109375
0 0.553125 0.4814453125 0.00625 0.017578125
0 0.559375 0.48046875 0.00625 0.0234375
0 0.60859375 0.46484375 0.0109375 0.02734375
0 0.890625 0.51953125 0.065625 0.1484375
0 0.95234375 0.5390625 0.0515625 0.1328125
0 0.1359375 0.4755859375 0.0125 0.021484375
0 0.10859375 0.4814453125 0.0140625 0.033203125
0 0.1203125 0.478515625 0.009375 0.0234375
2 0.478125 0.4873046875 0.025 0.029296875
2 0.45078125 0.4833984375 0.0390625 0.044921875
2 0.4046875 0.486328125 0.065625 0.0703125
2 0.32890625 0.484375 0.0453125 0.0390625
2 0.28359375 0.4912109375 0.0421875 0.033203125
2 0.20390625 0.4931640625 0.0890625 0.068359375
2 0.140625 0.490234375 0.05625 0.04296875
2 0.05625 0.4921875 0.1125 0.0546875
2 0.51484375 0.4853515625 0.0265625 0.029296875
2 0.63671875 0.4833984375 0.1046875 0.041015625
