0 0.31484375 0.453125 0.0109375 0.03515625
0 0.92890625 0.4716796875 0.0421875 0.123046875
1 0.70703125 0.482421875 0.0640625 0.08984375
1 0.765625 0.5146484375 0.065625 0.146484375
1 0.81953125 0.48828125 0.0671875 0.15234375
1 0.853125 0.5107421875 0.065625 0.146484375
1 0.92734375 0.5693359375 0.1078125 0.220703125
1 0.97265625 0.537109375 0.0546875 0.1953125
1 0.39296875 0.494140625 0.0359375 0.07421875
1 0.509375 0.576171875 0.096875 0.2109375
1 0.584375 0.47265625 0.01875 0.0625
1 0.63125 0.568359375 0.1 0.25
