0 0.26328125 0.4169921875 0.0453125 0.150390625
0 0.31953125 0.4189453125 0.0515625 0.166015625
0 0.528125 0.3955078125 0.021875 0.064453125
0 0.8515625 0.3916015625 0.0125 0.029296875
0 0.8765625 0.4189453125 0.0125 0.044921875
0 0.9546875 0.4287109375 0.015625 0.048828125
0 0.81640625 0.404296875 0.0078125 0.02734375
2 0.59296875 0.4638671875 0.1421875 0.142578125
2 0.6515625 0.4072265625 0.053125 0.068359375
2 0.70859375 0.396484375 0.0265625 0.03125
2 0.69609375 0.388671875 0.0203125 0.02734375
2 0.7890625 0.412109375 0.028125 0.0390625
2 0.7484375 0.4072265625 0.0125 0.029296875
2 0.775 0.396484375 0.028125 0.03125
