0 0.2953125 0.44921875 0.009375 0.02734375
0 0.30390625 0.4609375 0.0140625 0.046875
0 0.315625 0.4580078125 0.0125 0.044921875
0 0.3421875 0.4609375 0.009375 0.03515625
0 0.35703125 0.462890625 0.0046875 0.0234375
0 0.36953125 0.4677734375 0.0140625 0.041015625
0 0.625 0.4736328125 0.021875 0.068359375
0 0.66015625 0.4755859375 0.0203125 0.068359375
0 0.6671875 0.4580078125 0.0125 0.041015625
0 0.6765625 0.4755859375 0.0125 0.068359375
0 0.6875 0.470703125 0.01875 0.0703125
0 0.79921875 0.505859375 0.0171875 0.0859375
0 0.815625 0.50390625 0.021875 0.08984375
0 0.83046875 0.505859375 0.0203125 0.0859375
1 0.17890625 0.474609375 0.0421875 0.0390625
1 0.39296875 0.490234375 0.0203125 0.03515625
2 0.5296875 0.466796875 0.021875 0.0234375
2 0.44453125 0.4609375 0.0140625 0.015625
2 0.43046875 0.4609375 0.0171875 0.0234375
2 0.4125 0.4580078125 0.01875 0.025390625
1 0.9015625 0.6591796875 0.10625 0.201171875
