0 0.73046875 0.4951171875 0.0203125 0.083984375
0 0.70546875 0.4931640625 0.0171875 0.091796875
0 0.41484375 0.4921875 0.0453125 0.125
0 0.03671875 0.5 0.0265625 0.10546875
2 0.5171875 0.484375 0.04375 0.04296875
2 0.4515625 0.470703125 0.015625 0.01953125
2 0.4703125 0.46875 0.021875 0.015625
2 0.43515625 0.4677734375 0.0078125 0.009765625
2 0.38125 0.4697265625 0.0125 0.021484375
2 0.36484375 0.4716796875 0.0296875 0.029296875
2 0.34140625 0.4775390625 0.0171875 0.029296875
2 0.32265625 0.478515625 0.0328125 0.03125
2 0.28046875 0.482421875 0.0578125 0.04296875
