0 0.03671875 0.53125 0.0734375 0.2265625
0 0.2171875 0.5830078125 0.046875 0.119140625
0 0.2703125 0.5322265625 0.09375 0.212890625
0 0.3875 0.4677734375 0.03125 0.080078125
1 0.08984375 0.501953125 0.0765625 0.0546875
2 0.91484375 0.56640625 0.1703125 0.37890625
2 0.659375 0.59765625 0.45625 0.359375
2 0.33359375 0.46875 0.0828125 0.08984375
2 0.28125 0.4580078125 0.05625 0.076171875
2 0.3890625 0.4580078125 0.0375 0.052734375
2 0.43984375 0.4482421875 0.0171875 0.021484375
2 0.49609375 0.4462890625 0.0203125 0.021484375
2 0.52109375 0.4423828125 0.0296875 0.033203125
2 0.4171875 0.4521484375 0.0125 0.013671875
2 0.47578125 0.4521484375 0.0140625 0.013671875
