0 0.7921875 0.4853515625 0.03125 0.111328125
0 0.8375 0.4873046875 0.025 0.099609375
0 0.36875 0.44921875 0.0125 0.03125
0 0.2625 0.453125 0.0125 0.03125
0 0.25703125 0.494140625 0.0296875 0.07421875
0 0.16640625 0.4951171875 0.0296875 0.080078125
0 0.15 0.484375 0.03125 0.0859375
0 0.01484375 0.4697265625 0.0140625 0.033203125
0 0.03203125 0.4697265625 0.0140625 0.037109375
0 0.0640625 0.4638671875 0.009375 0.025390625
0 0.0953125 0.4716796875 0.021875 0.056640625
0 0.11953125 0.4716796875 0.0171875 0.052734375
1 0.5890625 0.529296875 0.0875 0.0859375
2 0.459375 0.4384765625 0.009375 0.009765625
2 0.44375 0.4375 0.009375 0.01171875
2 0.43359375 0.4384765625 0.0109375 0.013671875
2 0.48203125 0.4375 0.0109375 0.01171875
2 0.48984375 0.439453125 0.0140625 0.01953125
2 0.4984375 0.44140625 0.01875 0.01953125
2 0.51484375 0.451171875 0.0203125 0.03125
2 0.53046875 0.458984375 0.0296875 0.04296875
2 0.553125 0.4716796875 0.046875 0.056640625
