4 0.51328125 0.3681640625 0.0421875 0.048828125
0 0.740625 0.3583984375 0.00625 0.025390625
2 0.3859375 0.3828125 0.03125 0.01171875
2 0.71953125 0.3505859375 0.0109375 0.013671875
2 0.70703125 0.349609375 0.0109375 0.01171875
2 0.6984375 0.345703125 0.009375 0.01171875
2 0.68984375 0.3525390625 0.0109375 0.013671875
2 0.6765625 0.3583984375 0.015625 0.017578125
2 0.65859375 0.365234375 0.0171875 0.01953125
2 0.63828125 0.357421875 0.0203125 0.0234375
2 0.6234375 0.3486328125 0.009375 0.013671875
2 0.60546875 0.3818359375 0.0203125 0.021484375
2 0.60625 0.3515625 0.01875 0.015625
2 0.59375 0.359375 0.0125 0.0078125
2 0.5796875 0.359375 0.009375 0.01171875
2 0.54921875 0.3603515625 0.0140625 0.013671875
2 0.5546875 0.376953125 0.021875 0.0234375
2 0.53671875 0.37109375 0.0140625 0.0234375
2 0.54140625 0.392578125 0.0234375 0.015625
2 0.53671875 0.3974609375 0.0234375 0.005859375
2 0.4953125 0.3935546875 0.028125 0.029296875
2 0.46796875 0.421875 0.0546875 0.05078125
2 0.54921875 0.4599609375 0.1171875 0.119140625
2 0.72890625 0.4111328125 0.0609375 0.056640625
2 0.91953125 0.4365234375 0.1609375 0.173828125
2 0.66953125 0.341796875 0.0078125 0.0078125
