0 0.9828125 0.4287109375 0.01875 0.052734375
0 0.96640625 0.423828125 0.0234375 0.06640625
0 0.73359375 0.45703125 0.0234375 0.10546875
0 0.6828125 0.4638671875 0.015625 0.056640625
0 0.6421875 0.45703125 0.021875 0.0703125
0 0.759375 0.4599609375 0.009375 0.080078125
2 0.4203125 0.4833984375 0.06875 0.072265625
2 0.3828125 0.4677734375 0.034375 0.041015625
2 0.3171875 0.4794921875 0.0625 0.064453125
2 0.2296875 0.50390625 0.134375 0.1171875
2 0.0140625 0.49609375 0.028125 0.0546875
2 0.03828125 0.4892578125 0.0515625 0.052734375
2 0.07265625 0.490234375 0.0296875 0.0390625
2 0.09453125 0.486328125 0.0296875 0.0390625
2 0.1171875 0.4814453125 0.028125 0.037109375
