4 0.33984375 0.4423828125 0.1984375 0.087890625
2 0.07890625 0.4814453125 0.1578125 0.146484375
2 0.159375 0.470703125 0.159375 0.12890625
2 0.2203125 0.4736328125 0.1 0.107421875
2 0.3265625 0.4619140625 0.121875 0.068359375
2 0.2515625 0.4453125 0.04375 0.02734375
2 0.36484375 0.4580078125 0.0796875 0.068359375
2 0.5578125 0.4541015625 0.04375 0.037109375
2 0.5484375 0.4580078125 0.021875 0.029296875
2 0.5234375 0.453125 0.040625 0.0390625
2 0.5109375 0.45703125 0.05 0.0390625
2 0.49453125 0.45703125 0.0328125 0.0390625
2 0.46328125 0.45703125 0.0546875 0.046875
2 0.72421875 0.4736328125 0.0859375 0.111328125
2 0.834375 0.4833984375 0.165625 0.134765625
2 0.85 0.4970703125 0.15 0.126953125
2 0.95546875 0.4736328125 0.0890625 0.298828125
2 0.58359375 0.4501953125 0.0359375 0.037109375
14 0.73203125 0.45703125 0.1828125 0.12109375
