0 0.8 0.46484375 0.0375 0.14453125
0 0.765625 0.4794921875 0.040625 0.134765625
0 0.73046875 0.4736328125 0.0359375 0.142578125
0 0.7046875 0.4814453125 0.0375 0.115234375
0 0.64140625 0.4541015625 0.0203125 0.083984375
0 0.5859375 0.4677734375 0.021875 0.080078125
0 0.0375 0.4833984375 0.015625 0.068359375
0 0.24453125 0.455078125 0.0140625 0.01953125
2 0.8984375 0.4365234375 0.171875 0.119140625
2 0.4546875 0.4638671875 0.021875 0.021484375
2 0.44921875 0.45703125 0.0171875 0.0234375
2 0.428125 0.453125 0.009375 0.0078125
2 0.3 0.4736328125 0.0625 0.052734375
2 0.346875 0.470703125 0.01875 0.01953125
2 0.359375 0.4658203125 0.01875 0.021484375
2 0.37734375 0.4609375 0.0140625 0.01953125
2 0.3859375 0.4580078125 0.0125 0.021484375
2 0.4046875 0.4599609375 0.0125 0.013671875
