4 0.625 0.48828125 0.0375 0.03515625
4 0.65859375 0.4931640625 0.0296875 0.025390625
0 0.978125 0.5361328125 0.04375 0.232421875
0 0.71484375 0.50390625 0.0109375 0.02734375
0 0.6875 0.5126953125 0.021875 0.048828125
2 0.28203125 0.61328125 0.1890625 0.1484375
2 0.6328125 0.548828125 0.08125 0.08984375
2 0.41328125 0.5498046875 0.0609375 0.048828125
2 0.484375 0.53515625 0.046875 0.04296875
2 0.559375 0.5283203125 0.053125 0.041015625
2 0.45 0.52734375 0.025 0.02734375
2 0.51640625 0.51953125 0.0328125 0.02734375
2 0.74453125 0.49609375 0.0171875 0.01953125
2 0.5875 0.5087890625 0.025 0.025390625
2 0.71796875 0.4931640625 0.0265625 0.029296875
