0 0.0421875 0.5234375 0.0375 0.1484375
0 0.0109375 0.5224609375 0.021875 0.142578125
0 0.4328125 0.458984375 0.00625 0.03515625
1 0.39921875 0.5869140625 0.0609375 0.134765625
1 0.46953125 0.4501953125 0.0046875 0.013671875
2 0.278125 0.451171875 0.028125 0.0234375
2 0.32265625 0.4423828125 0.0390625 0.017578125
2 0.31015625 0.4912109375 0.0859375 0.080078125
2 0.35859375 0.4892578125 0.0234375 0.060546875
2 0.36953125 0.466796875 0.0203125 0.01953125
2 0.39140625 0.4541015625 0.0421875 0.041015625
2 0.41953125 0.4658203125 0.0234375 0.044921875
2 0.4453125 0.4541015625 0.021875 0.025390625
2 0.4515625 0.4453125 0.01875 0.0234375
2 0.47109375 0.4423828125 0.0140625 0.017578125
2 0.48046875 0.44140625 0.0109375 0.015625
2 0.63828125 0.5078125 0.0609375 0.09375
2 0.57578125 0.4775390625 0.0328125 0.072265625
2 0.5640625 0.47265625 0.0375 0.0703125
2 0.54453125 0.46484375 0.0234375 0.046875
2 0.53671875 0.455078125 0.0234375 0.03125
2 0.52734375 0.4443359375 0.0171875 0.017578125
14 0.61484375 0.6416015625 0.0203125 0.025390625
14 0.6109375 0.482421875 0.065625 0.1171875
