0 0.8640625 0.482421875 0.028125 0.12890625
0 0.9078125 0.482421875 0.03125 0.12890625
0 0.62109375 0.4697265625 0.0171875 0.033203125
0 0.109375 0.4716796875 0.015625 0.048828125
0 0.13203125 0.48046875 0.0171875 0.05078125
0 0.15390625 0.4794921875 0.0078125 0.037109375
0 0.16875 0.478515625 0.009375 0.04296875
1 0.034375 0.5224609375 0.05625 0.087890625
1 0.25546875 0.501953125 0.0265625 0.05078125
2 0.48046875 0.498046875 0.1203125 0.125
2 0.2109375 0.49609375 0.06875 0.0703125
2 0.32109375 0.4814453125 0.0984375 0.091796875
2 0.38203125 0.4833984375 0.0265625 0.044921875
2 0.3921875 0.4755859375 0.034375 0.044921875
