0 0.59609375 0.5166015625 0.0453125 0.091796875
0 0.5765625 0.513671875 0.04375 0.109375
0 0.54375 0.5107421875 0.046875 0.119140625
0 0.48046875 0.51171875 0.0328125 0.10546875
0 0.2734375 0.5205078125 0.034375 0.115234375
0 0.2015625 0.4677734375 0.015625 0.033203125
0 0.21796875 0.4814453125 0.0140625 0.064453125
0 0.23515625 0.482421875 0.0140625 0.0546875
0 0.253125 0.4814453125 0.015625 0.052734375
0 0.50703125 0.4892578125 0.0046875 0.013671875
2 0.55546875 0.4228515625 0.0078125 0.005859375
2 0.46953125 0.4140625 0.0171875 0.01953125
