0 0.86640625 0.435546875 0.0078125 0.03515625
0 0.8765625 0.439453125 0.009375 0.0390625
0 0.421875 0.4365234375 0.00625 0.017578125
0 0.265625 0.453125 0.0125 0.0390625
0 0.06796875 0.4736328125 0.0265625 0.052734375
1 0.76875 0.4951171875 0.025 0.068359375
1 0.7375 0.494140625 0.021875 0.0546875
1 0.72578125 0.49609375 0.0234375 0.05859375
1 0.78359375 0.47265625 0.0390625 0.02734375
1 0.19375 0.486328125 0.040625 0.04296875
1 0.15859375 0.48828125 0.0203125 0.046875
1 0.109375 0.5009765625 0.0125 0.044921875
2 0.59453125 0.4833984375 0.0640625 0.064453125
2 0.5640625 0.4677734375 0.040625 0.052734375
2 0.5421875 0.4580078125 0.025 0.037109375
2 0.5203125 0.443359375 0.03125 0.03125
2 0.50234375 0.4384765625 0.0140625 0.017578125
2 0.46796875 0.4404296875 0.0078125 0.009765625
2 0.45859375 0.4375 0.0140625 0.015625
2 0.44375 0.4453125 0.028125 0.02734375
2 0.07734375 0.458984375 0.0796875 0.0390625
