0 0.896875 0.5048828125 0.034375 0.111328125
1 0.91171875 0.607421875 0.0546875 0.125
1 0.83515625 0.6123046875 0.0671875 0.138671875
1 0.778125 0.5439453125 0.053125 0.103515625
1 0.8453125 0.4931640625 0.046875 0.037109375
1 0.634375 0.5458984375 0.053125 0.095703125
2 0.6296875 0.4775390625 0.109375 0.060546875
2 0.64296875 0.4384765625 0.0203125 0.017578125
2 0.6640625 0.4384765625 0.021875 0.017578125
2 0.834375 0.4482421875 0.0875 0.052734375
2 0.2234375 0.44921875 0.025 0.01953125
2 0.03359375 0.490234375 0.0671875 0.05078125
