4 0.6421875 0.4677734375 0.0375 0.056640625
4 0.73515625 0.44140625 0.1203125 0.16796875
0 0.05390625 0.5361328125 0.0390625 0.095703125
0 0.125 0.537109375 0.040625 0.078125
0 0.28125 0.4970703125 0.015625 0.025390625
0 0.30859375 0.4970703125 0.0140625 0.029296875
0 0.3203125 0.4990234375 0.015625 0.037109375
0 0.390625 0.4970703125 0.009375 0.025390625
0 0.34765625 0.5009765625 0.0140625 0.033203125
6 0.50703125 0.4716796875 0.0703125 0.083984375
6 0.57109375 0.4658203125 0.0640625 0.087890625
2 0.0515625 0.638671875 0.103125 0.17578125
2 0.1828125 0.5927734375 0.175 0.134765625
2 0.29296875 0.556640625 0.1046875 0.1015625
2 0.44921875 0.5029296875 0.0390625 0.060546875
2 0.465625 0.5 0.0375 0.0546875
2 0.49140625 0.4990234375 0.0359375 0.056640625
2 0.6046875 0.47265625 0.0125 0.015625
2 0.67265625 0.486328125 0.0171875 0.01953125
2 0.61640625 0.484375 0.0203125 0.0234375
