0 0.58984375 0.458984375 0.0109375 0.0390625
0 0.0625 0.5009765625 0.0375 0.123046875
2 0.54375 0.4833984375 0.078125 0.068359375
2 0.48046875 0.4697265625 0.0296875 0.033203125
2 0.475 0.4638671875 0.03125 0.037109375
2 0.45546875 0.4638671875 0.0078125 0.021484375
2 0.45078125 0.458984375 0.0109375 0.015625
2 0.4375 0.4501953125 0.009375 0.013671875
2 0.41484375 0.4599609375 0.0109375 0.013671875
2 0.403125 0.4560546875 0.009375 0.009765625
2 0.3765625 0.46484375 0.0375 0.05078125
2 0.375 0.4755859375 0.01875 0.037109375
2 0.36328125 0.478515625 0.0296875 0.04296875
2 0.3453125 0.478515625 0.028125 0.05859375
2 0.2921875 0.482421875 0.096875 0.1015625
2 0.20859375 0.486328125 0.0859375 0.0859375
14 0.6078125 0.4677734375 0.01875 0.037109375
