0 0.59296875 0.4677734375 0.0359375 0.076171875
6 0.93046875 0.416015625 0.0328125 0.015625
2 0.95234375 0.427734375 0.0484375 0.01953125
2 0.87890625 0.4287109375 0.0453125 0.021484375
2 0.05546875 0.48828125 0.0609375 0.046875
2 0.12109375 0.4755859375 0.0546875 0.056640625
2 0.1828125 0.4736328125 0.0625 0.052734375
2 0.15078125 0.4765625 0.0234375 0.03515625
2 0.2203125 0.470703125 0.028125 0.04296875
2 0.24296875 0.4677734375 0.0328125 0.041015625
2 0.340625 0.4609375 0.015625 0.01171875
2 0.3890625 0.4541015625 0.01875 0.017578125
2 0.40234375 0.451171875 0.0140625 0.015625
2 0.4796875 0.48046875 0.153125 0.171875
14 0.2890625 0.4521484375 0.065625 0.076171875
