0 0.54375 0.4609375 0.009375 0.03125
0 0.31796875 0.4609375 0.0203125 0.0546875
1 0.7765625 0.49609375 0.034375 0.0546875
1 0.7625 0.4970703125 0.028125 0.052734375
2 0.896875 0.515625 0.20625 0.125
2 0.671875 0.486328125 0.078125 0.06640625
2 0.50625 0.4619140625 0.025 0.025390625
2 0.4859375 0.4599609375 0.015625 0.017578125
2 0.47265625 0.45703125 0.0171875 0.015625
2 0.45390625 0.4541015625 0.0140625 0.009765625
2 0.4359375 0.453125 0.0125 0.01171875
2 0.40625 0.4541015625 0.009375 0.009765625
2 0.421875 0.4521484375 0.0125 0.013671875
2 0.37890625 0.4541015625 0.0203125 0.021484375
2 0.2984375 0.4775390625 0.053125 0.083984375
2 0.24296875 0.478515625 0.0921875 0.10546875
2 0.1078125 0.5107421875 0.215625 0.177734375
