0 0.4984375 0.458984375 0.0125 0.03515625
0 0.50703125 0.4599609375 0.0109375 0.029296875
2 0.12578125 0.4609375 0.0484375 0.02734375
2 0.73046875 0.4560546875 0.0609375 0.044921875
2 0.46484375 0.4599609375 0.0421875 0.044921875
2 0.39609375 0.4580078125 0.0421875 0.021484375
2 0.359375 0.458984375 0.0375 0.03515625
2 0.4328125 0.458984375 0.03125 0.03125
2 0.33125 0.4560546875 0.01875 0.021484375
2 0.30234375 0.458984375 0.0265625 0.01953125
2 0.26875 0.478515625 0.065625 0.0546875
2 0.27578125 0.4560546875 0.0390625 0.029296875
