0 0.43984375 0.53515625 0.0109375 0.0390625
0 0.44765625 0.533203125 0.0078125 0.03515625
0 0.21796875 0.5458984375 0.0109375 0.025390625
0 0.28984375 0.5400390625 0.0078125 0.025390625
0 0.31953125 0.53515625 0.0078125 0.01953125
2 0.8640625 0.57421875 0.0625 0.0546875
2 0.9421875 0.5703125 0.115625 0.06640625
2 0.1546875 0.583984375 0.13125 0.06640625
2 0.30703125 0.5546875 0.0390625 0.03515625
2 0.38203125 0.529296875 0.0171875 0.01953125
2 0.496875 0.630859375 0.15 0.16015625
2 0.40078125 0.751953125 0.3171875 0.31640625
