0 0.14765625 0.4990234375 0.0171875 0.056640625
0 0.12578125 0.5009765625 0.0140625 0.048828125
0 0.2953125 0.5009765625 0.0125 0.041015625
0 0.3078125 0.5 0.0125 0.04296875
0 0.58046875 0.5048828125 0.0109375 0.037109375
0 0.5953125 0.5068359375 0.0125 0.044921875
0 0.6140625 0.5009765625 0.0125 0.041015625
0 0.709375 0.5107421875 0.0125 0.048828125
0 0.72421875 0.5 0.0171875 0.0234375
0 0.8765625 0.525390625 0.021875 0.078125
0 0.8984375 0.51953125 0.01875 0.09375
0 0.4296875 0.4921875 0.00625 0.01171875
0 0.434375 0.4921875 0.00625 0.01171875
2 0.06953125 0.5615234375 0.1390625 0.138671875
2 0.53125 0.5 0.015625 0.01953125
2 0.50703125 0.5068359375 0.0296875 0.041015625
2 0.48671875 0.5263671875 0.0671875 0.068359375
