0 0.76484375 0.4453125 0.0265625 0.08984375
0 0.5859375 0.44140625 0.015625 0.03515625
0 0.56953125 0.4384765625 0.0140625 0.033203125
1 0.8359375 0.486328125 0.053125 0.08984375
2 0.50546875 0.462890625 0.0515625 0.046875
2 0.496875 0.447265625 0.04375 0.0546875
2 0.471875 0.44921875 0.01875 0.046875
2 0.45625 0.4501953125 0.01875 0.025390625
2 0.44453125 0.451171875 0.0109375 0.015625
2 0.42421875 0.4521484375 0.0203125 0.021484375
2 0.396875 0.4541015625 0.01875 0.025390625
2 0.3671875 0.453125 0.015625 0.01953125
2 0.35078125 0.4580078125 0.0203125 0.021484375
2 0.3203125 0.4560546875 0.01875 0.041015625
2 0.309375 0.45703125 0.021875 0.046875
2 0.28046875 0.4521484375 0.0578125 0.060546875
2 0.265625 0.4638671875 0.05625 0.052734375
