0 0.8734375 0.57421875 0.021875 0.09375
0 0.85390625 0.5615234375 0.0171875 0.087890625
0 0.4921875 0.5693359375 0.0125 0.048828125
0 0.1375 0.548828125 0.01875 0.01953125
0 0.2859375 0.5537109375 0.009375 0.033203125
0 0.27890625 0.5537109375 0.0078125 0.033203125
0 0.253125 0.5595703125 0.009375 0.037109375
0 0.246875 0.564453125 0.009375 0.03125
0 0.23671875 0.5595703125 0.0109375 0.037109375
0 0.55703125 0.5458984375 0.0109375 0.013671875
0 0.54609375 0.5478515625 0.0109375 0.017578125
0 0.43515625 0.5419921875 0.0078125 0.017578125
0 0.42890625 0.5419921875 0.0046875 0.017578125
0 0.4203125 0.5380859375 0.00625 0.009765625
0 0.48515625 0.5439453125 0.0046875 0.021484375
0 0.47265625 0.5419921875 0.0078125 0.017578125
2 0.15625 0.6103515625 0.1375 0.119140625
2 0.0578125 0.6083984375 0.10625 0.095703125
2 0.59140625 0.6162109375 0.1421875 0.138671875
2 0.459375 0.5390625 0.01875 0.015625
2 0.5234375 0.5478515625 0.025 0.025390625
2 0.51171875 0.5419921875 0.0203125 0.025390625
