0 0.99375 0.5263671875 0.0125 0.103515625
1 0.88515625 0.490234375 0.0765625 0.06640625
1 0.8859375 0.5830078125 0.084375 0.154296875
1 0.76640625 0.537109375 0.0390625 0.08203125
1 0.9765625 0.6943359375 0.046875 0.177734375
1 0.66640625 0.552734375 0.0484375 0.11328125
2 0.6703125 0.435546875 0.01875 0.01953125
2 0.64921875 0.43359375 0.0203125 0.01953125
2 0.11484375 0.4501953125 0.0328125 0.029296875
2 0.1609375 0.4482421875 0.021875 0.017578125
2 0.5765625 0.4833984375 0.128125 0.072265625
2 0.86171875 0.447265625 0.0921875 0.05859375
2 0.91640625 0.44921875 0.0203125 0.03125
