0 0.215625 0.4072265625 0.025 0.056640625
0 0.45 0.4365234375 0.028125 0.087890625
2 0.034375 0.404296875 0.040625 0.04296875
2 0.009375 0.4111328125 0.01875 0.044921875
2 0.11640625 0.3818359375 0.0671875 0.037109375
2 0.1421875 0.39453125 0.0375 0.0390625
2 0.20390625 0.388671875 0.0640625 0.03515625
2 0.190625 0.4755859375 0.103125 0.095703125
2 0.40390625 0.4169921875 0.1140625 0.056640625
2 0.4515625 0.421875 0.128125 0.0546875
2 0.5734375 0.4228515625 0.103125 0.048828125
2 0.671875 0.4248046875 0.11875 0.048828125
