0 0.85703125 0.46875 0.0296875 0.08203125
0 0.91015625 0.470703125 0.0296875 0.08203125
2 0.146875 0.501953125 0.09375 0.06640625
2 0.2625 0.484375 0.040625 0.03515625
2 0.303125 0.4853515625 0.05625 0.048828125
2 0.39765625 0.47265625 0.0265625 0.02734375
2 0.50703125 0.46484375 0.0171875 0.01953125
2 0.49375 0.462890625 0.0125 0.01171875
2 0.48515625 0.4619140625 0.0078125 0.009765625
2 0.47421875 0.4619140625 0.0078125 0.009765625
2 0.44453125 0.4658203125 0.0109375 0.009765625
2 0.0140625 0.498046875 0.034375 0.0390625
2 0.06015625 0.4921875 0.0390625 0.03515625
2 0.10234375 0.4921875 0.0359375 0.03125
