0 0.2671875 0.5634765625 0.015625 0.048828125
0 0.25234375 0.5634765625 0.0140625 0.037109375
0 0.22734375 0.556640625 0.0109375 0.03515625
0 0.98984375 0.5673828125 0.0203125 0.103515625
0 0.97421875 0.57421875 0.0234375 0.09375
0 0.9546875 0.5751953125 0.025 0.099609375
2 0.2203125 0.6171875 0.121875 0.09375
2 0.35390625 0.5751953125 0.0578125 0.060546875
2 0.4390625 0.560546875 0.04375 0.046875
2 0.43984375 0.529296875 0.0296875 0.02734375
2 0.47734375 0.5283203125 0.0234375 0.025390625
2 0.48984375 0.51953125 0.0171875 0.01953125
2 0.52421875 0.5771484375 0.0546875 0.064453125
2 0.51953125 0.5380859375 0.0328125 0.013671875
2 0.55859375 0.517578125 0.0203125 0.01953125
2 0.028125 0.8046875 0.05625 0.2421875
