0 0.38046875 0.5029296875 0.0046875 0.017578125
0 0.45 0.50390625 0.015625 0.0390625
0 0.4609375 0.50390625 0.0125 0.0390625
2 0.525 0.5029296875 0.00625 0.005859375
2 0.51328125 0.5068359375 0.0140625 0.017578125
2 0.4765625 0.5068359375 0.0125 0.013671875
2 0.43125 0.5068359375 0.0125 0.017578125
2 0.41875 0.5068359375 0.015625 0.021484375
2 0.40546875 0.5068359375 0.0265625 0.021484375
2 0.453125 0.4873046875 0.03125 0.041015625
2 0.575 0.513671875 0.05625 0.0625
2 0.690625 0.5732421875 0.15625 0.150390625
2 0.18515625 0.5078125 0.0359375 0.03515625
