0 0.40703125 0.45703125 0.0421875 0.15234375
0 0.28984375 0.4560546875 0.0234375 0.068359375
0 0.21328125 0.458984375 0.0515625 0.12109375
0 0.1625 0.4521484375 0.05625 0.138671875
0 0.0765625 0.435546875 0.03125 0.1171875
0 0.0578125 0.4326171875 0.034375 0.126953125
0 0.009375 0.4462890625 0.01875 0.130859375
1 0.11640625 0.4453125 0.0546875 0.046875
2 0.94921875 0.5205078125 0.1015625 0.107421875
2 0.68828125 0.4716796875 0.1078125 0.103515625
2 0.58203125 0.4609375 0.1046875 0.1015625
2 0.49453125 0.4638671875 0.0703125 0.037109375
2 0.37421875 0.4560546875 0.0234375 0.060546875
2 0.35 0.4580078125 0.053125 0.072265625
2 0.33046875 0.466796875 0.0734375 0.0703125
