0 0.2921875 0.4931640625 0.0125 0.029296875
0 0.40546875 0.4873046875 0.0046875 0.013671875
0 0.6421875 0.5126953125 0.01875 0.060546875
0 0.60625 0.4912109375 0.00625 0.017578125
0 0.88671875 0.509765625 0.0296875 0.0546875
0 0.82109375 0.517578125 0.0234375 0.0859375
0 0.79140625 0.5302734375 0.0234375 0.060546875
0 0.85703125 0.5048828125 0.0296875 0.072265625
0 0.6859375 0.505859375 0.009375 0.03125
0 0.66796875 0.5068359375 0.0078125 0.025390625
0 0.6765625 0.5048828125 0.009375 0.029296875
1 0.57421875 0.529296875 0.0203125 0.0390625
2 0.35625 0.521484375 0.08125 0.0703125
2 0.415625 0.5048828125 0.028125 0.033203125
2 0.5078125 0.5146484375 0.05625 0.072265625
2 0.49921875 0.5283203125 0.0578125 0.080078125
2 0.465625 0.548828125 0.115625 0.11328125
