4 0.62265625 0.4931640625 0.0609375 0.072265625
0 0.090625 0.5556640625 0.01875 0.044921875
0 0.13046875 0.544921875 0.0140625 0.04296875
0 0.17578125 0.544921875 0.0140625 0.04296875
0 0.76796875 0.5078125 0.0109375 0.0390625
2 0.32578125 0.5205078125 0.0421875 0.025390625
2 0.51953125 0.5458984375 0.0609375 0.064453125
2 0.6109375 0.5537109375 0.0875 0.087890625
2 0.5265625 0.509765625 0.034375 0.02734375
2 0.74375 0.513671875 0.04375 0.0390625
2 0.7203125 0.5146484375 0.021875 0.037109375
2 0.80078125 0.5244140625 0.0484375 0.048828125
