0 0.37421875 0.4794921875 0.0078125 0.017578125
0 0.42109375 0.486328125 0.0046875 0.01953125
0 0.73828125 0.5224609375 0.0234375 0.103515625
0 0.7015625 0.5224609375 0.025 0.095703125
0 0.728125 0.5205078125 0.01875 0.095703125
0 0.65390625 0.4853515625 0.0140625 0.021484375
0 0.68046875 0.4892578125 0.0140625 0.029296875
0 0.1109375 0.48828125 0.015625 0.06640625
0 0.29921875 0.482421875 0.0078125 0.0234375
2 0.4953125 0.5205078125 0.0625 0.064453125
2 0.521875 0.5078125 0.025 0.03515625
2 0.5546875 0.49609375 0.028125 0.03125
2 0.5375 0.4892578125 0.0125 0.013671875
