0 0.64296875 0.41796875 0.0078125 0.01953125
1 0.6171875 0.515625 0.04375 0.09375
2 0.434375 0.458984375 0.021875 0.02734375
2 0.42265625 0.45703125 0.0109375 0.0234375
2 0.396875 0.4580078125 0.01875 0.021484375
2 0.38515625 0.45703125 0.0109375 0.01953125
2 0.36875 0.4580078125 0.015625 0.025390625
2 0.35390625 0.4599609375 0.0203125 0.025390625
14 0.32265625 0.447265625 0.0296875 0.04296875
2 0.284375 0.462890625 0.015625 0.01953125
2 0.26640625 0.4658203125 0.0203125 0.021484375
2 0.24296875 0.4677734375 0.0171875 0.025390625
2 0.22890625 0.46875 0.0203125 0.0234375
2 0.20625 0.46484375 0.021875 0.03125
2 0.1140625 0.5185546875 0.228125 0.197265625
