0 0.10703125 0.4423828125 0.0109375 0.029296875
0 0.18125 0.458984375 0.01875 0.06640625
0 0.19765625 0.462890625 0.0140625 0.05859375
0 0.42578125 0.46484375 0.0234375 0.0546875
0 0.4109375 0.4638671875 0.021875 0.056640625
2 0.321875 0.4697265625 0.034375 0.033203125
2 0.28515625 0.4736328125 0.0515625 0.044921875
2 0.44140625 0.46875 0.0265625 0.01953125
2 0.46640625 0.4638671875 0.0234375 0.041015625
2 0.4875 0.4619140625 0.034375 0.037109375
2 0.496875 0.4794921875 0.04375 0.037109375
2 0.35546875 0.4658203125 0.0390625 0.021484375
2 0.6984375 0.4462890625 0.05 0.013671875
2 0.75859375 0.44140625 0.0703125 0.02734375
