0 0.5578125 0.4599609375 0.0125 0.037109375
0 0.978125 0.5703125 0.04375 0.17578125
1 0.30390625 0.466796875 0.0296875 0.02734375
1 0.2125 0.4697265625 0.028125 0.029296875
1 0.18984375 0.470703125 0.0265625 0.0390625
1 0.63359375 0.515625 0.0390625 0.08203125
1 0.78828125 0.5029296875 0.0453125 0.068359375
1 0.5796875 0.5888671875 0.0625 0.115234375
2 0.03203125 0.46484375 0.0609375 0.04296875
2 0.084375 0.4677734375 0.0625 0.044921875
2 0.9515625 0.462890625 0.021875 0.0390625
2 0.934375 0.4609375 0.021875 0.03125
2 0.90859375 0.4619140625 0.0328125 0.044921875
2 0.88125 0.46484375 0.028125 0.03515625
2 0.85625 0.46875 0.0375 0.0390625
2 0.81328125 0.47265625 0.0484375 0.046875
2 0.97421875 0.720703125 0.0515625 0.1484375
