6 0.6796875 0.4853515625 0.08125 0.115234375
6 0.8609375 0.5 0.278125 1.0
2 0.03046875 0.5234375 0.0609375 0.0625
2 0.08671875 0.5234375 0.0859375 0.06640625
2 0.16484375 0.51171875 0.0546875 0.046875
2 0.24296875 0.51171875 0.0671875 0.06640625
2 0.29140625 0.5 0.0296875 0.04296875
2 0.334375 0.50390625 0.034375 0.03125
2 0.39453125 0.4970703125 0.0296875 0.025390625
2 0.465625 0.541015625 0.096875 0.09375
2 0.50234375 0.5185546875 0.0578125 0.068359375
2 0.559375 0.5029296875 0.028125 0.037109375
2 0.57734375 0.49609375 0.0171875 0.0234375
2 0.525 0.4921875 0.015625 0.01953125
2 0.6140625 0.5322265625 0.075 0.076171875
2 0.41328125 0.4921875 0.0140625 0.015625
2 0.3546875 0.4931640625 0.025 0.033203125
2 0.43359375 0.4912109375 0.0109375 0.009765625
