0 0.184375 0.5673828125 0.025 0.064453125
0 0.19921875 0.5625 0.0109375 0.0546875
2 0.16328125 0.5712890625 0.0703125 0.056640625
2 0.3234375 0.5634765625 0.053125 0.037109375
2 0.45390625 0.546875 0.0203125 0.0234375
2 0.4859375 0.5458984375 0.021875 0.021484375
2 0.46953125 0.544921875 0.0140625 0.01953125
2 0.36796875 0.5498046875 0.0140625 0.021484375
2 0.41484375 0.5439453125 0.0109375 0.013671875
2 0.384375 0.546875 0.021875 0.01953125
2 0.3515625 0.5517578125 0.028125 0.033203125
2 0.0203125 0.595703125 0.040625 0.08203125
