4 0.49375 0.4990234375 0.09375 0.138671875
0 0.60234375 0.546875 0.0234375 0.1015625
0 0.61875 0.5478515625 0.021875 0.099609375
0 0.7671875 0.52734375 0.015625 0.03125
0 0.65625 0.5146484375 0.01875 0.048828125
0 0.83046875 0.53125 0.0234375 0.03515625
0 0.8859375 0.525390625 0.0125 0.046875
0 0.95 0.5400390625 0.01875 0.044921875
0 0.95703125 0.5341796875 0.0140625 0.041015625
2 0.14609375 0.5234375 0.1328125 0.16796875
2 0.26015625 0.52734375 0.0546875 0.05078125
2 0.3296875 0.5361328125 0.071875 0.076171875
