0 0.90390625 0.4677734375 0.0359375 0.142578125
0 0.87265625 0.4765625 0.0328125 0.1328125
0 0.8296875 0.478515625 0.0375 0.140625
0 0.78125 0.490234375 0.0375 0.1484375
0 0.74453125 0.478515625 0.0265625 0.1171875
0 0.7078125 0.4619140625 0.021875 0.083984375
0 0.725 0.44140625 0.0125 0.03125
0 0.68125 0.490234375 0.028125 0.12109375
0 0.65859375 0.4892578125 0.0359375 0.130859375
0 0.55703125 0.4658203125 0.0140625 0.044921875
0 0.48359375 0.4658203125 0.0109375 0.025390625
0 0.0078125 0.4638671875 0.015625 0.060546875
0 0.01796875 0.466796875 0.0140625 0.05078125
1 0.0171875 0.4892578125 0.034375 0.044921875
1 0.02265625 0.486328125 0.0453125 0.046875
2 0.41484375 0.4697265625 0.0296875 0.029296875
2 0.39765625 0.466796875 0.0109375 0.015625
2 0.38203125 0.466796875 0.0203125 0.0234375
2 0.3703125 0.4697265625 0.028125 0.025390625
2 0.28984375 0.4755859375 0.0265625 0.056640625
2 0.26015625 0.4765625 0.0609375 0.07421875
2 0.190625 0.4853515625 0.096875 0.087890625
