0 0.234375 0.4140625 0.028125 0.08203125
0 0.8671875 0.455078125 0.009375 0.03515625
1 0.175 0.4453125 0.05 0.1015625
2 0.64140625 0.44140625 0.0765625 0.0859375
2 0.6890625 0.453125 0.021875 0.03515625
2 0.75625 0.4501953125 0.028125 0.041015625
2 0.7015625 0.4501953125 0.009375 0.013671875
2 0.77578125 0.4541015625 0.0109375 0.029296875
2 0.7984375 0.45703125 0.034375 0.0390625
2 0.84375 0.4697265625 0.059375 0.064453125
2 0.5234375 0.453125 0.040625 0.03515625
2 0.56875 0.4462890625 0.028125 0.029296875
2 0.59609375 0.451171875 0.0265625 0.03515625
2 0.95703125 0.4765625 0.0859375 0.05859375
2 0.91328125 0.46875 0.0546875 0.0546875
2 0.71171875 0.4462890625 0.0140625 0.017578125
