0 0.775 0.5322265625 0.025 0.119140625
0 0.7625 0.5283203125 0.025 0.115234375
0 0.73125 0.53125 0.03125 0.109375
0 0.67265625 0.490234375 0.0109375 0.01953125
0 0.6515625 0.490234375 0.009375 0.0234375
0 0.14375 0.4931640625 0.01875 0.064453125
0 0.334375 0.482421875 0.009375 0.015625
0 0.371875 0.482421875 0.009375 0.01953125
0 0.42109375 0.4892578125 0.0078125 0.021484375
0 0.28984375 0.4814453125 0.0078125 0.021484375
0 0.4328125 0.4853515625 0.00625 0.013671875
2 0.5578125 0.5 0.028125 0.03125
2 0.51640625 0.5126953125 0.0453125 0.044921875
2 0.540625 0.48828125 0.009375 0.01171875
