0 0.1984375 0.4990234375 0.015625 0.021484375
0 0.01171875 0.498046875 0.0171875 0.0234375
0 0.571875 0.501953125 0.009375 0.0390625
0 0.69140625 0.5087890625 0.0234375 0.037109375
0 0.72265625 0.505859375 0.0203125 0.04296875
0 0.76171875 0.5078125 0.0234375 0.05078125
0 0.90859375 0.4423828125 0.0140625 0.037109375
2 0.53515625 0.50390625 0.0359375 0.03515625
2 0.54609375 0.513671875 0.0421875 0.04296875
2 0.7171875 0.6416015625 0.259375 0.228515625
2 0.43671875 0.6015625 0.1703125 0.16796875
2 0.0890625 0.5419921875 0.090625 0.072265625
2 0.13125 0.5263671875 0.071875 0.064453125
2 0.20078125 0.529296875 0.0734375 0.0390625
2 0.23203125 0.5126953125 0.0515625 0.029296875
2 0.275 0.5009765625 0.034375 0.025390625
2 0.31328125 0.5029296875 0.0234375 0.021484375
2 0.021875 0.54296875 0.04375 0.0703125
