0 0.77109375 0.4580078125 0.0296875 0.095703125
0 0.690625 0.4228515625 0.009375 0.041015625
0 0.61953125 0.4091796875 0.0078125 0.025390625
0 0.61015625 0.408203125 0.0078125 0.0234375
0 0.60234375 0.4091796875 0.0078125 0.025390625
0 0.45703125 0.3935546875 0.0078125 0.025390625
0 0.471875 0.39453125 0.00625 0.0234375
0 0.56640625 0.4052734375 0.0171875 0.060546875
2 0.98359375 0.5068359375 0.0328125 0.193359375
2 0.91875 0.48828125 0.1375 0.15234375
2 0.8234375 0.46875 0.090625 0.09765625
2 0.74453125 0.4462890625 0.0765625 0.087890625
2 0.50078125 0.4140625 0.0578125 0.0703125
2 0.40390625 0.416015625 0.0765625 0.08984375
2 0.346875 0.4462890625 0.078125 0.107421875
2 0.2625 0.4609375 0.178125 0.15234375
2 0.09453125 0.587890625 0.1890625 0.37890625
