2 0.21796875 0.6474609375 0.2921875 0.240234375
2 0.065625 0.5927734375 0.13125 0.130859375
2 0.12578125 0.533203125 0.1109375 0.04296875
2 0.26640625 0.5166015625 0.0703125 0.041015625
2 0.328125 0.5126953125 0.071875 0.044921875
2 0.4828125 0.5205078125 0.09375 0.095703125
2 0.7234375 0.5009765625 0.078125 0.072265625
2 0.77734375 0.4658203125 0.0765625 0.091796875
2 0.6109375 0.5009765625 0.059375 0.060546875
2 0.5375 0.4951171875 0.028125 0.044921875
2 0.375 0.5048828125 0.034375 0.037109375
2 0.42109375 0.5029296875 0.0484375 0.056640625
2 0.39765625 0.490234375 0.0203125 0.01953125
2 0.6765625 0.4853515625 0.040625 0.044921875
2 0.625 0.4794921875 0.034375 0.033203125
2 0.65234375 0.466796875 0.0171875 0.01953125
2 0.51953125 0.474609375 0.0203125 0.01953125
2 0.6046875 0.4658203125 0.015625 0.013671875
2 0.7 0.458984375 0.0125 0.01171875
2 0.5828125 0.4599609375 0.00625 0.005859375
2 0.721875 0.4580078125 0.015625 0.013671875
2 0.9859375 0.47265625 0.028125 0.05859375
2 0.96328125 0.4658203125 0.0671875 0.068359375
2 0.91953125 0.46484375 0.0390625 0.0625
2 0.63828125 0.4560546875 0.0109375 0.013671875
