0 0.6109375 0.5 0.0125 0.04296875
0 0.55390625 0.4736328125 0.0046875 0.013671875
0 0.37734375 0.478515625 0.0109375 0.01953125
0 0.7375 0.494140625 0.0125 0.03125
0 0.64375 0.5 0.0125 0.0390625
0 0.66796875 0.5078125 0.0140625 0.046875
0 0.6734375 0.5009765625 0.009375 0.041015625
0 0.65234375 0.498046875 0.0109375 0.0390625
0 0.65703125 0.494140625 0.0078125 0.03515625
0 0.63046875 0.494140625 0.0109375 0.03515625
1 0.58828125 0.5498046875 0.0234375 0.052734375
2 0.0546875 0.5771484375 0.109375 0.314453125
2 0.48046875 0.546875 0.1265625 0.12109375
2 0.4421875 0.494140625 0.040625 0.04296875
2 0.5 0.4794921875 0.015625 0.013671875
2 0.51171875 0.4755859375 0.0140625 0.013671875
2 0.4953125 0.470703125 0.015625 0.01171875
2 0.475 0.478515625 0.01875 0.015625
2 0.53359375 0.4697265625 0.0078125 0.005859375
