4 0.75 0.44921875 0.15 0.1875
2 0.1109375 0.75 0.221875 0.3828125
2 0.49375 0.5087890625 0.0375 0.044921875
2 0.4390625 0.5390625 0.11875 0.125
2 0.3296875 0.59375 0.234375 0.17578125
2 0.60234375 0.62890625 0.2984375 0.31640625
2 0.64140625 0.48828125 0.1484375 0.0703125
2 0.796875 0.53125 0.109375 0.1015625
2 0.85703125 0.4990234375 0.0328125 0.056640625
2 0.884375 0.5068359375 0.059375 0.072265625
2 0.93046875 0.5107421875 0.0828125 0.087890625
2 0.971875 0.5146484375 0.05625 0.091796875
2 0.990625 0.5380859375 0.01875 0.072265625
