0 0.46484375 0.451171875 0.0078125 0.03125
0 0.52890625 0.4404296875 0.0046875 0.017578125
0 0.2890625 0.451171875 0.0125 0.03515625
2 0.63515625 0.439453125 0.0296875 0.02734375
2 0.65625 0.4453125 0.04375 0.0234375
2 0.67890625 0.44921875 0.0515625 0.03125
2 0.7609375 0.470703125 0.084375 0.04296875
2 0.57421875 0.4384765625 0.0140625 0.017578125
2 0.6046875 0.4384765625 0.028125 0.017578125
2 0.9578125 0.4775390625 0.084375 0.044921875
2 0.85234375 0.5087890625 0.1484375 0.103515625
2 0.51171875 0.4345703125 0.0078125 0.009765625
2 0.4875 0.4384765625 0.009375 0.017578125
2 0.4796875 0.44140625 0.009375 0.015625
2 0.47109375 0.44140625 0.0109375 0.015625
2 0.4578125 0.4443359375 0.0125 0.017578125
2 0.44765625 0.4501953125 0.0234375 0.029296875
2 0.43359375 0.4580078125 0.0234375 0.033203125
2 0.415625 0.4638671875 0.0375 0.044921875
2 0.40859375 0.47265625 0.0265625 0.04296875
2 0.3734375 0.4736328125 0.05625 0.064453125
2 0.36484375 0.490234375 0.0390625 0.0625
2 0.34296875 0.494140625 0.0421875 0.06640625
2 0.3 0.515625 0.10625 0.09375
2 0.18984375 0.556640625 0.1296875 0.13671875
2 0.08203125 0.603515625 0.1640625 0.19140625
2 0.57890625 0.4658203125 0.0359375 0.037109375
2 0.61953125 0.4912109375 0.0703125 0.068359375
2 0.6828125 0.5283203125 0.1125 0.107421875
2 0.53671875 0.44140625 0.0109375 0.015625
2 0.5265625 0.4345703125 0.009375 0.009765625
2 0.546875 0.4384765625 0.009375 0.017578125
