0 0.0859375 0.47265625 0.01875 0.06640625
0 0.15 0.462890625 0.0125 0.03515625
0 0.1609375 0.4619140625 0.009375 0.033203125
0 0.3890625 0.462890625 0.009375 0.03125
0 0.4421875 0.4580078125 0.009375 0.021484375
0 0.7515625 0.4638671875 0.025 0.091796875
0 0.8578125 0.4736328125 0.053125 0.126953125
0 0.9234375 0.45703125 0.05 0.11328125
1 0.25390625 0.474609375 0.0109375 0.01953125
1 0.178125 0.4873046875 0.01875 0.041015625
1 0.18828125 0.490234375 0.0171875 0.046875
1 0.1109375 0.5068359375 0.034375 0.068359375
1 0.32421875 0.48046875 0.0140625 0.02734375
1 0.35859375 0.4873046875 0.0265625 0.048828125
1 0.40078125 0.4873046875 0.0234375 0.052734375
1 0.55859375 0.5322265625 0.0484375 0.103515625
1 0.70625 0.580078125 0.084375 0.16015625
1 0.83671875 0.5263671875 0.0703125 0.107421875
2 0.30625 0.4638671875 0.059375 0.021484375
2 0.425 0.4755859375 0.040625 0.048828125
2 0.490625 0.4833984375 0.075 0.076171875
2 0.553125 0.4970703125 0.096875 0.091796875
2 0.63515625 0.5068359375 0.1078125 0.099609375
2 0.925 0.5693359375 0.15 0.216796875
