0 0.684375 0.5537109375 0.0125 0.033203125
0 0.615625 0.5595703125 0.0125 0.033203125
0 0.06640625 0.544921875 0.0078125 0.0234375
0 0.05859375 0.5517578125 0.0140625 0.033203125
0 0.24140625 0.546875 0.0109375 0.01953125
0 0.59765625 0.5615234375 0.0046875 0.013671875
2 0.48046875 0.56640625 0.0359375 0.04296875
2 0.5125 0.58203125 0.05 0.0546875
2 0.54375 0.6240234375 0.1125 0.111328125
2 0.2171875 0.587890625 0.08125 0.0625
2 0.21875 0.5498046875 0.040625 0.025390625
2 0.38359375 0.5615234375 0.0234375 0.025390625
2 0.36328125 0.5625 0.0234375 0.0234375
2 0.33828125 0.568359375 0.0328125 0.03515625
2 0.37890625 0.62109375 0.1203125 0.09765625
