0 0.35234375 0.4345703125 0.0203125 0.080078125
0 0.40234375 0.44140625 0.0234375 0.0703125
0 0.62421875 0.4345703125 0.0109375 0.029296875
1 0.59609375 0.4345703125 0.0078125 0.013671875
2 0.46953125 0.4384765625 0.0484375 0.048828125
2 0.4796875 0.4267578125 0.046875 0.048828125
2 0.5171875 0.419921875 0.021875 0.01953125
2 0.54921875 0.421875 0.0203125 0.01953125
2 0.62890625 0.4365234375 0.0203125 0.029296875
2 0.64296875 0.4375 0.0203125 0.03125
2 0.65859375 0.4501953125 0.0265625 0.056640625
2 0.71484375 0.4501953125 0.0953125 0.087890625
2 0.50390625 0.41796875 0.0109375 0.015625
