0 0.13359375 0.5029296875 0.0078125 0.052734375
0 0.3734375 0.5 0.00625 0.0234375
0 0.43046875 0.501953125 0.0171875 0.0390625
0 0.44140625 0.501953125 0.0140625 0.04296875
2 0.525 0.5009765625 0.00625 0.005859375
2 0.51328125 0.50390625 0.0140625 0.01953125
2 0.4765625 0.5048828125 0.0125 0.013671875
2 0.4171875 0.5048828125 0.01875 0.025390625
2 0.3984375 0.5087890625 0.021875 0.025390625
2 0.5828125 0.51171875 0.0625 0.06640625
2 0.4515625 0.4892578125 0.03125 0.056640625
2 0.69609375 0.57421875 0.1640625 0.15625
