4 0.57734375 0.5224609375 0.0296875 0.033203125
4 0.53671875 0.5166015625 0.0234375 0.013671875
0 0.11171875 0.5419921875 0.0109375 0.017578125
0 0.2078125 0.548828125 0.00625 0.0234375
0 0.140625 0.5478515625 0.00625 0.017578125
0 0.134375 0.5458984375 0.00625 0.021484375
0 0.9765625 0.5302734375 0.0125 0.017578125
0 0.959375 0.533203125 0.009375 0.01953125
1 0.98046875 0.62109375 0.0390625 0.078125
2 0.021875 0.5966796875 0.04375 0.138671875
2 0.09296875 0.587890625 0.0984375 0.0859375
2 0.16640625 0.576171875 0.0578125 0.046875
2 0.2296875 0.572265625 0.06875 0.0546875
2 0.271875 0.564453125 0.03125 0.03515625
2 0.31015625 0.560546875 0.0453125 0.046875
2 0.3515625 0.5654296875 0.05625 0.064453125
2 0.4015625 0.5859375 0.078125 0.08203125
2 0.45859375 0.556640625 0.0484375 0.0546875
2 0.53046875 0.5693359375 0.0765625 0.091796875
2 0.59140625 0.5625 0.0453125 0.046875
2 0.66640625 0.5615234375 0.0546875 0.052734375
