0 0.590625 0.4462890625 0.0125 0.033203125
0 0.315625 0.46484375 0.0125 0.0546875
0 0.30390625 0.4658203125 0.0140625 0.048828125
0 0.23046875 0.4638671875 0.0171875 0.056640625
0 0.0171875 0.44921875 0.025 0.046875
1 0.7734375 0.49609375 0.021875 0.08203125
1 0.7515625 0.482421875 0.040625 0.08203125
1 0.68671875 0.4833984375 0.0328125 0.068359375
1 0.63828125 0.4912109375 0.0359375 0.072265625
1 0.2609375 0.490234375 0.025 0.0703125
1 0.0203125 0.5068359375 0.0375 0.087890625
1 0.071875 0.4873046875 0.034375 0.068359375
1 0.10390625 0.4892578125 0.0421875 0.064453125
2 0.47421875 0.49609375 0.1328125 0.125
