4 0.22265625 0.4560546875 0.3609375 0.185546875
0 0.01015625 0.515625 0.0203125 0.17578125
0 0.55625 0.4697265625 0.00625 0.017578125
0 0.41796875 0.453125 0.0078125 0.02734375
6 0.70390625 0.4658203125 0.0265625 0.041015625
2 0.584375 0.490234375 0.08125 0.08203125
2 0.93984375 0.5927734375 0.1203125 0.279296875
2 0.91796875 0.484375 0.1640625 0.1484375
2 0.7875 0.48828125 0.059375 0.046875
2 0.71796875 0.4755859375 0.0234375 0.025390625
2 0.65 0.4755859375 0.01875 0.013671875
2 0.7546875 0.4833984375 0.01875 0.037109375
2 0.74765625 0.4775390625 0.0296875 0.037109375
2 0.6671875 0.474609375 0.01875 0.015625
2 0.684375 0.4765625 0.0125 0.01171875
