2 0.240625 0.482421875 0.2625 0.14453125
2 0.0828125 0.4912109375 0.084375 0.103515625
2 0.034375 0.4833984375 0.06875 0.087890625
2 0.54296875 0.486328125 0.1078125 0.06640625
2 0.928125 0.5009765625 0.109375 0.076171875
2 0.9828125 0.4990234375 0.034375 0.083984375
2 0.85859375 0.4990234375 0.0953125 0.072265625
2 0.78125 0.4990234375 0.071875 0.052734375
2 0.76640625 0.4716796875 0.0640625 0.021484375
2 0.66640625 0.47265625 0.0765625 0.0234375
2 0.61640625 0.4931640625 0.0734375 0.044921875
2 0.41875 0.4638671875 0.140625 0.064453125
