2 0.95234375 0.5400390625 0.0953125 0.279296875
2 0.73984375 0.509765625 0.1453125 0.10546875
2 0.65859375 0.4912109375 0.0859375 0.080078125
2 0.54140625 0.4658203125 0.0390625 0.041015625
2 0.5203125 0.4658203125 0.015625 0.037109375
2 0.4734375 0.4658203125 0.021875 0.025390625
2 0.40390625 0.4609375 0.0171875 0.0234375
2 0.39453125 0.46484375 0.0171875 0.0234375
2 0.3796875 0.4658203125 0.025 0.029296875
2 0.37265625 0.4697265625 0.0203125 0.025390625
2 0.34375 0.46484375 0.040625 0.046875
2 0.32265625 0.47265625 0.0390625 0.0390625
2 0.20078125 0.4716796875 0.1109375 0.099609375
