0 0.87734375 0.4482421875 0.0296875 0.044921875
0 0.8515625 0.4521484375 0.021875 0.041015625
0 0.76875 0.48046875 0.01875 0.0625
0 0.72890625 0.4736328125 0.0234375 0.076171875
0 0.71171875 0.4755859375 0.0171875 0.068359375
0 0.70234375 0.4755859375 0.0203125 0.068359375
0 0.68203125 0.4716796875 0.0203125 0.072265625
0 0.115625 0.482421875 0.01875 0.06640625
0 0.0984375 0.482421875 0.0125 0.05859375
0 0.08671875 0.48046875 0.0140625 0.0625
0 0.0703125 0.4775390625 0.01875 0.068359375
0 0.14453125 0.466796875 0.0140625 0.03515625
0 0.0453125 0.4951171875 0.025 0.095703125
0 0.02265625 0.4921875 0.0328125 0.109375
0 0.00546875 0.4794921875 0.0109375 0.068359375
2 0.4265625 0.5126953125 0.265625 0.298828125
