0 0.025 0.51171875 0.05 0.1796875
0 0.046875 0.509765625 0.0375 0.17578125
0 0.4484375 0.4892578125 0.071875 0.181640625
0 0.54609375 0.484375 0.0484375 0.16015625
0 0.60546875 0.486328125 0.0390625 0.171875
0 0.63515625 0.4833984375 0.0546875 0.166015625
2 0.84296875 0.4697265625 0.0578125 0.056640625
2 0.4796875 0.455078125 0.009375 0.01171875
2 0.50234375 0.4609375 0.0390625 0.0390625
2 0.4625 0.45703125 0.009375 0.0078125
2 0.40859375 0.462890625 0.0484375 0.05859375
2 0.24453125 0.4658203125 0.0546875 0.044921875
