0 0.76171875 0.48828125 0.0109375 0.03125
0 0.69765625 0.4892578125 0.0078125 0.029296875
0 0.6515625 0.4833984375 0.0125 0.025390625
0 0.62578125 0.4931640625 0.0109375 0.033203125
0 0.61171875 0.4912109375 0.0109375 0.033203125
0 0.59921875 0.4921875 0.0109375 0.03125
0 0.553125 0.484375 0.00625 0.015625
0 0.54453125 0.4873046875 0.0078125 0.021484375
0 0.08203125 0.5068359375 0.0203125 0.080078125
0 0.065625 0.498046875 0.034375 0.0859375
0 0.371875 0.4833984375 0.009375 0.025390625
1 0.58203125 0.5361328125 0.0234375 0.048828125
2 0.5265625 0.482421875 0.00625 0.0078125
2 0.46796875 0.5322265625 0.1109375 0.115234375
