0 0.0515625 0.54296875 0.0125 0.04296875
0 0.07109375 0.5478515625 0.0171875 0.025390625
0 0.08359375 0.5419921875 0.0109375 0.037109375
0 0.19140625 0.560546875 0.0078125 0.01953125
0 0.2078125 0.556640625 0.0125 0.01953125
0 0.278125 0.5556640625 0.009375 0.013671875
0 0.3640625 0.564453125 0.009375 0.03515625
0 0.3546875 0.5693359375 0.009375 0.029296875
0 0.3171875 0.5615234375 0.00625 0.021484375
0 0.3109375 0.560546875 0.00625 0.015625
0 0.303125 0.5634765625 0.00625 0.009765625
0 0.33046875 0.560546875 0.0078125 0.01953125
0 0.34453125 0.56640625 0.0078125 0.03125
0 0.5515625 0.5751953125 0.03125 0.087890625
0 0.59609375 0.5615234375 0.0203125 0.048828125
0 0.6328125 0.60546875 0.03125 0.12109375
0 0.66953125 0.5634765625 0.0140625 0.044921875
0 0.72265625 0.59375 0.0296875 0.10546875
0 0.75 0.5888671875 0.025 0.103515625
0 0.6875 0.55859375 0.009375 0.04296875
0 0.69609375 0.5634765625 0.0109375 0.044921875
0 0.7078125 0.5654296875 0.0125 0.044921875
0 0.78515625 0.5615234375 0.0109375 0.025390625
0 0.7984375 0.5615234375 0.009375 0.025390625
0 0.94765625 0.556640625 0.0203125 0.0546875
0 0.92109375 0.5576171875 0.0296875 0.048828125
0 0.96875 0.564453125 0.015625 0.03515625
0 0.99375 0.5625 0.0125 0.0625
0 0.475 0.54296875 0.015625 0.03515625
0 0.6125 0.5634765625 0.00625 0.025390625
2 0.08984375 0.6318359375 0.1796875 0.150390625
2 0.24921875 0.640625 0.1984375 0.16015625
2 0.45234375 0.6943359375 0.2265625 0.251953125
2 0.40703125 0.5634765625 0.0546875 0.052734375
2 0.47578125 0.5654296875 0.0859375 0.021484375
