0 0.48828125 0.453125 0.0046875 0.01171875
0 0.46328125 0.462890625 0.0109375 0.03125
0 0.440625 0.4619140625 0.00625 0.025390625
0 0.434375 0.458984375 0.00625 0.0234375
0 0.42890625 0.458984375 0.0078125 0.0234375
0 0.38671875 0.4658203125 0.0078125 0.033203125
0 0.38125 0.4658203125 0.00625 0.029296875
0 0.37265625 0.462890625 0.0078125 0.03125
0 0.45234375 0.4541015625 0.0046875 0.009765625
2 0.728125 0.5361328125 0.115625 0.099609375
2 0.6796875 0.51953125 0.06875 0.08203125
2 0.64921875 0.4970703125 0.0671875 0.076171875
2 0.61171875 0.486328125 0.0359375 0.046875
2 0.6 0.482421875 0.021875 0.0390625
2 0.59375 0.4794921875 0.01875 0.037109375
2 0.590625 0.4716796875 0.0375 0.041015625
2 0.56328125 0.466796875 0.0234375 0.0234375
2 0.5546875 0.4638671875 0.0125 0.021484375
2 0.5453125 0.4638671875 0.009375 0.017578125
2 0.53515625 0.4599609375 0.0109375 0.009765625
2 0.534375 0.4521484375 0.009375 0.005859375
2 0.51015625 0.462890625 0.0234375 0.0234375
2 0.725 0.46875 0.025 0.01953125
