2 0.35703125 0.44140625 0.0203125 0.02734375
2 0.33359375 0.4423828125 0.0328125 0.033203125
2 0.309375 0.4462890625 0.028125 0.044921875
2 0.2828125 0.44921875 0.05 0.046875
2 0.15390625 0.44921875 0.0828125 0.109375
2 0.07109375 0.4521484375 0.1421875 0.134765625
2 0.0125 0.4853515625 0.025 0.095703125
2 0.490625 0.4423828125 0.025 0.033203125
2 0.5109375 0.443359375 0.025 0.04296875
2 0.5234375 0.4453125 0.028125 0.04296875
2 0.53828125 0.447265625 0.0296875 0.0546875
2 0.5953125 0.443359375 0.115625 0.11328125
2 0.684375 0.486328125 0.075 0.12109375
2 0.85078125 0.44921875 0.2984375 0.3828125
14 0.375 0.51953125 0.028125 0.01171875
