0 0.96015625 0.498046875 0.0421875 0.08203125
0 0.42890625 0.455078125 0.0171875 0.05078125
0 0.2125 0.4296875 0.00625 0.01953125
2 0.6734375 0.4365234375 0.028125 0.033203125
2 0.68359375 0.44140625 0.0328125 0.03125
2 0.7171875 0.4384765625 0.015625 0.033203125
2 0.73671875 0.4404296875 0.0421875 0.041015625
2 0.77734375 0.439453125 0.0421875 0.0390625
2 0.82578125 0.439453125 0.0296875 0.03125
2 0.42265625 0.41796875 0.0140625 0.015625
2 0.440625 0.4169921875 0.009375 0.009765625
2 0.4640625 0.4189453125 0.0125 0.013671875
2 0.484375 0.4228515625 0.0125 0.013671875
2 0.4796875 0.4189453125 0.00625 0.009765625
2 0.4734375 0.4169921875 0.00625 0.009765625
2 0.52578125 0.4609375 0.1296875 0.06640625
2 0.31953125 0.4267578125 0.0203125 0.021484375
2 0.3703125 0.4248046875 0.01875 0.017578125
2 0.403125 0.41796875 0.009375 0.015625
2 0.26640625 0.4521484375 0.0484375 0.041015625
2 0.09453125 0.474609375 0.1546875 0.0703125
2 0.04140625 0.4619140625 0.0609375 0.041015625
2 0.46640625 0.53125 0.1296875 0.1171875
