0 0.9546875 0.5009765625 0.040625 0.126953125
0 0.878125 0.50390625 0.046875 0.14453125
0 0.98984375 0.4736328125 0.0203125 0.134765625
0 0.53515625 0.4619140625 0.0078125 0.021484375
2 0.06015625 0.5791015625 0.1203125 0.275390625
2 0.4984375 0.4892578125 0.0375 0.037109375
2 0.49140625 0.4794921875 0.0359375 0.041015625
2 0.47578125 0.46875 0.0265625 0.03125
2 0.46484375 0.4580078125 0.0234375 0.025390625
2 0.46015625 0.44921875 0.0171875 0.01953125
2 0.4328125 0.4306640625 0.009375 0.009765625
2 0.40234375 0.435546875 0.0109375 0.01171875
2 0.3921875 0.4423828125 0.015625 0.017578125
2 0.38359375 0.453125 0.0109375 0.01953125
2 0.371875 0.4580078125 0.01875 0.021484375
2 0.36484375 0.466796875 0.0171875 0.03125
2 0.34296875 0.47265625 0.0296875 0.0390625
2 0.33125 0.4833984375 0.034375 0.033203125
0 0.16484375 0.5048828125 0.0171875 0.041015625
