0 0.09921875 0.509765625 0.0390625 0.10546875
0 0.06796875 0.5244140625 0.0265625 0.064453125
0 0.0578125 0.4990234375 0.03125 0.095703125
0 0.2453125 0.4794921875 0.021875 0.052734375
0 0.271875 0.4677734375 0.009375 0.041015625
0 0.39375 0.4736328125 0.0125 0.052734375
2 0.84375 0.5380859375 0.3125 0.275390625
2 0.68984375 0.5146484375 0.1171875 0.162109375
2 0.62890625 0.5029296875 0.0828125 0.123046875
2 0.515625 0.51171875 0.134375 0.1015625
2 0.55546875 0.46875 0.0328125 0.03515625
2 0.06796875 0.5078125 0.1359375 0.06640625
2 0.33125 0.470703125 0.046875 0.05078125
2 0.3703125 0.474609375 0.040625 0.046875
2 0.41171875 0.47265625 0.0328125 0.03515625
2 0.4265625 0.466796875 0.0125 0.015625
2 0.471875 0.462890625 0.028125 0.01953125
2 0.4375 0.4619140625 0.0125 0.013671875
