0 0.49375 0.4853515625 0.021875 0.076171875
2 0.85 0.53515625 0.3 0.30078125
2 0.0265625 0.5341796875 0.053125 0.130859375
2 0.05625 0.4775390625 0.103125 0.044921875
2 0.08515625 0.4697265625 0.1140625 0.052734375
2 0.28828125 0.478515625 0.0859375 0.0625
2 0.36328125 0.4755859375 0.0234375 0.021484375
2 0.4015625 0.4765625 0.021875 0.0234375
2 0.43984375 0.4775390625 0.0359375 0.037109375
2 0.53359375 0.48046875 0.0484375 0.0546875
2 0.4796875 0.4765625 0.01875 0.03515625
2 0.46796875 0.4765625 0.0109375 0.015625
2 0.5078125 0.4755859375 0.021875 0.048828125
2 0.15 0.470703125 0.06875 0.046875
