0 0.7203125 0.6103515625 0.1 0.306640625
0 0.7703125 0.6328125 0.071875 0.30078125
0 0.334375 0.5 0.009375 0.03125
2 0.67578125 0.5234375 0.0453125 0.05859375
2 0.62578125 0.513671875 0.0484375 0.04296875
2 0.35625 0.5107421875 0.025 0.021484375
2 0.41015625 0.4873046875 0.0828125 0.119140625
2 0.46171875 0.509765625 0.0265625 0.0390625
2 0.484375 0.505859375 0.01875 0.02734375
2 0.4953125 0.4931640625 0.00625 0.009765625
2 0.50625 0.4931640625 0.00625 0.005859375
2 0.54453125 0.5029296875 0.0109375 0.013671875
2 0.5359375 0.4951171875 0.009375 0.013671875
