0 0.0234375 0.595703125 0.025 0.078125
0 0.12890625 0.5810546875 0.0140625 0.033203125
0 0.16796875 0.59375 0.0171875 0.0625
0 0.19140625 0.5771484375 0.0140625 0.041015625
0 0.24609375 0.5751953125 0.0140625 0.025390625
0 0.26484375 0.5732421875 0.0109375 0.029296875
0 0.27734375 0.5771484375 0.0140625 0.029296875
0 0.30390625 0.576171875 0.0140625 0.02734375
0 0.31875 0.572265625 0.0125 0.02734375
0 0.3609375 0.568359375 0.009375 0.0234375
0 0.3703125 0.5732421875 0.009375 0.025390625
0 0.4328125 0.5625 0.00625 0.015625
0 0.5 0.568359375 0.009375 0.01953125
0 0.590625 0.57421875 0.009375 0.03125
0 0.58125 0.5751953125 0.009375 0.029296875
0 0.62265625 0.57421875 0.0109375 0.02734375
0 0.609375 0.5771484375 0.0125 0.029296875
0 0.85859375 0.6240234375 0.0296875 0.091796875
0 0.87109375 0.623046875 0.0359375 0.09765625
2 0.53671875 0.615234375 0.0890625 0.109375
2 0.48046875 0.5654296875 0.0171875 0.017578125
2 0.41875 0.5732421875 0.01875 0.021484375
