1 0.6453125 0.4638671875 0.109375 0.068359375
1 0.83984375 0.45703125 0.0828125 0.06640625
6 0.6125 0.4140625 0.071875 0.07421875
2 0.3203125 0.44921875 0.084375 0.0703125
2 0.321875 0.4130859375 0.06875 0.037109375
2 0.36484375 0.431640625 0.0234375 0.05078125
2 0.37890625 0.4287109375 0.0265625 0.048828125
2 0.390625 0.39453125 0.0125 0.015625
2 0.41875 0.3525390625 0.00625 0.005859375
2 0.42265625 0.373046875 0.0109375 0.01171875
2 0.42578125 0.3984375 0.0140625 0.015625
2 0.44375 0.3984375 0.0125 0.015625
2 0.45 0.40625 0.015625 0.01953125
2 0.45390625 0.4111328125 0.0171875 0.021484375
2 0.46015625 0.4267578125 0.0171875 0.025390625
2 0.4828125 0.4287109375 0.04375 0.044921875
