0 0.48828125 0.4501953125 0.0078125 0.044921875
0 0.47578125 0.4609375 0.0234375 0.0859375
0 0.26171875 0.4580078125 0.0171875 0.048828125
0 0.1609375 0.4658203125 0.015625 0.048828125
0 0.03515625 0.4658203125 0.0171875 0.060546875
0 0.9109375 0.5634765625 0.178125 0.873046875
2 0.33046875 0.4580078125 0.0171875 0.013671875
2 0.3125 0.4599609375 0.015625 0.013671875
2 0.3734375 0.4609375 0.015625 0.0234375
2 0.40078125 0.4677734375 0.0484375 0.048828125
2 0.08125 0.4697265625 0.075 0.060546875
