1 0.690625 0.5615234375 0.0625 0.142578125
2 0.43671875 0.474609375 0.0265625 0.03125
2 0.42265625 0.470703125 0.0109375 0.0234375
2 0.39921875 0.4736328125 0.0203125 0.021484375
2 0.34453125 0.4765625 0.0265625 0.02734375
2 0.359375 0.4755859375 0.0125 0.021484375
2 0.36953125 0.47265625 0.0140625 0.01953125
2 0.38046875 0.47265625 0.0109375 0.01953125
2 0.2203125 0.486328125 0.025 0.02734375
2 0.20390625 0.4873046875 0.0234375 0.025390625
2 0.1828125 0.490234375 0.034375 0.03515625
2 0.1453125 0.48828125 0.046875 0.046875
2 0.11171875 0.4951171875 0.0453125 0.044921875
2 0.07578125 0.58203125 0.1515625 0.2890625
14 0.2671875 0.466796875 0.0625 0.06640625
