0 0.603125 0.4560546875 0.00625 0.021484375
0 0.5984375 0.46484375 0.009375 0.03125
0 0.6125 0.4619140625 0.009375 0.033203125
0 0.621875 0.46484375 0.00625 0.02734375
0 0.62890625 0.46484375 0.0078125 0.03125
0 0.64375 0.4609375 0.0125 0.03515625
0 0.82265625 0.4931640625 0.0328125 0.119140625
0 0.4984375 0.4560546875 0.003125 0.013671875
0 0.48125 0.4560546875 0.00625 0.017578125
2 0.53515625 0.458984375 0.0140625 0.01171875
2 0.5171875 0.4599609375 0.0125 0.009765625
2 0.48984375 0.4580078125 0.0109375 0.013671875
2 0.471875 0.45703125 0.009375 0.01171875
2 0.45234375 0.4541015625 0.0265625 0.021484375
2 0.39765625 0.4609375 0.0390625 0.0390625
2 0.35625 0.47265625 0.034375 0.05078125
2 0.315625 0.46484375 0.071875 0.0703125
2 0.13359375 0.4580078125 0.0765625 0.052734375
2 0.0734375 0.6162109375 0.146875 0.478515625
