0 0.5640625 0.71484375 0.16875 0.56640625
0 0.109375 0.6435546875 0.128125 0.376953125
0 0.18359375 0.7177734375 0.2078125 0.564453125
0 0.2640625 0.72265625 0.140625 0.5546875
0 0.96484375 0.4931640625 0.0609375 0.158203125
0 0.87578125 0.4697265625 0.0265625 0.087890625
0 0.85859375 0.462890625 0.0234375 0.0859375
0 0.8390625 0.47265625 0.03125 0.07421875
0 0.82265625 0.4677734375 0.0234375 0.072265625
0 0.7453125 0.509765625 0.040625 0.1171875
0 0.36796875 0.490234375 0.0078125 0.0234375
0 0.37734375 0.4892578125 0.0078125 0.021484375
0 0.38828125 0.4873046875 0.0078125 0.029296875
0 0.39765625 0.4892578125 0.0078125 0.025390625
0 0.41875 0.4873046875 0.009375 0.029296875
0 0.4296875 0.4873046875 0.009375 0.029296875
0 0.4359375 0.4853515625 0.00625 0.029296875
0 0.440625 0.4873046875 0.00625 0.025390625
0 0.46015625 0.484375 0.0078125 0.02734375
0 0.09140625 0.53125 0.0140625 0.03515625
0 0.08203125 0.533203125 0.0109375 0.0390625
0 0.7171875 0.474609375 0.0125 0.046875
2 0.653125 0.509765625 0.06875 0.08203125
2 0.58984375 0.533203125 0.0984375 0.09765625
2 0.34140625 0.498046875 0.0203125 0.01953125
2 0.021875 0.5703125 0.04375 0.05078125
