0 0.071875 0.5107421875 0.021875 0.072265625
0 0.0953125 0.505859375 0.021875 0.0703125
0 0.2796875 0.5009765625 0.0125 0.044921875
0 0.29140625 0.498046875 0.0109375 0.0390625
0 0.9609375 0.5244140625 0.025 0.107421875
0 0.9359375 0.5322265625 0.025 0.095703125
0 0.746875 0.513671875 0.01875 0.0546875
0 0.59765625 0.5068359375 0.0109375 0.044921875
0 0.5828125 0.5078125 0.0125 0.04296875
0 0.615625 0.501953125 0.0125 0.046875
2 0.50234375 0.505859375 0.0328125 0.04296875
2 0.4828125 0.5283203125 0.065625 0.068359375
2 0.525 0.49609375 0.025 0.02734375
