0 0.8125 0.455078125 0.028125 0.08203125
0 0.7546875 0.4560546875 0.021875 0.080078125
0 0.77734375 0.455078125 0.0265625 0.08203125
0 0.67578125 0.4580078125 0.0203125 0.076171875
0 0.4890625 0.45703125 0.0125 0.0390625
0 0.50625 0.4580078125 0.009375 0.044921875
0 0.0453125 0.4541015625 0.021875 0.068359375
0 0.1109375 0.4580078125 0.015625 0.044921875
0 0.14453125 0.4599609375 0.0109375 0.048828125
0 0.16015625 0.443359375 0.0109375 0.0234375
0 0.21328125 0.4619140625 0.0140625 0.048828125
0 0.2234375 0.458984375 0.009375 0.04296875
0 0.09375 0.4580078125 0.009375 0.037109375
1 0.30234375 0.486328125 0.0703125 0.05859375
2 0.40078125 0.453125 0.0140625 0.015625
2 0.3921875 0.458984375 0.01875 0.01953125
2 0.43359375 0.458984375 0.0421875 0.04296875
2 0.46640625 0.4599609375 0.0296875 0.025390625
