0 0.79453125 0.484375 0.0328125 0.10546875
0 0.76640625 0.4814453125 0.0265625 0.119140625
0 0.7328125 0.4873046875 0.028125 0.103515625
2 0.6296875 0.4580078125 0.128125 0.056640625
2 0.434375 0.4306640625 0.01875 0.017578125
2 0.41328125 0.44921875 0.0296875 0.0234375
2 0.39609375 0.4462890625 0.0203125 0.025390625
2 0.4125 0.4375 0.0125 0.01171875
2 0.36328125 0.4697265625 0.0515625 0.044921875
2 0.28515625 0.47265625 0.0578125 0.046875
2 0.21015625 0.48046875 0.0734375 0.06640625
2 0.13515625 0.4892578125 0.1046875 0.072265625
2 0.02421875 0.4912109375 0.0484375 0.138671875
2 0.32578125 0.46875 0.0234375 0.0390625
2 0.49765625 0.4462890625 0.0203125 0.021484375
2 0.50859375 0.4306640625 0.0171875 0.017578125
2 0.50703125 0.380859375 0.0140625 0.015625
2 0.51640625 0.3720703125 0.0109375 0.013671875
2 0.52578125 0.361328125 0.0109375 0.01171875
