0 0.1859375 0.4921875 0.028125 0.0703125
0 0.66015625 0.501953125 0.0234375 0.09375
0 0.3796875 0.453125 0.00625 0.0234375
0 0.49375 0.45703125 0.0125 0.0390625
1 0.82265625 0.7548828125 0.0953125 0.244140625
1 0.696875 0.5009765625 0.05625 0.060546875
2 0.64375 0.48046875 0.103125 0.0625
2 0.64296875 0.462890625 0.1109375 0.046875
2 0.5875 0.48046875 0.034375 0.046875
2 0.7875 0.5126953125 0.171875 0.099609375
2 0.925 0.5380859375 0.15 0.134765625
2 0.9484375 0.57421875 0.103125 0.13671875
2 0.45625 0.46484375 0.034375 0.0390625
2 0.44765625 0.462890625 0.0265625 0.03515625
2 0.43515625 0.458984375 0.0171875 0.03125
2 0.4265625 0.4560546875 0.009375 0.017578125
2 0.42265625 0.4521484375 0.0140625 0.017578125
2 0.4203125 0.4462890625 0.015625 0.017578125
2 0.275 0.484375 0.05625 0.0546875
2 0.29921875 0.4775390625 0.0171875 0.041015625
2 0.30703125 0.4765625 0.0140625 0.0390625
2 0.3125 0.4736328125 0.015625 0.033203125
2 0.31796875 0.4677734375 0.0171875 0.029296875
2 0.3234375 0.462890625 0.021875 0.02734375
2 0.33515625 0.4619140625 0.0140625 0.025390625
2 0.3421875 0.4599609375 0.015625 0.021484375
2 0.34609375 0.4560546875 0.0234375 0.025390625
2 0.35625 0.455078125 0.009375 0.0234375
2 0.359375 0.453125 0.009375 0.01953125
2 0.3625 0.4501953125 0.0125 0.017578125
2 0.36640625 0.4482421875 0.0109375 0.017578125
