0 0.4171875 0.5927734375 0.0125 0.044921875
0 0.96484375 0.58984375 0.0203125 0.05859375
0 0.88046875 0.5947265625 0.0140625 0.048828125
0 0.86328125 0.5927734375 0.0203125 0.048828125
0 0.84609375 0.5908203125 0.0140625 0.033203125
6 0.16640625 0.5576171875 0.1078125 0.056640625
2 0.3125 0.6416015625 0.18125 0.134765625
2 0.48359375 0.5966796875 0.0671875 0.072265625
2 0.5484375 0.6181640625 0.1 0.099609375
2 0.59609375 0.6044921875 0.0484375 0.068359375
2 0.628125 0.59765625 0.028125 0.03125
2 0.66484375 0.5986328125 0.0203125 0.021484375
2 0.64765625 0.595703125 0.0109375 0.015625
