0 0.5359375 0.47265625 0.009375 0.03125
0 0.54375 0.4736328125 0.00625 0.017578125
0 0.55 0.47265625 0.00625 0.01953125
0 0.55546875 0.470703125 0.0078125 0.02734375
0 0.5625 0.4716796875 0.00625 0.021484375
0 0.571875 0.46875 0.009375 0.01953125
0 0.5859375 0.46484375 0.0125 0.02734375
0 0.7484375 0.4453125 0.015625 0.0234375
0 0.77578125 0.4521484375 0.0234375 0.041015625
0 0.83125 0.4599609375 0.01875 0.099609375
0 0.89296875 0.478515625 0.0296875 0.1171875
2 0.4390625 0.474609375 0.003125 0.00390625
2 0.43125 0.478515625 0.00625 0.0078125
2 0.39140625 0.47265625 0.0421875 0.0390625
2 0.271875 0.478515625 0.06875 0.05078125
2 0.05859375 0.490234375 0.1171875 0.0859375
2 0.47109375 0.470703125 0.0546875 0.05859375
2 0.675 0.4990234375 0.26875 0.119140625
