4 0.475 0.4560546875 0.071875 0.068359375
4 0.56953125 0.4541015625 0.0171875 0.033203125
1 0.4296875 0.53125 0.03125 0.0625
2 0.12578125 0.6240234375 0.2515625 0.310546875
2 0.30625 0.5380859375 0.109375 0.087890625
2 0.36875 0.5009765625 0.04375 0.037109375
2 0.50546875 0.5 0.0859375 0.078125
2 0.53984375 0.4775390625 0.0203125 0.033203125
2 0.55625 0.474609375 0.021875 0.02734375
2 0.57734375 0.4638671875 0.0109375 0.017578125
2 0.590625 0.4638671875 0.01875 0.021484375
2 0.628125 0.515625 0.08125 0.09765625
2 0.646875 0.48046875 0.04375 0.046875
2 0.721875 0.4765625 0.046875 0.05078125
2 0.690625 0.4716796875 0.03125 0.037109375
2 0.671875 0.4609375 0.015625 0.015625
2 0.63671875 0.4541015625 0.0140625 0.005859375
2 0.553125 0.4580078125 0.015625 0.005859375
2 0.74453125 0.470703125 0.0203125 0.0390625
2 0.915625 0.6259765625 0.16875 0.486328125
