4 0.928125 0.39453125 0.14375 0.65234375
0 0.06875 0.5029296875 0.05 0.154296875
1 0.81484375 0.5673828125 0.1046875 0.177734375
6 0.56015625 0.4296875 0.0703125 0.078125
2 0.5546875 0.466796875 0.034375 0.05078125
2 0.5921875 0.4755859375 0.071875 0.072265625
6 0.4078125 0.4609375 0.021875 0.03515625
2 0.39453125 0.47265625 0.0171875 0.0390625
2 0.37890625 0.474609375 0.0203125 0.046875
2 0.36640625 0.474609375 0.0234375 0.0546875
2 0.33828125 0.4755859375 0.0609375 0.056640625
2 0.4765625 0.51953125 0.1625 0.1640625
