0 0.0359375 0.443359375 0.00625 0.02734375
0 0.0421875 0.443359375 0.00625 0.02734375
0 0.5625 0.484375 0.025 0.0625
0 0.23046875 0.4521484375 0.0078125 0.017578125
1 0.47421875 0.48046875 0.0171875 0.04296875
2 0.0578125 0.634765625 0.115625 0.20703125
2 0.02734375 0.490234375 0.0546875 0.08203125
2 0.0796875 0.49609375 0.1 0.08203125
2 0.27421875 0.5263671875 0.1109375 0.103515625
2 0.34609375 0.4921875 0.0640625 0.0703125
2 0.378125 0.482421875 0.040625 0.0625
2 0.39375 0.470703125 0.059375 0.06640625
2 0.4296875 0.4609375 0.025 0.0390625
2 0.440625 0.4560546875 0.01875 0.033203125
2 0.46015625 0.4482421875 0.0171875 0.025390625
2 0.4828125 0.4462890625 0.0125 0.021484375
2 0.490625 0.4443359375 0.0125 0.017578125
2 0.50078125 0.4443359375 0.0109375 0.013671875
2 0.51015625 0.4423828125 0.0078125 0.009765625
2 0.5265625 0.453125 0.028125 0.03125
2 0.5546875 0.451171875 0.021875 0.02734375
2 0.58046875 0.4873046875 0.0390625 0.044921875
2 0.89296875 0.6650390625 0.2140625 0.330078125
2 0.71328125 0.521484375 0.1578125 0.16796875
2 0.63046875 0.4921875 0.0578125 0.078125
2 0.63359375 0.505859375 0.0421875 0.08984375
2 0.58046875 0.453125 0.0328125 0.0234375
2 0.6078125 0.4521484375 0.025 0.021484375
14 0.51953125 0.5 0.0078125 0.0078125
