0 0.89609375 0.505859375 0.0546875 0.1796875
0 0.82109375 0.5048828125 0.0578125 0.193359375
0 0.8453125 0.4853515625 0.0375 0.146484375
0 0.8015625 0.4697265625 0.03125 0.103515625
0 0.72578125 0.4580078125 0.0234375 0.076171875
0 0.6265625 0.4599609375 0.021875 0.064453125
0 0.55390625 0.46875 0.0140625 0.0546875
0 0.5671875 0.466796875 0.009375 0.04296875
1 0.46796875 0.474609375 0.0078125 0.01171875
2 0.0953125 0.494140625 0.14375 0.10546875
2 0.2171875 0.4873046875 0.09375 0.080078125
2 0.2625 0.482421875 0.028125 0.05859375
2 0.3203125 0.4775390625 0.040625 0.037109375
2 0.35234375 0.4716796875 0.0296875 0.033203125
2 0.36953125 0.470703125 0.0140625 0.0234375
2 0.384375 0.470703125 0.015625 0.015625
2 0.40703125 0.4716796875 0.0234375 0.025390625
0 0.99296875 0.5 0.0234375 0.1796875
0 0.74453125 0.4423828125 0.0140625 0.041015625
