0 0.0546875 0.6015625 0.109375 0.34765625
1 0.59609375 0.4794921875 0.0328125 0.037109375
2 0.50234375 0.4677734375 0.0265625 0.029296875
2 0.48671875 0.466796875 0.0140625 0.0234375
2 0.4796875 0.4658203125 0.009375 0.017578125
2 0.47421875 0.4609375 0.0109375 0.01171875
2 0.47109375 0.45703125 0.0078125 0.01171875
2 0.44765625 0.453125 0.0078125 0.0078125
2 0.4328125 0.455078125 0.00625 0.0078125
2 0.42734375 0.458984375 0.0078125 0.01171875
2 0.42109375 0.4638671875 0.0140625 0.013671875
2 0.40390625 0.46484375 0.0171875 0.01953125
2 0.39375 0.46875 0.0125 0.01953125
2 0.38515625 0.4697265625 0.0140625 0.021484375
2 0.36953125 0.470703125 0.0265625 0.02734375
2 0.34453125 0.47265625 0.0296875 0.03515625
2 0.3234375 0.4765625 0.028125 0.0390625
2 0.28359375 0.474609375 0.0578125 0.05859375
