4 0.3671875 0.4541015625 0.340625 0.169921875
0 0.06796875 0.5068359375 0.0359375 0.146484375
0 0.0375 0.5107421875 0.034375 0.134765625
6 0.6796875 0.4658203125 0.025 0.033203125
2 0.55703125 0.4873046875 0.0671875 0.072265625
2 0.63203125 0.474609375 0.0171875 0.015625
2 0.8703125 0.5595703125 0.259375 0.236328125
2 0.75 0.4814453125 0.053125 0.048828125
2 0.72265625 0.478515625 0.0234375 0.0390625
2 0.7109375 0.474609375 0.01875 0.03515625
2 0.69296875 0.474609375 0.0234375 0.02734375
2 0.66328125 0.47265625 0.0140625 0.015625
