1 0.33359375 0.46484375 0.0296875 0.03125
2 0.0265625 0.5927734375 0.053125 0.279296875
2 0.11796875 0.564453125 0.1578125 0.1953125
2 0.2234375 0.5302734375 0.09375 0.111328125
2 0.37890625 0.4599609375 0.0671875 0.064453125
2 0.428125 0.44921875 0.046875 0.046875
2 0.45 0.4423828125 0.04375 0.052734375
2 0.4734375 0.443359375 0.01875 0.0390625
2 0.4875 0.439453125 0.025 0.03125
2 0.50859375 0.435546875 0.0234375 0.03125
2 0.525 0.43359375 0.015625 0.02734375
2 0.5375 0.4306640625 0.0125 0.021484375
2 0.546875 0.427734375 0.015625 0.0234375
2 0.61953125 0.470703125 0.0640625 0.0703125
2 0.61953125 0.4287109375 0.0421875 0.021484375
14 0.9234375 0.45703125 0.153125 0.1015625
2 0.80703125 0.4443359375 0.1015625 0.060546875
