6 0.621875 0.4765625 0.05 0.0625
2 0.153125 0.5185546875 0.09375 0.080078125
2 0.30859375 0.486328125 0.0390625 0.0390625
2 0.953125 0.615234375 0.09375 0.15234375
2 0.8125 0.5341796875 0.0625 0.064453125
2 0.71875 0.5703125 0.175 0.1640625
2 0.65703125 0.509765625 0.0578125 0.0625
2 0.5875 0.52734375 0.065625 0.06640625
2 0.56328125 0.5048828125 0.0328125 0.037109375
2 0.47421875 0.5234375 0.0703125 0.0703125
2 0.50625 0.4892578125 0.034375 0.041015625
2 0.54921875 0.486328125 0.0265625 0.02734375
2 0.59609375 0.486328125 0.0140625 0.015625
2 0.58828125 0.4833984375 0.0171875 0.017578125
2 0.55625 0.4765625 0.01875 0.01953125
2 0.52578125 0.4765625 0.0203125 0.0234375
2 0.57109375 0.478515625 0.0109375 0.015625
2 0.38046875 0.4638671875 0.0296875 0.041015625
