0 0.13203125 0.48828125 0.0109375 0.0625
0 0.16171875 0.4873046875 0.0171875 0.056640625
0 0.3046875 0.4833984375 0.009375 0.029296875
0 0.3421875 0.4775390625 0.00625 0.017578125
0 0.3578125 0.4775390625 0.00625 0.013671875
0 0.3765625 0.4765625 0.00625 0.01953125
0 0.396875 0.482421875 0.009375 0.03125
0 0.421875 0.4833984375 0.00625 0.021484375
0 0.43359375 0.4814453125 0.0046875 0.013671875
0 0.64453125 0.4833984375 0.0078125 0.017578125
0 0.64921875 0.48046875 0.0046875 0.01953125
0 0.68046875 0.478515625 0.0140625 0.03515625
0 0.6859375 0.5146484375 0.025 0.087890625
0 0.71015625 0.5166015625 0.0171875 0.091796875
0 0.72109375 0.515625 0.0203125 0.09765625
0 0.66484375 0.486328125 0.0078125 0.0234375
0 0.61328125 0.4765625 0.0078125 0.03125
2 0.53515625 0.4853515625 0.0109375 0.013671875
2 0.51875 0.50390625 0.025 0.0390625
2 0.490625 0.5205078125 0.065625 0.072265625
2 0.5515625 0.4931640625 0.028125 0.029296875
