0 0.39765625 0.435546875 0.0484375 0.15234375
0 0.5109375 0.3974609375 0.01875 0.056640625
0 0.496875 0.3916015625 0.021875 0.060546875
0 0.55703125 0.3974609375 0.0203125 0.060546875
0 0.85859375 0.4228515625 0.0109375 0.048828125
0 0.825 0.4150390625 0.009375 0.033203125
0 0.79375 0.4140625 0.0125 0.03515625
0 0.78203125 0.4091796875 0.0078125 0.029296875
0 0.7734375 0.41015625 0.009375 0.03125
0 0.76328125 0.4072265625 0.0109375 0.033203125
0 0.734375 0.404296875 0.00625 0.02734375
0 0.72265625 0.400390625 0.0078125 0.02734375
0 0.65078125 0.3974609375 0.0109375 0.029296875
0 0.74609375 0.4072265625 0.0109375 0.037109375
0 0.35546875 0.3857421875 0.0296875 0.095703125
0 0.234375 0.4365234375 0.05625 0.193359375
0 0.2765625 0.40625 0.040625 0.140625
0 0.3109375 0.400390625 0.021875 0.09765625
1 0.07421875 0.7529296875 0.1484375 0.388671875
6 0.60390625 0.376953125 0.0484375 0.0703125
2 0.6671875 0.396484375 0.021875 0.02734375
2 0.70234375 0.400390625 0.0328125 0.02734375
2 0.546875 0.3876953125 0.040625 0.041015625
