0 0.36328125 0.4833984375 0.0203125 0.072265625
0 0.503125 0.4443359375 0.00625 0.021484375
0 0.5296875 0.443359375 0.009375 0.0234375
1 0.41015625 0.4794921875 0.0171875 0.037109375
1 0.5171875 0.45703125 0.009375 0.015625
2 0.1046875 0.5859375 0.19375 0.15625
2 0.2140625 0.5302734375 0.125 0.130859375
2 0.303125 0.4970703125 0.08125 0.083984375
2 0.34609375 0.4931640625 0.0296875 0.064453125
2 0.36640625 0.4755859375 0.0515625 0.056640625
2 0.38671875 0.466796875 0.0203125 0.04296875
2 0.4 0.45703125 0.021875 0.02734375
2 0.415625 0.4541015625 0.021875 0.029296875
2 0.434375 0.44921875 0.01875 0.0234375
2 0.44921875 0.4443359375 0.0140625 0.017578125
2 0.478125 0.4384765625 0.009375 0.009765625
2 0.48828125 0.4375 0.0078125 0.01171875
2 0.6703125 0.5439453125 0.121875 0.115234375
2 0.9625 0.5673828125 0.075 0.134765625
2 0.9328125 0.5263671875 0.134375 0.142578125
2 0.8109375 0.5185546875 0.125 0.099609375
2 0.7140625 0.4638671875 0.065625 0.048828125
2 0.66171875 0.4677734375 0.0453125 0.037109375
2 0.61796875 0.4599609375 0.0578125 0.041015625
2 0.60078125 0.443359375 0.0328125 0.03125
2 0.57890625 0.4453125 0.0171875 0.01953125
2 0.82890625 0.4599609375 0.0546875 0.021484375
2 0.8078125 0.453125 0.0625 0.03515625
2 0.6734375 0.4384765625 0.03125 0.021484375
