0 0.67265625 0.47265625 0.0390625 0.203125
0 0.63984375 0.4677734375 0.0484375 0.220703125
0 0.71171875 0.4609375 0.0140625 0.0859375
0 0.7484375 0.4423828125 0.015625 0.068359375
0 0.27578125 0.4560546875 0.0109375 0.025390625
0 0.0140625 0.5048828125 0.028125 0.189453125
2 0.5015625 0.4599609375 0.04375 0.041015625
2 0.44296875 0.4521484375 0.0296875 0.017578125
2 0.41953125 0.453125 0.0265625 0.02734375
2 0.30625 0.4658203125 0.065625 0.060546875
2 0.24609375 0.4697265625 0.0578125 0.052734375
