0 0.253125 0.482421875 0.015625 0.05078125
0 0.23671875 0.484375 0.0109375 0.05078125
0 0.22734375 0.4814453125 0.0140625 0.056640625
0 0.21796875 0.48046875 0.0171875 0.06640625
0 0.20234375 0.4833984375 0.0171875 0.060546875
0 0.9 0.5107421875 0.03125 0.095703125
0 0.90390625 0.509765625 0.0265625 0.09375
0 0.86015625 0.501953125 0.0234375 0.1015625
0 0.79921875 0.4931640625 0.0234375 0.060546875
0 0.59765625 0.5029296875 0.0328125 0.095703125
2 0.165625 0.5888671875 0.33125 0.150390625
2 0.7546875 0.619140625 0.490625 0.21875
2 0.47890625 0.509765625 0.0484375 0.04296875
