0 0.746875 0.4677734375 0.028125 0.103515625
0 0.70546875 0.4677734375 0.0171875 0.080078125
0 0.6515625 0.4716796875 0.01875 0.064453125
0 0.62578125 0.4716796875 0.0234375 0.068359375
2 0.41875 0.4638671875 0.0125 0.009765625
2 0.41484375 0.4580078125 0.0078125 0.009765625
2 0.39140625 0.466796875 0.0234375 0.0234375
2 0.37265625 0.4677734375 0.0140625 0.017578125
2 0.36015625 0.46875 0.0171875 0.0234375
2 0.3453125 0.4716796875 0.01875 0.025390625
2 0.3296875 0.4736328125 0.025 0.033203125
2 0.29453125 0.4931640625 0.0734375 0.068359375
2 0.05625 0.5068359375 0.1125 0.216796875
