4 0.5234375 0.51171875 0.03125 0.01953125
0 0.0171875 0.5634765625 0.0125 0.041015625
0 0.8234375 0.5556640625 0.021875 0.068359375
0 0.80625 0.5546875 0.021875 0.07421875
0 0.7921875 0.5537109375 0.015625 0.064453125
0 0.071875 0.552734375 0.0125 0.0390625
0 0.32578125 0.5595703125 0.0296875 0.037109375
0 0.3328125 0.5712890625 0.01875 0.060546875
0 0.3484375 0.5458984375 0.025 0.033203125
0 0.05625 0.548828125 0.009375 0.02734375
2 0.09921875 0.5810546875 0.0765625 0.052734375
2 0.16015625 0.57421875 0.0484375 0.04296875
2 0.7234375 0.57421875 0.11875 0.09375
2 0.66640625 0.560546875 0.0609375 0.06640625
2 0.45 0.5537109375 0.04375 0.044921875
2 0.47578125 0.548828125 0.0234375 0.03125
2 0.59140625 0.5712890625 0.0890625 0.103515625
2 0.28671875 0.5478515625 0.0453125 0.048828125
2 0.51171875 0.5498046875 0.0453125 0.048828125
2 0.51796875 0.5390625 0.0390625 0.046875
