0 0.009375 0.482421875 0.01875 0.0703125
0 0.025 0.4912109375 0.015625 0.052734375
0 0.13671875 0.4765625 0.0171875 0.0546875
0 0.1953125 0.4853515625 0.009375 0.033203125
0 0.1875 0.4794921875 0.009375 0.041015625
0 0.7859375 0.478515625 0.028125 0.109375
0 0.81796875 0.48046875 0.0296875 0.10546875
1 0.16484375 0.5029296875 0.0328125 0.068359375
2 0.23984375 0.4921875 0.0703125 0.05859375
2 0.34609375 0.4775390625 0.0734375 0.068359375
2 0.39296875 0.46875 0.0234375 0.02734375
2 0.4875 0.5146484375 0.1875 0.185546875
2 0.9671875 0.5419921875 0.065625 0.224609375
