0 0.51796875 0.4677734375 0.0109375 0.041015625
0 0.4265625 0.466796875 0.009375 0.02734375
0 0.41640625 0.466796875 0.0078125 0.0234375
0 0.55546875 0.474609375 0.0171875 0.05859375
0 0.53984375 0.470703125 0.0140625 0.05078125
0 0.14921875 0.4755859375 0.0140625 0.056640625
0 0.06953125 0.4814453125 0.0234375 0.080078125
0 0.05546875 0.4697265625 0.0171875 0.060546875
0 0.02578125 0.474609375 0.0203125 0.0625
0 0.19140625 0.4697265625 0.0140625 0.056640625
0 0.16875 0.4521484375 0.009375 0.025390625
0 0.22578125 0.466796875 0.0140625 0.03515625
0 0.64140625 0.4541015625 0.0171875 0.029296875
0 0.609375 0.466796875 0.0125 0.04296875
0 0.33125 0.4658203125 0.00625 0.025390625
0 0.29921875 0.470703125 0.0109375 0.03515625
2 0.50234375 0.46484375 0.0203125 0.02734375
2 0.48359375 0.47265625 0.0203125 0.02734375
2 0.4953125 0.470703125 0.01875 0.02734375
2 0.44921875 0.4794921875 0.0546875 0.060546875
2 0.3953125 0.4716796875 0.025 0.029296875
2 0.37265625 0.474609375 0.0328125 0.03125
