0 0.51640625 0.5625 0.0109375 0.02734375
0 0.896875 0.6181640625 0.04375 0.146484375
0 0.8609375 0.6142578125 0.0375 0.150390625
0 0.940625 0.6240234375 0.03125 0.150390625
0 0.9625 0.630859375 0.040625 0.15234375
0 0.2421875 0.5654296875 0.009375 0.029296875
0 0.04453125 0.56640625 0.0109375 0.03125
0 0.05703125 0.5712890625 0.0109375 0.033203125
0 0.06640625 0.5654296875 0.0078125 0.021484375
2 0.1921875 0.58984375 0.053125 0.0546875
2 0.3390625 0.568359375 0.028125 0.02734375
2 0.471875 0.5498046875 0.01875 0.017578125
2 0.46328125 0.5478515625 0.0078125 0.009765625
2 0.453125 0.5458984375 0.0125 0.017578125
2 0.98046875 0.57421875 0.0390625 0.0234375
