4 0.37578125 0.4296875 0.0734375 0.09375
0 0.596875 0.474609375 0.0375 0.1484375
2 0.26796875 0.4765625 0.1046875 0.08984375
2 0.33828125 0.46484375 0.0609375 0.0703125
2 0.44609375 0.4482421875 0.0203125 0.017578125
2 0.46328125 0.4482421875 0.0140625 0.017578125
2 0.47734375 0.4482421875 0.0171875 0.017578125
2 0.4921875 0.44921875 0.0125 0.015625
2 0.51484375 0.451171875 0.0140625 0.03125
2 0.5046875 0.44921875 0.0125 0.0234375
2 0.53359375 0.453125 0.0328125 0.04296875
2 0.5421875 0.458984375 0.01875 0.04296875
2 0.5640625 0.455078125 0.04375 0.0703125
2 0.61796875 0.466796875 0.0859375 0.08203125
