0 0.796875 0.4130859375 0.021875 0.041015625
0 0.68359375 0.4599609375 0.0453125 0.154296875
0 0.6234375 0.44921875 0.05 0.109375
0 0.58125 0.447265625 0.0375 0.109375
0 0.54765625 0.4619140625 0.0484375 0.095703125
0 0.50546875 0.4482421875 0.0234375 0.091796875
0 0.3265625 0.4619140625 0.040625 0.107421875
0 0.28359375 0.4609375 0.0390625 0.11328125
0 0.27578125 0.45703125 0.0359375 0.11328125
2 0.43359375 0.4560546875 0.0546875 0.052734375
2 0.40546875 0.4501953125 0.0046875 0.005859375
2 0.09609375 0.458984375 0.0828125 0.06640625
2 0.3515625 0.4501953125 0.015625 0.013671875
2 0.3796875 0.4501953125 0.00625 0.005859375
2 0.3859375 0.4501953125 0.00625 0.005859375
