2 0.01953125 0.5751953125 0.0390625 0.072265625
2 0.5625 0.4951171875 0.075 0.037109375
2 0.7046875 0.4716796875 0.034375 0.025390625
2 0.68359375 0.46875 0.0140625 0.015625
2 0.72421875 0.4697265625 0.0140625 0.017578125
2 0.7453125 0.4697265625 0.015625 0.021484375
2 0.76953125 0.470703125 0.0328125 0.04296875
2 0.8125 0.4833984375 0.05625 0.052734375
2 0.9046875 0.4951171875 0.1375 0.083984375
2 0.97421875 0.6494140625 0.0515625 0.185546875
2 0.6078125 0.576171875 0.16875 0.19921875
2 0.67421875 0.697265625 0.3359375 0.390625
2 0.62109375 0.4736328125 0.0265625 0.025390625
2 0.484375 0.48046875 0.015625 0.015625
2 0.50234375 0.4794921875 0.0140625 0.013671875
14 0.28984375 0.4794921875 0.0984375 0.041015625
