1 0.8484375 0.4599609375 0.0875 0.064453125
1 0.825 0.4609375 0.075 0.05859375
6 0.6171875 0.41796875 0.0625 0.078125
2 0.48125 0.43359375 0.040625 0.046875
2 0.45703125 0.431640625 0.0171875 0.02734375
2 0.45234375 0.416015625 0.0203125 0.01953125
2 0.45 0.4091796875 0.01875 0.021484375
2 0.4421875 0.4013671875 0.0125 0.017578125
2 0.42265625 0.3955078125 0.0109375 0.013671875
2 0.38828125 0.3984375 0.0140625 0.015625
2 0.37578125 0.431640625 0.0296875 0.05078125
2 0.36015625 0.4365234375 0.0234375 0.052734375
2 0.31796875 0.439453125 0.0859375 0.09375
