0 0.17578125 0.4638671875 0.0203125 0.056640625
0 0.74140625 0.4736328125 0.0203125 0.068359375
0 0.76171875 0.474609375 0.0265625 0.07421875
1 0.26953125 0.4755859375 0.0171875 0.037109375
1 0.2875 0.47265625 0.01875 0.03515625
1 0.3859375 0.478515625 0.021875 0.03125
1 0.4484375 0.4931640625 0.028125 0.052734375
1 0.4859375 0.49609375 0.025 0.05078125
1 0.7140625 0.5517578125 0.053125 0.111328125
1 0.92109375 0.603515625 0.1109375 0.171875
2 0.34765625 0.4619140625 0.0109375 0.013671875
2 0.52890625 0.4853515625 0.0609375 0.064453125
2 0.578125 0.4921875 0.075 0.0703125
2 0.6234375 0.505859375 0.103125 0.08203125
2 0.82421875 0.5361328125 0.1890625 0.150390625
2 0.97421875 0.587890625 0.0515625 0.12109375
