1 0.79140625 0.5068359375 0.0109375 0.048828125
2 0.12578125 0.4580078125 0.2515625 0.142578125
2 0.253125 0.451171875 0.171875 0.1171875
2 0.29609375 0.4130859375 0.0828125 0.056640625
2 0.41171875 0.466796875 0.0546875 0.04296875
2 0.4390625 0.45703125 0.040625 0.03515625
2 0.40390625 0.447265625 0.0453125 0.0234375
2 0.5140625 0.4638671875 0.028125 0.033203125
2 0.65234375 0.4599609375 0.0203125 0.017578125
2 0.67890625 0.462890625 0.0328125 0.01953125
2 0.8984375 0.4697265625 0.034375 0.029296875
2 0.73046875 0.4609375 0.0234375 0.0234375
