0 0.18828125 0.4560546875 0.0203125 0.072265625
0 0.21796875 0.4580078125 0.0203125 0.064453125
0 0.4 0.474609375 0.021875 0.0703125
0 0.434375 0.4716796875 0.025 0.080078125
0 0.46015625 0.4609375 0.0078125 0.03515625
0 0.47109375 0.4609375 0.0140625 0.0390625
0 0.48515625 0.4619140625 0.0078125 0.037109375
0 0.6234375 0.4658203125 0.0125 0.037109375
0 0.61875 0.462890625 0.009375 0.0390625
0 0.609375 0.4638671875 0.00625 0.037109375
0 0.60234375 0.458984375 0.0078125 0.02734375
0 0.8921875 0.5087890625 0.0375 0.126953125
0 0.86484375 0.5087890625 0.0390625 0.130859375
0 0.8125 0.4931640625 0.01875 0.087890625
0 0.79375 0.4814453125 0.01875 0.095703125
0 0.7625 0.4931640625 0.01875 0.080078125
0 0.74296875 0.4794921875 0.0203125 0.056640625
0 0.6921875 0.4765625 0.009375 0.03515625
0 0.68125 0.4716796875 0.0125 0.025390625
1 0.0359375 0.5068359375 0.059375 0.107421875
1 0.0875 0.5146484375 0.0625 0.103515625
1 0.1484375 0.486328125 0.04375 0.078125
1 0.178125 0.5 0.053125 0.078125
1 0.49453125 0.4677734375 0.0078125 0.017578125
1 0.6921875 0.5283203125 0.05625 0.083984375
1 0.7453125 0.53125 0.0625 0.08984375
1 0.796875 0.546875 0.0625 0.1015625
1 0.83515625 0.5556640625 0.0671875 0.107421875
1 0.6453125 0.494140625 0.040625 0.06640625
2 0.55078125 0.470703125 0.1078125 0.05078125
