0 0.9078125 0.6328125 0.046875 0.203125
0 0.875 0.6279296875 0.05 0.185546875
0 0.878125 0.5546875 0.028125 0.05078125
0 0.6078125 0.544921875 0.015625 0.04296875
0 0.5546875 0.533203125 0.009375 0.03125
0 0.5453125 0.53515625 0.009375 0.03515625
0 0.4890625 0.533203125 0.00625 0.015625
0 0.4765625 0.53125 0.00625 0.0234375
0 0.37265625 0.5400390625 0.0140625 0.041015625
0 0.30546875 0.53515625 0.0078125 0.03125
0 0.31171875 0.53125 0.0078125 0.02734375
0 0.23359375 0.537109375 0.0109375 0.03515625
0 0.22265625 0.533203125 0.0140625 0.04296875
0 0.15078125 0.5234375 0.0109375 0.03125
0 0.5265625 0.541015625 0.015625 0.02734375
6 0.4609375 0.5283203125 0.009375 0.013671875
2 0.34140625 0.5390625 0.0359375 0.02734375
2 0.40703125 0.533203125 0.0203125 0.01171875
2 0.45 0.529296875 0.015625 0.01171875
