0 0.68359375 0.4794921875 0.0265625 0.091796875
0 0.6671875 0.4716796875 0.01875 0.099609375
0 0.6296875 0.4521484375 0.025 0.076171875
0 0.60703125 0.45703125 0.0140625 0.05859375
0 0.5828125 0.4658203125 0.028125 0.107421875
0 0.54609375 0.4609375 0.0140625 0.04296875
0 0.0890625 0.462890625 0.0125 0.04296875
0 0.10859375 0.4599609375 0.0171875 0.044921875
0 0.15 0.4580078125 0.009375 0.033203125
2 0.459375 0.466796875 0.025 0.0234375
2 0.38203125 0.466796875 0.0109375 0.0234375
2 0.36328125 0.466796875 0.0328125 0.02734375
