0 0.04375 0.40625 0.009375 0.03515625
0 0.171875 0.4140625 0.009375 0.03125
0 0.18046875 0.4091796875 0.0078125 0.025390625
0 0.1890625 0.41015625 0.00625 0.0234375
0 0.1953125 0.4091796875 0.00625 0.025390625
2 0.3859375 0.35546875 0.01875 0.01953125
2 0.4203125 0.3681640625 0.03125 0.025390625
2 0.4265625 0.3623046875 0.025 0.025390625
2 0.47421875 0.3642578125 0.0296875 0.021484375
2 0.50546875 0.3623046875 0.0203125 0.009765625
2 0.54375 0.375 0.034375 0.02734375
2 0.59921875 0.3798828125 0.0453125 0.044921875
2 0.65859375 0.4326171875 0.1171875 0.123046875
2 0.49296875 0.412109375 0.0734375 0.08984375
2 0.97265625 0.4287109375 0.0546875 0.095703125
