4 0.46796875 0.4326171875 0.0140625 0.021484375
1 0.62109375 0.4853515625 0.0296875 0.060546875
2 0.559375 0.4462890625 0.040625 0.048828125
2 0.534375 0.4453125 0.009375 0.03125
2 0.52734375 0.4443359375 0.0078125 0.025390625
2 0.5 0.44140625 0.01875 0.01953125
2 0.5125 0.44140625 0.009375 0.01171875
2 0.48125 0.431640625 0.00625 0.0078125
2 0.44921875 0.439453125 0.0109375 0.01171875
2 0.4390625 0.44140625 0.0125 0.015625
2 0.41953125 0.4423828125 0.0390625 0.025390625
2 0.40703125 0.4501953125 0.0265625 0.025390625
2 0.3828125 0.4541015625 0.028125 0.029296875
2 0.34375 0.4619140625 0.053125 0.048828125
2 0.23984375 0.4765625 0.0890625 0.0859375
