0 0.66796875 0.484375 0.0203125 0.06640625
0 0.6421875 0.482421875 0.01875 0.0703125
0 0.6203125 0.484375 0.01875 0.07421875
2 0.4921875 0.4912109375 0.046875 0.041015625
2 0.478125 0.4833984375 0.04375 0.044921875
2 0.428125 0.484375 0.01875 0.01953125
2 0.40390625 0.482421875 0.0078125 0.0078125
2 0.18203125 0.4951171875 0.0484375 0.044921875
2 0.228125 0.4794921875 0.04375 0.029296875
2 0.284375 0.490234375 0.03125 0.02734375
2 0.35703125 0.4853515625 0.0140625 0.013671875
2 0.4171875 0.48046875 0.00625 0.0078125
2 0.4421875 0.482421875 0.009375 0.01171875
2 0.45625 0.4833984375 0.021875 0.033203125
