0 0.69296875 0.5390625 0.0484375 0.12109375
0 0.67734375 0.5380859375 0.0421875 0.119140625
0 0.64140625 0.5361328125 0.0421875 0.107421875
0 0.290625 0.4833984375 0.009375 0.025390625
0 0.33515625 0.4814453125 0.0109375 0.017578125
0 0.37109375 0.482421875 0.0078125 0.01953125
0 0.41328125 0.48828125 0.0078125 0.01953125
0 0.396875 0.484375 0.00625 0.01953125
0 0.41875 0.48828125 0.00625 0.01953125
0 0.43203125 0.486328125 0.0078125 0.015625
2 0.55859375 0.4970703125 0.0296875 0.033203125
2 0.51015625 0.50390625 0.0328125 0.03515625
2 0.521875 0.494140625 0.01875 0.0234375
2 0.5328125 0.48828125 0.021875 0.03125
