0 0.27109375 0.4619140625 0.0171875 0.021484375
0 0.778125 0.453125 0.00625 0.03125
0 0.75546875 0.45703125 0.0078125 0.03125
0 0.65234375 0.4482421875 0.0046875 0.017578125
1 0.703125 0.482421875 0.01875 0.03125
2 0.528125 0.45703125 0.025 0.02734375
2 0.53828125 0.455078125 0.0140625 0.0234375
2 0.56015625 0.466796875 0.0296875 0.03125
2 0.5703125 0.4619140625 0.021875 0.025390625
2 0.64296875 0.44921875 0.0140625 0.015625
2 0.62578125 0.447265625 0.0109375 0.01171875
2 0.61328125 0.443359375 0.0078125 0.0078125
2 0.5859375 0.4443359375 0.00625 0.005859375
