0 0.8625 0.478515625 0.028125 0.078125
0 0.9140625 0.48046875 0.025 0.07421875
2 0.16484375 0.505859375 0.0890625 0.0625
2 0.2859375 0.48828125 0.03125 0.03125
2 0.31953125 0.4892578125 0.0515625 0.044921875
2 0.40078125 0.478515625 0.0234375 0.0234375
2 0.50859375 0.47265625 0.0171875 0.01953125
2 0.49375 0.4716796875 0.009375 0.009765625
2 0.025 0.498046875 0.05 0.03515625
2 0.07109375 0.4970703125 0.0453125 0.033203125
2 0.1140625 0.49609375 0.040625 0.03515625
2 0.48515625 0.4716796875 0.0078125 0.009765625
2 0.446875 0.4736328125 0.009375 0.009765625
