0 0.17890625 0.4775390625 0.0140625 0.033203125
0 0.19453125 0.48828125 0.0109375 0.046875
0 0.31875 0.48828125 0.009375 0.02734375
0 0.34921875 0.48046875 0.0046875 0.01171875
0 0.3640625 0.48046875 0.003125 0.0078125
0 0.38359375 0.4814453125 0.0046875 0.013671875
0 0.40078125 0.4873046875 0.0078125 0.025390625
0 0.4234375 0.4853515625 0.00625 0.017578125
0 0.43359375 0.4853515625 0.0046875 0.013671875
0 0.39375 0.478515625 0.00625 0.01953125
0 0.6 0.4853515625 0.00625 0.013671875
0 0.60546875 0.4873046875 0.0046875 0.013671875
0 0.640625 0.48828125 0.00625 0.01953125
0 0.6515625 0.51171875 0.01875 0.07421875
0 0.67109375 0.5107421875 0.0140625 0.076171875
0 0.67890625 0.51171875 0.0171875 0.078125
2 0.53046875 0.4873046875 0.0078125 0.013671875
2 0.51171875 0.5029296875 0.0390625 0.048828125
2 0.48359375 0.5234375 0.0671875 0.07421875
2 0.54375 0.4951171875 0.028125 0.029296875
