0 0.31015625 0.5107421875 0.0265625 0.060546875
0 0.32109375 0.51171875 0.0234375 0.05859375
0 0.3265625 0.51171875 0.028125 0.05859375
2 0.5859375 0.521484375 0.1125 0.0703125
2 0.38671875 0.51171875 0.0296875 0.02734375
2 0.4046875 0.51171875 0.015625 0.02734375
2 0.44296875 0.4931640625 0.0515625 0.080078125
2 0.4109375 0.5107421875 0.0125 0.025390625
2 0.8625 0.681640625 0.275 0.34375
2 0.7015625 0.552734375 0.165625 0.16015625
2 0.534375 0.5087890625 0.015625 0.017578125
2 0.54609375 0.501953125 0.0078125 0.0078125
2 0.475 0.5068359375 0.0125 0.013671875
2 0.49453125 0.5078125 0.0140625 0.015625
2 0.5078125 0.5009765625 0.00625 0.005859375
