0 0.9796875 0.5556640625 0.021875 0.068359375
0 0.99375 0.57421875 0.0125 0.08984375
0 0.784375 0.5625 0.0125 0.05078125
0 0.71953125 0.5654296875 0.0140625 0.033203125
0 0.69140625 0.5595703125 0.0140625 0.037109375
0 0.67578125 0.568359375 0.0140625 0.05078125
0 0.659375 0.568359375 0.015625 0.046875
0 0.6171875 0.5537109375 0.009375 0.025390625
0 0.5765625 0.5537109375 0.00625 0.017578125
0 0.4765625 0.5390625 0.00625 0.01953125
0 0.45625 0.5419921875 0.009375 0.025390625
0 0.365625 0.56640625 0.01875 0.05078125
0 0.26484375 0.5595703125 0.0140625 0.048828125
0 0.01328125 0.576171875 0.0265625 0.09765625
0 0.41328125 0.5419921875 0.0109375 0.025390625
2 0.51640625 0.6533203125 0.1703125 0.169921875
2 0.40234375 0.5947265625 0.0765625 0.080078125
2 0.5234375 0.5498046875 0.015625 0.017578125
2 0.53359375 0.5517578125 0.0109375 0.017578125
2 0.4953125 0.5537109375 0.03125 0.029296875
2 0.3078125 0.583984375 0.08125 0.08203125
2 0.5640625 0.5546875 0.015625 0.015625
