0 0.615625 0.521484375 0.009375 0.015625
0 0.6265625 0.51953125 0.0125 0.015625
0 0.84375 0.541015625 0.028125 0.08984375
0 0.87265625 0.5849609375 0.0421875 0.193359375
0 0.91015625 0.6083984375 0.0515625 0.189453125
6 0.490625 0.5146484375 0.05 0.056640625
2 0.52578125 0.5478515625 0.0453125 0.064453125
2 0.56640625 0.55078125 0.0359375 0.0625
2 0.3921875 0.5380859375 0.034375 0.033203125
2 0.34296875 0.5498046875 0.0421875 0.060546875
2 0.1640625 0.560546875 0.0875 0.07421875
2 0.0484375 0.623046875 0.096875 0.1796875
2 0.465625 0.6142578125 0.140625 0.162109375
