0 0.55859375 0.4423828125 0.0046875 0.009765625
0 0.56640625 0.4423828125 0.0046875 0.009765625
0 0.53515625 0.427734375 0.0046875 0.01171875
0 0.2296875 0.4677734375 0.025 0.033203125
2 0.4890625 0.435546875 0.0125 0.015625
2 0.47265625 0.4345703125 0.0140625 0.017578125
2 0.46015625 0.4375 0.0171875 0.0234375
2 0.415625 0.443359375 0.01875 0.02734375
2 0.3984375 0.4462890625 0.028125 0.033203125
2 0.36953125 0.4443359375 0.0296875 0.029296875
2 0.35625 0.466796875 0.05625 0.046875
2 0.3109375 0.4658203125 0.096875 0.044921875
2 0.21015625 0.4453125 0.0859375 0.0234375
2 0.22578125 0.4677734375 0.0796875 0.041015625
2 0.11953125 0.4931640625 0.1515625 0.095703125
2 0.23828125 0.5400390625 0.1484375 0.119140625
2 0.55390625 0.4296875 0.0140625 0.0078125
2 0.5375 0.4482421875 0.01875 0.021484375
2 0.5296875 0.4384765625 0.0125 0.013671875
2 0.54375 0.4560546875 0.021875 0.025390625
2 0.55703125 0.4619140625 0.0296875 0.033203125
2 0.559375 0.470703125 0.01875 0.0390625
2 0.575 0.4736328125 0.040625 0.044921875
2 0.57890625 0.478515625 0.0234375 0.046875
2 0.5953125 0.484375 0.040625 0.046875
2 0.6140625 0.4921875 0.0375 0.0703125
2 0.6328125 0.505859375 0.05 0.08984375
2 0.6671875 0.5107421875 0.078125 0.107421875
2 0.66640625 0.5322265625 0.0546875 0.095703125
2 0.75078125 0.5234375 0.1734375 0.15625
2 0.8109375 0.59375 0.215625 0.1953125
2 0.90390625 0.7177734375 0.1921875 0.302734375
