0 0.678125 0.61328125 0.021875 0.07421875
0 0.6578125 0.61328125 0.01875 0.07421875
0 0.61015625 0.6181640625 0.0234375 0.083984375
0 0.4984375 0.6064453125 0.009375 0.021484375
0 0.36171875 0.599609375 0.0078125 0.015625
0 0.371875 0.5966796875 0.00625 0.013671875
0 0.53203125 0.6044921875 0.0078125 0.021484375
2 0.44921875 0.5966796875 0.0296875 0.037109375
2 0.40625 0.59375 0.025 0.015625
2 0.4765625 0.603515625 0.01875 0.01953125
2 0.41640625 0.654296875 0.1140625 0.109375
2 0.34140625 0.6318359375 0.0484375 0.052734375
2 0.29296875 0.6142578125 0.0234375 0.025390625
2 0.09140625 0.662109375 0.1265625 0.10546875
