0 0.3515625 0.423828125 0.028125 0.1015625
0 0.66640625 0.453125 0.0359375 0.12109375
0 0.63671875 0.4521484375 0.0296875 0.119140625
2 0.0390625 0.4072265625 0.08125 0.091796875
2 0.24765625 0.439453125 0.1328125 0.109375
2 0.34921875 0.4267578125 0.0796875 0.068359375
2 0.38203125 0.419921875 0.0328125 0.05859375
2 0.40546875 0.41796875 0.0328125 0.0546875
2 0.4328125 0.416015625 0.03125 0.04296875
2 0.453125 0.4140625 0.025 0.03515625
2 0.46484375 0.408203125 0.0265625 0.03515625
2 0.48125 0.41015625 0.015625 0.02734375
2 0.48984375 0.408203125 0.0109375 0.0234375
2 0.6421875 0.435546875 0.08125 0.1015625
2 0.60546875 0.4326171875 0.0328125 0.076171875
2 0.59140625 0.4296875 0.0234375 0.05078125
2 0.58515625 0.4189453125 0.0296875 0.048828125
2 0.95625 0.5517578125 0.0875 0.123046875
2 0.17734375 0.4189453125 0.0671875 0.060546875
2 0.08359375 0.380859375 0.1046875 0.078125
