0 0.75703125 0.5009765625 0.0265625 0.107421875
0 0.7859375 0.5 0.03125 0.10546875
0 0.8171875 0.49609375 0.040625 0.125
0 0.85078125 0.498046875 0.0328125 0.1171875
0 0.2625 0.5 0.034375 0.12109375
0 0.01953125 0.5 0.0171875 0.0546875
0 0.21328125 0.4853515625 0.0140625 0.044921875
1 0.05625 0.517578125 0.04375 0.0546875
2 0.53515625 0.52734375 0.3546875 0.140625
2 0.40390625 0.4951171875 0.0671875 0.056640625
2 0.13984375 0.5087890625 0.1234375 0.103515625
2 0.3109375 0.494140625 0.028125 0.02734375
2 0.33125 0.4912109375 0.015625 0.025390625
2 0.34609375 0.4912109375 0.0203125 0.021484375
2 0.36796875 0.4931640625 0.0109375 0.013671875
