0 0.146875 0.48828125 0.028125 0.08984375
0 0.40703125 0.48828125 0.0140625 0.0546875
1 0.44609375 0.5048828125 0.0203125 0.048828125
2 0.54296875 0.4892578125 0.0671875 0.037109375
2 0.57890625 0.48828125 0.0296875 0.03515625
2 0.609375 0.4873046875 0.040625 0.033203125
2 0.6515625 0.4892578125 0.040625 0.037109375
2 0.7171875 0.48828125 0.084375 0.046875
2 0.7875 0.478515625 0.05625 0.0390625
2 0.81796875 0.5146484375 0.1390625 0.095703125
2 0.91171875 0.55859375 0.1765625 0.20703125
2 0.8921875 0.517578125 0.165625 0.12890625
14 0.6546875 0.466796875 0.08125 0.02734375
