0 0.3390625 0.4384765625 0.0125 0.044921875
6 0.30625 0.3798828125 0.04375 0.037109375
2 0.2546875 0.4287109375 0.025 0.033203125
2 0.26953125 0.423828125 0.0109375 0.0234375
2 0.30703125 0.4296875 0.0265625 0.03125
2 0.378125 0.4345703125 0.06875 0.037109375
2 0.39140625 0.4033203125 0.0203125 0.017578125
2 0.48984375 0.4345703125 0.0578125 0.029296875
2 0.43828125 0.4384765625 0.0515625 0.056640625
2 0.3453125 0.3974609375 0.01875 0.017578125
2 0.28046875 0.388671875 0.0171875 0.015625
2 0.2078125 0.4189453125 0.053125 0.021484375
2 0.6078125 0.43359375 0.075 0.03515625
