0 0.73359375 0.44921875 0.0171875 0.0625
0 0.74765625 0.4501953125 0.0140625 0.052734375
0 0.7625 0.4560546875 0.0125 0.044921875
0 0.8125 0.4521484375 0.0125 0.044921875
0 0.77265625 0.4482421875 0.0109375 0.052734375
0 0.19140625 0.4853515625 0.0078125 0.041015625
0 0.20234375 0.494140625 0.0078125 0.03515625
0 0.21015625 0.4931640625 0.0109375 0.037109375
0 0.22578125 0.4912109375 0.0140625 0.041015625
0 0.1015625 0.4951171875 0.0125 0.048828125
0 0.11796875 0.4921875 0.0171875 0.0546875
6 0.44453125 0.4658203125 0.0828125 0.091796875
14 0.6609375 0.4638671875 0.096875 0.048828125
2 0.38359375 0.4912109375 0.0296875 0.029296875
2 0.3375 0.4873046875 0.040625 0.041015625
2 0.5109375 0.484375 0.025 0.046875
2 0.5671875 0.50390625 0.11875 0.12109375
