0 0.6 0.4716796875 0.009375 0.037109375
0 0.5390625 0.4658203125 0.003125 0.013671875
1 0.64140625 0.5302734375 0.0359375 0.072265625
2 0.50234375 0.4677734375 0.0078125 0.013671875
2 0.4890625 0.46484375 0.01875 0.01953125
2 0.47109375 0.4658203125 0.0140625 0.017578125
2 0.45390625 0.46484375 0.0171875 0.01953125
2 0.43125 0.466796875 0.021875 0.0234375
2 0.32734375 0.4716796875 0.0328125 0.044921875
2 0.37578125 0.484375 0.0953125 0.08203125
2 0.28828125 0.4697265625 0.0609375 0.068359375
2 0.23671875 0.482421875 0.0828125 0.06640625
