0 0.24375 0.486328125 0.009375 0.03125
0 0.215625 0.482421875 0.009375 0.01953125
0 0.20625 0.4814453125 0.009375 0.017578125
0 0.1921875 0.4814453125 0.009375 0.037109375
0 0.1828125 0.4931640625 0.009375 0.052734375
0 0.15703125 0.4931640625 0.0140625 0.052734375
0 0.1296875 0.4853515625 0.0125 0.044921875
0 0.109375 0.4921875 0.00625 0.05078125
0 0.67265625 0.505859375 0.0109375 0.04296875
0 0.60625 0.5126953125 0.025 0.064453125
2 0.48125 0.498046875 0.021875 0.0234375
2 0.5390625 0.505859375 0.028125 0.03515625
2 0.41015625 0.521484375 0.0765625 0.07421875
