1 0.16953125 0.52734375 0.0421875 0.08984375
1 0.1953125 0.5380859375 0.053125 0.107421875
1 0.2671875 0.5087890625 0.040625 0.076171875
1 0.40546875 0.5517578125 0.1234375 0.134765625
1 0.83671875 0.578125 0.1828125 0.12109375
2 0.49609375 0.4775390625 0.0265625 0.041015625
2 0.50859375 0.4814453125 0.0265625 0.048828125
2 0.5484375 0.4814453125 0.078125 0.080078125
2 0.35 0.478515625 0.04375 0.046875
2 0.309375 0.4765625 0.0375 0.03515625
2 0.18203125 0.48046875 0.0859375 0.08203125
2 0.040625 0.5078125 0.08125 0.125
