0 0.74296875 0.466796875 0.0140625 0.0546875
0 0.72734375 0.4677734375 0.0109375 0.064453125
0 0.69765625 0.4501953125 0.0140625 0.033203125
0 0.575 0.466796875 0.0125 0.046875
0 0.5625 0.455078125 0.0125 0.01953125
1 0.8921875 0.5341796875 0.075 0.115234375
1 0.96953125 0.54296875 0.0453125 0.12109375
1 0.61015625 0.5322265625 0.0265625 0.068359375
2 0.43984375 0.486328125 0.0609375 0.05859375
2 0.06015625 0.486328125 0.1203125 0.0625
2 0.2109375 0.48046875 0.096875 0.08203125
2 0.284375 0.4853515625 0.05 0.037109375
2 0.31640625 0.4765625 0.0265625 0.0390625
2 0.34375 0.482421875 0.021875 0.0234375
2 0.36640625 0.4736328125 0.0234375 0.025390625
2 0.3875 0.474609375 0.0125 0.01171875
2 0.3921875 0.470703125 0.0125 0.01171875
