4 0.27578125 0.455078125 0.2078125 0.203125
2 0.87890625 0.5380859375 0.2421875 0.232421875
2 0.696875 0.5009765625 0.134375 0.138671875
2 0.625 0.4990234375 0.05 0.087890625
2 0.60078125 0.5009765625 0.0296875 0.060546875
2 0.58515625 0.494140625 0.0453125 0.0625
2 0.5640625 0.4921875 0.021875 0.046875
2 0.553125 0.4921875 0.01875 0.0390625
2 0.53984375 0.4892578125 0.0203125 0.033203125
2 0.5265625 0.48828125 0.015625 0.02734375
2 0.4984375 0.4873046875 0.015625 0.017578125
2 0.44765625 0.4892578125 0.0359375 0.017578125
2 0.48203125 0.4892578125 0.0171875 0.009765625
