0 0.69453125 0.4599609375 0.0140625 0.033203125
0 0.65625 0.4501953125 0.00625 0.017578125
0 0.7140625 0.46484375 0.003125 0.01953125
0 0.478125 0.4521484375 0.00625 0.017578125
0 0.2390625 0.4736328125 0.015625 0.052734375
0 0.3078125 0.455078125 0.0125 0.01953125
1 0.89609375 0.5556640625 0.0484375 0.099609375
1 0.76171875 0.576171875 0.0328125 0.08984375
1 0.30546875 0.4951171875 0.0171875 0.041015625
2 0.578125 0.4501953125 0.009375 0.009765625
2 0.5703125 0.451171875 0.009375 0.01171875
2 0.553125 0.4599609375 0.034375 0.029296875
2 0.53046875 0.4580078125 0.0359375 0.029296875
