0 0.8453125 0.517578125 0.025 0.12109375
0 0.82265625 0.521484375 0.0203125 0.1171875
0 0.775 0.515625 0.021875 0.08984375
0 0.73984375 0.49609375 0.0109375 0.03125
0 0.665625 0.4951171875 0.009375 0.044921875
0 0.65390625 0.494140625 0.0140625 0.046875
0 0.59453125 0.490234375 0.0046875 0.03125
0 0.5671875 0.486328125 0.003125 0.0078125
0 0.57265625 0.4892578125 0.0046875 0.017578125
0 0.5421875 0.4990234375 0.009375 0.013671875
0 0.0859375 0.4892578125 0.009375 0.037109375
0 0.09921875 0.4912109375 0.0078125 0.029296875
0 0.33359375 0.4794921875 0.0078125 0.009765625
0 0.36640625 0.486328125 0.0046875 0.01953125
0 0.35078125 0.4853515625 0.0046875 0.021484375
0 0.371875 0.4814453125 0.00625 0.013671875
1 0.94140625 0.6142578125 0.0703125 0.142578125
1 0.2578125 0.560546875 0.034375 0.078125
2 0.5234375 0.494140625 0.015625 0.01953125
2 0.46796875 0.5234375 0.0796875 0.08203125
