0 0.23046875 0.5400390625 0.0109375 0.037109375
0 0.25546875 0.53515625 0.0140625 0.0390625
0 0.26640625 0.533203125 0.0078125 0.03515625
0 0.30625 0.541015625 0.009375 0.0390625
0 0.9796875 0.5224609375 0.040625 0.138671875
0 0.921875 0.5263671875 0.034375 0.103515625
0 0.89296875 0.51171875 0.0296875 0.11328125
0 0.8640625 0.51953125 0.0375 0.109375
0 0.76484375 0.5234375 0.0296875 0.1015625
0 0.73046875 0.53125 0.0140625 0.07421875
0 0.79921875 0.4951171875 0.0140625 0.044921875
0 0.71015625 0.5322265625 0.0203125 0.080078125
0 0.69609375 0.52734375 0.0203125 0.08984375
0 0.678125 0.533203125 0.028125 0.08203125
0 0.66015625 0.53515625 0.0203125 0.0703125
0 0.6421875 0.5419921875 0.015625 0.052734375
0 0.58359375 0.5390625 0.0140625 0.046875
0 0.59609375 0.537109375 0.0109375 0.04296875
0 0.615625 0.5390625 0.0125 0.05078125
0 0.56015625 0.541015625 0.0140625 0.046875
0 0.5703125 0.5380859375 0.0125 0.037109375
0 0.64296875 0.5048828125 0.0078125 0.021484375
0 0.6328125 0.51171875 0.0125 0.03125
0 0.528125 0.529296875 0.0125 0.0390625
0 0.54296875 0.53125 0.0140625 0.0390625
0 0.57578125 0.509765625 0.0109375 0.0234375
0 0.58515625 0.509765625 0.0109375 0.0234375
0 0.5109375 0.5107421875 0.00625 0.017578125
0 0.51484375 0.509765625 0.0078125 0.01953125
0 0.60546875 0.5419921875 0.0140625 0.044921875
2 0.16640625 0.5498046875 0.0921875 0.056640625
2 0.33359375 0.5380859375 0.0359375 0.041015625
2 0.35078125 0.533203125 0.0203125 0.03125
2 0.37890625 0.5322265625 0.0328125 0.033203125
2 0.39453125 0.5234375 0.0203125 0.02734375
2 0.409375 0.513671875 0.025 0.0234375
2 0.46328125 0.548828125 0.0828125 0.08203125
2 0.41171875 0.552734375 0.0421875 0.0625
2 0.43359375 0.5 0.0171875 0.01171875
2 0.46484375 0.501953125 0.0234375 0.01171875
2 0.365625 0.5107421875 0.025 0.017578125
2 0.38828125 0.4990234375 0.0203125 0.017578125
2 0.4125 0.4921875 0.015625 0.015625
