0 0.884375 0.5009765625 0.05 0.158203125
2 0.0859375 0.46875 0.171875 0.17578125
2 0.1921875 0.45703125 0.19375 0.140625
2 0.25078125 0.419921875 0.1015625 0.06640625
2 0.38671875 0.4775390625 0.0640625 0.048828125
2 0.3640625 0.4599609375 0.028125 0.033203125
2 0.41875 0.4638671875 0.046875 0.037109375
2 0.50234375 0.474609375 0.0328125 0.0390625
2 0.64375 0.46875 0.021875 0.01953125
2 0.671875 0.470703125 0.03125 0.01953125
2 0.73203125 0.46875 0.0234375 0.0234375
2 0.75234375 0.4697265625 0.0265625 0.025390625
2 0.83359375 0.478515625 0.0171875 0.015625
14 0.584375 0.45703125 0.0375 0.0546875
