0 0.81015625 0.509765625 0.0203125 0.07421875
0 0.83125 0.5029296875 0.021875 0.068359375
0 0.7 0.5078125 0.009375 0.0625
0 0.66953125 0.49609375 0.0140625 0.03125
0 0.6609375 0.494140625 0.009375 0.03125
0 0.05078125 0.53125 0.0265625 0.09765625
0 0.0640625 0.52734375 0.021875 0.1015625
0 0.25234375 0.50390625 0.0171875 0.03515625
0 0.32734375 0.484375 0.0140625 0.01953125
0 0.64296875 0.4892578125 0.0078125 0.013671875
0 0.59375 0.484375 0.00625 0.01171875
1 0.78046875 0.568359375 0.1171875 0.09765625
2 0.3046875 0.515625 0.059375 0.06640625
2 0.34140625 0.5146484375 0.0390625 0.048828125
2 0.42890625 0.509765625 0.0484375 0.046875
2 0.5046875 0.4765625 0.009375 0.01171875
2 0.51875 0.4775390625 0.00625 0.009765625
2 0.51640625 0.5634765625 0.1484375 0.150390625
