0 0.8703125 0.4365234375 0.021875 0.076171875
0 0.90703125 0.439453125 0.0203125 0.0703125
0 0.95 0.42578125 0.009375 0.0390625
0 0.99140625 0.451171875 0.0171875 0.08203125
0 0.34453125 0.390625 0.0109375 0.03125
0 0.3515625 0.388671875 0.0125 0.04296875
1 0.31640625 0.4296875 0.0359375 0.046875
1 0.71875 0.44921875 0.05625 0.05078125
1 0.803125 0.4765625 0.03125 0.0625
1 0.8375 0.4580078125 0.028125 0.052734375
1 0.8765625 0.453125 0.05 0.04296875
1 0.98359375 0.4619140625 0.0328125 0.041015625
2 0.434375 0.408203125 0.034375 0.0390625
2 0.5609375 0.5654296875 0.39375 0.373046875
