0 0.71640625 0.4736328125 0.0234375 0.072265625
0 0.32578125 0.4404296875 0.0234375 0.048828125
2 0.88203125 0.509765625 0.2171875 0.10546875
2 0.67734375 0.458984375 0.0421875 0.03515625
2 0.6328125 0.4541015625 0.028125 0.029296875
2 0.60703125 0.4541015625 0.0265625 0.025390625
2 0.59609375 0.44921875 0.0171875 0.0234375
2 0.58125 0.4482421875 0.015625 0.021484375
2 0.571875 0.44921875 0.0125 0.01953125
2 0.55859375 0.447265625 0.0140625 0.015625
2 0.5046875 0.4443359375 0.009375 0.009765625
2 0.48125 0.4443359375 0.01875 0.025390625
2 0.47578125 0.4521484375 0.0109375 0.021484375
2 0.4671875 0.451171875 0.015625 0.02734375
2 0.45859375 0.4521484375 0.0203125 0.029296875
2 0.4484375 0.4541015625 0.021875 0.033203125
2 0.4265625 0.453125 0.034375 0.0546875
2 0.49765625 0.4443359375 0.0140625 0.013671875
2 0.39765625 0.4638671875 0.0546875 0.064453125
2 0.375 0.470703125 0.084375 0.0625
2 0.2734375 0.4853515625 0.125 0.123046875
2 0.16953125 0.4658203125 0.1328125 0.064453125
2 0.03671875 0.4541015625 0.0734375 0.048828125
2 0.71484375 0.4677734375 0.0421875 0.052734375
