0 0.73203125 0.59765625 0.0484375 0.11328125
0 0.73359375 0.6337890625 0.0734375 0.220703125
0 0.6578125 0.640625 0.08125 0.2421875
0 0.62109375 0.6435546875 0.0953125 0.275390625
0 0.46640625 0.5390625 0.0203125 0.0390625
0 0.43203125 0.55078125 0.0203125 0.06640625
2 0.9078125 0.55078125 0.0625 0.0546875
2 0.99140625 0.533203125 0.0171875 0.0390625
2 0.959375 0.537109375 0.06875 0.0625
2 0.20234375 0.556640625 0.0203125 0.05078125
2 0.22890625 0.5419921875 0.0390625 0.044921875
2 0.2578125 0.5361328125 0.021875 0.037109375
2 0.28125 0.5322265625 0.03125 0.033203125
2 0.353125 0.5419921875 0.025 0.033203125
2 0.36796875 0.552734375 0.0296875 0.05078125
2 0.3984375 0.5595703125 0.040625 0.048828125
2 0.53046875 0.564453125 0.1640625 0.078125
