4 0.03203125 0.4580078125 0.0640625 0.119140625
0 0.20703125 0.5283203125 0.1546875 0.322265625
0 0.55546875 0.4619140625 0.0078125 0.029296875
0 0.54765625 0.4619140625 0.0078125 0.029296875
0 0.78671875 0.4521484375 0.0296875 0.044921875
6 0.45703125 0.4501953125 0.0140625 0.021484375
2 0.184375 0.48046875 0.08125 0.08984375
2 0.1328125 0.48046875 0.034375 0.04296875
2 0.365625 0.5029296875 0.303125 0.130859375
2 0.4703125 0.4619140625 0.015625 0.021484375
2 0.9203125 0.5009765625 0.159375 0.126953125
