6 0.43671875 0.4853515625 0.0515625 0.056640625
2 0.14921875 0.6689453125 0.2984375 0.310546875
2 0.51328125 0.6875 0.3296875 0.359375
2 0.55625 0.517578125 0.159375 0.0625
2 0.35234375 0.5048828125 0.0453125 0.044921875
2 0.38203125 0.498046875 0.0265625 0.04296875
2 0.39609375 0.498046875 0.0359375 0.0390625
2 0.4703125 0.4873046875 0.01875 0.025390625
2 0.5140625 0.4755859375 0.021875 0.021484375
2 0.56796875 0.466796875 0.0140625 0.01171875
2 0.58984375 0.46484375 0.0109375 0.01171875
2 0.615625 0.4619140625 0.009375 0.009765625
2 0.253125 0.578125 0.08125 0.125
2 0.08828125 0.513671875 0.0921875 0.0234375
2 0.603125 0.4580078125 0.00625 0.005859375
