0 0.896875 0.490234375 0.025 0.09375
0 0.85546875 0.447265625 0.0265625 0.046875
0 0.81484375 0.455078125 0.0140625 0.02734375
0 0.20078125 0.474609375 0.0109375 0.046875
0 0.31015625 0.470703125 0.0078125 0.02734375
0 0.5640625 0.466796875 0.00625 0.0234375
0 0.16953125 0.4716796875 0.0078125 0.041015625
1 0.05859375 0.5361328125 0.0484375 0.099609375
1 0.115625 0.5244140625 0.040625 0.083984375
2 0.40078125 0.470703125 0.0265625 0.03125
2 0.35234375 0.4814453125 0.0640625 0.064453125
2 0.4609375 0.4814453125 0.08125 0.091796875
2 0.6328125 0.505859375 0.115625 0.109375
