0 0.61953125 0.458984375 0.0109375 0.03515625
0 0.52265625 0.4521484375 0.0046875 0.017578125
0 0.51171875 0.4521484375 0.0078125 0.021484375
1 0.59921875 0.482421875 0.0140625 0.02734375
2 0.87265625 0.4814453125 0.0421875 0.041015625
2 0.9515625 0.4794921875 0.046875 0.060546875
2 0.5171875 0.4560546875 0.00625 0.005859375
2 0.47890625 0.455078125 0.0109375 0.01171875
2 0.4859375 0.455078125 0.00625 0.0078125
2 0.4921875 0.4560546875 0.00625 0.005859375
2 0.496875 0.4580078125 0.00625 0.005859375
2 0.46875 0.453125 0.009375 0.015625
2 0.4609375 0.4521484375 0.0125 0.017578125
2 0.45546875 0.4560546875 0.0140625 0.017578125
2 0.42890625 0.4599609375 0.0203125 0.025390625
2 0.409375 0.4638671875 0.028125 0.029296875
2 0.3828125 0.466796875 0.046875 0.0390625
2 0.40859375 0.44921875 0.0234375 0.01171875
2 0.23125 0.48828125 0.05 0.0703125
2 0.175 0.494140625 0.0875 0.1015625
2 0.0703125 0.494140625 0.140625 0.15234375
