0 0.61171875 0.5068359375 0.0546875 0.134765625
2 0.37265625 0.4599609375 0.0328125 0.068359375
2 0.33125 0.4677734375 0.090625 0.091796875
2 0.409375 0.4345703125 0.034375 0.033203125
2 0.44296875 0.4404296875 0.0109375 0.009765625
2 0.47109375 0.44140625 0.0140625 0.01171875
2 0.6015625 0.455078125 0.053125 0.05078125
2 0.56796875 0.4443359375 0.0296875 0.033203125
2 0.56171875 0.4326171875 0.0390625 0.048828125
2 0.53671875 0.4345703125 0.0203125 0.033203125
2 0.51875 0.435546875 0.01875 0.0234375
14 0.5625 0.5302734375 0.05625 0.083984375
