0 0.46015625 0.4541015625 0.0046875 0.021484375
0 0.4515625 0.4599609375 0.0125 0.029296875
0 0.4390625 0.45703125 0.00625 0.0234375
0 0.4328125 0.45703125 0.00625 0.0234375
0 0.42734375 0.45703125 0.0078125 0.0234375
0 0.3859375 0.462890625 0.009375 0.03125
0 0.378125 0.4619140625 0.00625 0.033203125
0 0.37109375 0.4619140625 0.0078125 0.033203125
2 0.71328125 0.5283203125 0.1078125 0.099609375
2 0.66640625 0.509765625 0.0578125 0.0703125
2 0.64375 0.4931640625 0.06875 0.076171875
2 0.60625 0.482421875 0.034375 0.05078125
2 0.59375 0.478515625 0.021875 0.04296875
2 0.58984375 0.474609375 0.0203125 0.03515625
2 0.5859375 0.46875 0.0375 0.0390625
2 0.559375 0.462890625 0.021875 0.0234375
2 0.54921875 0.4599609375 0.0078125 0.017578125
2 0.54296875 0.458984375 0.0078125 0.01171875
2 0.5359375 0.4560546875 0.009375 0.009765625
2 0.53046875 0.453125 0.0109375 0.01171875
2 0.50703125 0.4599609375 0.0234375 0.025390625
2 0.7109375 0.4658203125 0.015625 0.013671875
