0 0.12421875 0.4736328125 0.0203125 0.076171875
0 0.8296875 0.4677734375 0.0375 0.138671875
0 0.871875 0.4736328125 0.040625 0.123046875
0 0.2390625 0.4716796875 0.009375 0.033203125
1 0.071875 0.517578125 0.046875 0.12109375
1 0.20234375 0.5 0.0296875 0.05859375
1 0.36875 0.4814453125 0.015625 0.029296875
1 0.40078125 0.490234375 0.0203125 0.046875
1 0.44296875 0.4853515625 0.0203125 0.060546875
1 0.60390625 0.5341796875 0.0515625 0.099609375
1 0.76953125 0.5849609375 0.0953125 0.162109375
2 0.29921875 0.4677734375 0.0390625 0.021484375
2 0.3484375 0.4638671875 0.01875 0.017578125
2 0.47890625 0.4794921875 0.0484375 0.052734375
2 0.55546875 0.48828125 0.0796875 0.0859375
2 0.63828125 0.505859375 0.1140625 0.109375
2 0.70703125 0.521484375 0.1578125 0.12890625
