0 0.79140625 0.4892578125 0.0109375 0.025390625
2 0.66640625 0.546875 0.0890625 0.08203125
2 0.79609375 0.57421875 0.1703125 0.1484375
2 0.9875 0.6494140625 0.025 0.150390625
2 0.5890625 0.7646484375 0.45625 0.443359375
2 0.54140625 0.4775390625 0.2203125 0.248046875
2 0.2015625 0.609375 0.253125 0.19921875
2 0.41640625 0.521484375 0.0609375 0.06640625
2 0.37890625 0.5419921875 0.0984375 0.091796875
2 0.1578125 0.5302734375 0.109375 0.076171875
2 0.22421875 0.5166015625 0.1453125 0.064453125
2 0.3 0.525390625 0.084375 0.06640625
2 0.425 0.498046875 0.0375 0.046875
