0 0.79921875 0.548828125 0.0234375 0.078125
0 0.68515625 0.5205078125 0.0078125 0.025390625
0 0.6484375 0.541015625 0.015625 0.05078125
0 0.8765625 0.6103515625 0.071875 0.146484375
2 0.5609375 0.5283203125 0.0125 0.013671875
2 0.51640625 0.5224609375 0.0140625 0.017578125
2 0.390625 0.5341796875 0.040625 0.056640625
2 0.2671875 0.5732421875 0.153125 0.138671875
2 0.1046875 0.66015625 0.209375 0.2265625
2 0.5609375 0.5947265625 0.10625 0.119140625
14 0.84375 0.568359375 0.090625 0.12109375
14 0.4359375 0.5263671875 0.05 0.056640625
