0 0.55625 0.5048828125 0.065625 0.134765625
2 0.06640625 0.6181640625 0.1328125 0.248046875
2 0.3296875 0.4677734375 0.0875 0.091796875
2 0.371875 0.45703125 0.0375 0.07421875
2 0.4078125 0.4345703125 0.034375 0.033203125
2 0.428125 0.43359375 0.0125 0.03125
2 0.6015625 0.4541015625 0.05625 0.048828125
2 0.56796875 0.443359375 0.0265625 0.03125
2 0.56015625 0.431640625 0.0421875 0.05078125
2 0.5359375 0.4365234375 0.01875 0.033203125
2 0.51953125 0.435546875 0.0140625 0.0234375
14 0.50390625 0.53125 0.0578125 0.0859375
