0 0.0125 0.5302734375 0.025 0.166015625
0 0.43046875 0.4609375 0.0078125 0.03515625
1 0.403125 0.580078125 0.05 0.11328125
1 0.46796875 0.4560546875 0.0078125 0.013671875
2 0.27109375 0.455078125 0.0265625 0.02734375
2 0.30234375 0.4931640625 0.0890625 0.083984375
2 0.3171875 0.4443359375 0.040625 0.017578125
2 0.35390625 0.48828125 0.0265625 0.05859375
2 0.3671875 0.4833984375 0.025 0.052734375
2 0.38125 0.4541015625 0.0375 0.033203125
2 0.41640625 0.466796875 0.0203125 0.03515625
2 0.4296875 0.4560546875 0.025 0.025390625
2 0.44296875 0.453125 0.0171875 0.0234375
2 0.45078125 0.4482421875 0.0203125 0.021484375
2 0.6328125 0.5146484375 0.06875 0.087890625
2 0.56953125 0.4814453125 0.0421875 0.072265625
2 0.55859375 0.47265625 0.0421875 0.0625
2 0.54140625 0.46875 0.0203125 0.046875
2 0.53203125 0.4609375 0.0234375 0.03125
2 0.521875 0.451171875 0.01875 0.0234375
2 0.47734375 0.4443359375 0.0109375 0.013671875
2 0.48203125 0.4404296875 0.0109375 0.013671875
14 0.59296875 0.6240234375 0.0234375 0.021484375
14 0.60703125 0.46875 0.0703125 0.08203125
