0 0.9703125 0.45703125 0.04375 0.09765625
0 0.71875 0.4287109375 0.015625 0.021484375
0 0.646875 0.4453125 0.0125 0.03515625
0 0.6375 0.4404296875 0.009375 0.033203125
0 0.54296875 0.431640625 0.0078125 0.01953125
0 0.04921875 0.4345703125 0.0265625 0.044921875
2 0.74140625 0.474609375 0.1046875 0.08203125
2 0.68515625 0.4638671875 0.0546875 0.056640625
2 0.41171875 0.4384765625 0.0171875 0.021484375
2 0.39140625 0.4423828125 0.0296875 0.025390625
2 0.328125 0.4609375 0.090625 0.08203125
2 0.09375 0.4697265625 0.115625 0.091796875
