0 0.55546875 0.474609375 0.0140625 0.05078125
0 0.57421875 0.47265625 0.0078125 0.03515625
0 0.59765625 0.462890625 0.0109375 0.01953125
1 0.2203125 0.4990234375 0.025 0.056640625
1 0.253125 0.4912109375 0.01875 0.048828125
1 0.2640625 0.486328125 0.0125 0.03515625
1 0.28046875 0.4873046875 0.0171875 0.041015625
2 0.37890625 0.470703125 0.0328125 0.0390625
2 0.33359375 0.4794921875 0.0734375 0.068359375
2 0.44765625 0.48046875 0.1015625 0.11328125
2 0.65390625 0.5146484375 0.1421875 0.134765625
