0 0.14453125 0.498046875 0.0109375 0.04296875
0 0.15859375 0.49609375 0.0140625 0.04296875
0 0.21328125 0.4912109375 0.0078125 0.037109375
0 0.22421875 0.4970703125 0.0078125 0.033203125
0 0.23203125 0.498046875 0.0078125 0.03515625
0 0.24375 0.49609375 0.0125 0.03515625
0 0.76875 0.4541015625 0.015625 0.037109375
0 0.6984375 0.4560546875 0.015625 0.044921875
0 0.7375 0.4609375 0.009375 0.03125
0 0.60234375 0.4775390625 0.0078125 0.029296875
6 0.45078125 0.470703125 0.0640625 0.0859375
14 0.63515625 0.466796875 0.0765625 0.0390625
2 0.496875 0.4853515625 0.021875 0.064453125
2 0.5421875 0.5078125 0.10625 0.1171875
2 0.36171875 0.4951171875 0.0296875 0.033203125
2 0.4046875 0.4912109375 0.034375 0.041015625
