0 0.671875 0.470703125 0.034375 0.08984375
0 0.559375 0.4677734375 0.0125 0.029296875
0 0.49921875 0.458984375 0.0078125 0.0234375
0 0.4640625 0.46484375 0.00625 0.0234375
0 0.40078125 0.46484375 0.0078125 0.0234375
0 0.25078125 0.46875 0.0140625 0.046875
0 0.1546875 0.474609375 0.028125 0.07421875
0 0.41875 0.466796875 0.00625 0.015625
0 0.5734375 0.4697265625 0.009375 0.052734375
1 0.909375 0.5126953125 0.040625 0.087890625
1 0.60703125 0.4892578125 0.0265625 0.060546875
1 0.63671875 0.4912109375 0.0296875 0.056640625
1 0.48359375 0.5029296875 0.0171875 0.048828125
1 0.5265625 0.501953125 0.015625 0.05078125
1 0.3390625 0.4736328125 0.015625 0.033203125
1 0.29921875 0.4853515625 0.0203125 0.037109375
1 0.26171875 0.4921875 0.0203125 0.05078125
1 0.20625 0.501953125 0.034375 0.0625
1 0.17578125 0.5048828125 0.0328125 0.064453125
1 0.80703125 0.56640625 0.0859375 0.15234375
2 0.81328125 0.5126953125 0.1859375 0.146484375
2 0.45390625 0.4658203125 0.0140625 0.013671875
2 0.43046875 0.46484375 0.0140625 0.015625
