0 0.86484375 0.4775390625 0.0390625 0.142578125
0 0.88046875 0.474609375 0.0265625 0.11328125
0 0.921875 0.486328125 0.0375 0.16015625
0 0.9390625 0.4873046875 0.03125 0.138671875
0 0.77109375 0.4833984375 0.0296875 0.052734375
0 0.72421875 0.4716796875 0.0234375 0.083984375
0 0.74375 0.4638671875 0.025 0.080078125
0 0.27578125 0.4912109375 0.0140625 0.048828125
2 0.4421875 0.486328125 0.115625 0.12890625
2 0.3703125 0.4853515625 0.034375 0.048828125
2 0.32734375 0.4931640625 0.0703125 0.056640625
2 0.1671875 0.5087890625 0.203125 0.181640625
