0 0.8046875 0.447265625 0.025 0.09375
0 0.7796875 0.4462890625 0.03125 0.095703125
0 0.75703125 0.44921875 0.0234375 0.078125
1 0.52734375 0.44921875 0.0140625 0.03125
2 0.5859375 0.4501953125 0.05625 0.052734375
2 0.490625 0.423828125 0.015625 0.015625
2 0.46640625 0.4150390625 0.0109375 0.009765625
2 0.45859375 0.423828125 0.0109375 0.01171875
2 0.43984375 0.41796875 0.0109375 0.01171875
2 0.390625 0.4375 0.025 0.0234375
2 0.11171875 0.462890625 0.1140625 0.05859375
2 0.40703125 0.41796875 0.0171875 0.015625
