0 0.33515625 0.5 0.0078125 0.03125
0 0.04140625 0.6103515625 0.0828125 0.275390625
0 0.08046875 0.623046875 0.1140625 0.30078125
2 0.6828125 0.5224609375 0.0625 0.060546875
2 0.62734375 0.51171875 0.0453125 0.046875
2 0.53984375 0.498046875 0.0171875 0.0234375
2 0.525 0.505859375 0.028125 0.02734375
2 0.4984375 0.5029296875 0.0125 0.017578125
2 0.4875 0.5068359375 0.021875 0.021484375
2 0.465625 0.5048828125 0.021875 0.021484375
2 0.353125 0.5107421875 0.03125 0.029296875
2 0.40859375 0.4873046875 0.0796875 0.115234375
