0 0.921875 0.49609375 0.025 0.09375
0 0.55390625 0.4482421875 0.0078125 0.021484375
0 0.515625 0.4501953125 0.009375 0.029296875
0 0.115625 0.4560546875 0.009375 0.029296875
2 0.9546875 0.4697265625 0.090625 0.052734375
2 0.87421875 0.4638671875 0.0640625 0.029296875
2 0.78515625 0.453125 0.0390625 0.0234375
2 0.65859375 0.4423828125 0.0609375 0.021484375
2 0.4625 0.474609375 0.090625 0.09765625
2 0.39453125 0.4541015625 0.0265625 0.025390625
2 0.36015625 0.462890625 0.0453125 0.04296875
2 0.28671875 0.4638671875 0.0546875 0.056640625
