0 0.47265625 0.462890625 0.0109375 0.05078125
6 0.63515625 0.4169921875 0.1828125 0.236328125
2 0.15546875 0.4814453125 0.1546875 0.138671875
2 0.23984375 0.4716796875 0.0578125 0.103515625
2 0.284375 0.47265625 0.046875 0.078125
2 0.31953125 0.46484375 0.0328125 0.0625
2 0.34296875 0.46484375 0.0234375 0.0546875
6 0.35546875 0.453125 0.0453125 0.06640625
2 0.3828125 0.462890625 0.009375 0.03125
2 0.41171875 0.4677734375 0.0515625 0.048828125
2 0.4703125 0.462890625 0.0375 0.05078125
2 0.49921875 0.47265625 0.0546875 0.0546875
2 0.5375 0.455078125 0.034375 0.03125
2 0.54140625 0.478515625 0.0296875 0.0546875
2 0.6734375 0.4794921875 0.1625 0.162109375
2 0.840625 0.5029296875 0.2875 0.228515625
