0 0.2609375 0.466796875 0.015625 0.0546875
0 0.36484375 0.45703125 0.0078125 0.03125
0 0.3703125 0.4580078125 0.00625 0.029296875
0 0.3984375 0.4560546875 0.00625 0.021484375
0 0.65546875 0.4677734375 0.0203125 0.068359375
2 0.021875 0.5341796875 0.04375 0.099609375
2 0.06640625 0.48046875 0.1328125 0.09765625
2 0.31171875 0.4736328125 0.0640625 0.072265625
2 0.421875 0.462890625 0.028125 0.02734375
2 0.43359375 0.4599609375 0.0203125 0.025390625
2 0.45078125 0.4599609375 0.0171875 0.021484375
2 0.47578125 0.4541015625 0.0203125 0.021484375
2 0.48984375 0.45703125 0.0203125 0.01953125
2 0.5390625 0.453125 0.0125 0.01171875
2 0.52421875 0.453125 0.0109375 0.01171875
2 0.51171875 0.4541015625 0.0109375 0.013671875
0 0.06875 0.4521484375 0.015625 0.021484375
