0 0.02578125 0.5126953125 0.0109375 0.048828125
0 0.0390625 0.5126953125 0.01875 0.048828125
0 0.078125 0.5107421875 0.009375 0.052734375
0 0.084375 0.509765625 0.009375 0.04296875
0 0.1921875 0.494140625 0.015625 0.03515625
0 0.25703125 0.482421875 0.0109375 0.03125
0 0.28125 0.4794921875 0.009375 0.033203125
0 0.2890625 0.478515625 0.009375 0.03515625
0 0.3640625 0.486328125 0.0125 0.046875
0 0.3546875 0.4775390625 0.015625 0.041015625
0 0.44296875 0.4833984375 0.0109375 0.033203125
0 0.47109375 0.4736328125 0.0109375 0.037109375
0 0.46328125 0.47265625 0.0078125 0.04296875
0 0.4546875 0.470703125 0.009375 0.04296875
0 0.5109375 0.462890625 0.009375 0.03515625
0 0.8109375 0.5390625 0.059375 0.2265625
0 0.85078125 0.5546875 0.0671875 0.26171875
0 0.909375 0.5458984375 0.075 0.263671875
0 0.87890625 0.5390625 0.0421875 0.20703125
0 0.92578125 0.4560546875 0.0203125 0.052734375
0 0.95234375 0.4619140625 0.0203125 0.080078125
0 0.96953125 0.451171875 0.0203125 0.0625
0 0.9765625 0.4365234375 0.021875 0.052734375
2 0.01640625 0.5244140625 0.0328125 0.041015625
2 0.25625 0.5947265625 0.196875 0.189453125
2 0.33515625 0.4921875 0.0515625 0.04296875
2 0.4390625 0.4697265625 0.03125 0.037109375
2 0.6265625 0.4892578125 0.18125 0.091796875
2 0.7609375 0.5078125 0.121875 0.09375
2 0.9609375 0.55859375 0.078125 0.2109375
