0 0.21953125 0.453125 0.0140625 0.0546875
0 0.24375 0.4775390625 0.028125 0.103515625
0 0.3828125 0.4638671875 0.01875 0.056640625
0 0.4 0.4677734375 0.01875 0.044921875
0 0.428125 0.4638671875 0.0125 0.044921875
0 0.43828125 0.458984375 0.0078125 0.03125
0 0.4640625 0.4609375 0.009375 0.03125
0 0.46953125 0.4609375 0.0046875 0.03125
0 0.48125 0.4619140625 0.009375 0.033203125
0 0.490625 0.458984375 0.00625 0.01953125
0 0.50390625 0.4599609375 0.0046875 0.017578125
0 0.67421875 0.458984375 0.0046875 0.015625
0 0.6796875 0.458984375 0.009375 0.0234375
0 0.63359375 0.4619140625 0.0046875 0.017578125
1 0.028125 0.53125 0.059375 0.15234375
1 0.19296875 0.5205078125 0.0453125 0.087890625
2 0.565625 0.458984375 0.009375 0.01171875
2 0.61953125 0.462890625 0.0109375 0.01171875
2 0.65234375 0.4755859375 0.0453125 0.044921875
2 0.703125 0.49609375 0.084375 0.09375
2 0.721875 0.521484375 0.06875 0.109375
2 0.803125 0.5546875 0.1875 0.16796875
1 0.05390625 0.5341796875 0.0703125 0.123046875
