0 0.7390625 0.4384765625 0.0125 0.029296875
0 0.72578125 0.435546875 0.0078125 0.03515625
0 0.58359375 0.45703125 0.0140625 0.046875
0 0.5671875 0.453125 0.015625 0.0546875
2 0.41171875 0.4736328125 0.0546875 0.060546875
2 0.3578125 0.453125 0.0125 0.015625
2 0.315625 0.4697265625 0.05 0.060546875
2 0.25390625 0.490234375 0.1078125 0.09375
2 0.18671875 0.4765625 0.0609375 0.05859375
2 0.15078125 0.4716796875 0.0203125 0.033203125
2 0.13359375 0.474609375 0.0296875 0.03515625
2 0.11640625 0.478515625 0.0296875 0.03515625
2 0.09765625 0.48046875 0.0296875 0.03515625
2 0.06796875 0.482421875 0.0484375 0.04296875
2 0.02265625 0.482421875 0.0453125 0.10546875
