0 0.5109375 0.453125 0.0125 0.04296875
1 0.3109375 0.5283203125 0.0375 0.080078125
1 0.4328125 0.458984375 0.015625 0.03125
1 0.79296875 0.4609375 0.0515625 0.03515625
2 0.1453125 0.5390625 0.203125 0.19921875
2 0.27109375 0.5009765625 0.0640625 0.080078125
2 0.34453125 0.47265625 0.0546875 0.05859375
2 0.3703125 0.4599609375 0.04375 0.044921875
2 0.3890625 0.455078125 0.021875 0.0390625
2 0.39453125 0.4462890625 0.0421875 0.048828125
2 0.4171875 0.4423828125 0.015625 0.033203125
2 0.44140625 0.4326171875 0.0109375 0.021484375
2 0.45 0.431640625 0.009375 0.01953125
2 0.45859375 0.4306640625 0.0109375 0.017578125
2 0.46640625 0.4306640625 0.0078125 0.013671875
2 0.4921875 0.4384765625 0.021875 0.025390625
2 0.52734375 0.455078125 0.0203125 0.0390625
2 0.54609375 0.4580078125 0.0234375 0.048828125
2 0.58046875 0.462890625 0.0765625 0.078125
2 0.62890625 0.4873046875 0.0921875 0.095703125
2 0.64453125 0.5205078125 0.1015625 0.103515625
2 0.71484375 0.5615234375 0.1640625 0.150390625
2 0.5234375 0.431640625 0.021875 0.015625
2 0.1625 0.44140625 0.075 0.01953125
14 0.478125 0.47265625 0.00625 0.00390625
