4 0.7453125 0.4736328125 0.0375 0.048828125
4 0.71328125 0.466796875 0.0265625 0.01953125
6 0.78203125 0.4658203125 0.0453125 0.068359375
2 0.06328125 0.5322265625 0.1078125 0.048828125
2 0.0234375 0.6279296875 0.046875 0.091796875
2 0.28359375 0.5146484375 0.0671875 0.033203125
2 0.4375 0.548828125 0.128125 0.1015625
2 0.53828125 0.4951171875 0.0390625 0.021484375
2 0.37734375 0.5126953125 0.0484375 0.029296875
2 0.45703125 0.5107421875 0.0765625 0.037109375
2 0.7328125 0.4853515625 0.034375 0.037109375
2 0.7015625 0.515625 0.075 0.078125
2 0.675 0.4853515625 0.01875 0.025390625
2 0.6484375 0.4912109375 0.040625 0.064453125
14 0.6078125 0.4833984375 0.078125 0.111328125
