0 0.25 0.5703125 0.021875 0.05859375
0 0.46328125 0.548828125 0.0109375 0.0234375
0 0.42265625 0.541015625 0.0140625 0.0234375
0 0.5046875 0.54296875 0.0125 0.03515625
0 0.38828125 0.5390625 0.0140625 0.015625
0 0.37578125 0.54296875 0.0109375 0.015625
0 0.4640625 0.5302734375 0.009375 0.017578125
2 0.8265625 0.6923828125 0.346875 0.408203125
2 0.6859375 0.58984375 0.06875 0.14453125
2 0.5703125 0.5458984375 0.034375 0.037109375
2 0.3921875 0.5810546875 0.1 0.072265625
2 0.11953125 0.5400390625 0.0484375 0.029296875
2 0.1578125 0.537109375 0.034375 0.02734375
2 0.1875 0.53515625 0.028125 0.01953125
2 0.20859375 0.5341796875 0.0203125 0.021484375
2 0.23515625 0.53125 0.0296875 0.01953125
2 0.64921875 0.5341796875 0.0265625 0.029296875
