0 0.446875 0.46875 0.01875 0.06640625
0 0.45703125 0.4697265625 0.0203125 0.068359375
0 0.1484375 0.4677734375 0.021875 0.072265625
0 0.128125 0.462890625 0.025 0.08203125
0 0.0296875 0.46875 0.021875 0.0859375
2 0.96875 0.4677734375 0.0625 0.091796875
2 0.8453125 0.4365234375 0.0875 0.037109375
2 0.76640625 0.4423828125 0.0640625 0.017578125
2 0.51484375 0.4775390625 0.0515625 0.037109375
2 0.4328125 0.4677734375 0.025 0.017578125
2 0.3078125 0.4736328125 0.04375 0.041015625
2 0.259375 0.4755859375 0.059375 0.041015625
2 0.50546875 0.4658203125 0.0390625 0.044921875
