0 0.478125 0.4453125 0.0125 0.046875
0 0.515625 0.453125 0.015625 0.04296875
1 0.34609375 0.509765625 0.0234375 0.0625
1 0.43828125 0.4609375 0.0171875 0.03125
2 0.1953125 0.4423828125 0.06875 0.025390625
2 0.2015625 0.521484375 0.165625 0.16015625
2 0.30625 0.4970703125 0.06875 0.076171875
2 0.36796875 0.470703125 0.0296875 0.05078125
2 0.3796875 0.458984375 0.034375 0.04296875
2 0.39765625 0.455078125 0.0171875 0.0390625
2 0.4015625 0.4482421875 0.040625 0.041015625
2 0.49375 0.439453125 0.021875 0.02734375
2 0.90703125 0.79296875 0.1859375 0.39453125
2 0.68203125 0.5439453125 0.1359375 0.123046875
2 0.63125 0.5126953125 0.0875 0.091796875
2 0.61875 0.48828125 0.08125 0.0859375
2 0.57578125 0.46484375 0.0640625 0.07421875
2 0.546875 0.458984375 0.01875 0.046875
2 0.5296875 0.4501953125 0.03125 0.048828125
14 0.47890625 0.47265625 0.0078125 0.0078125
