0 0.00625 0.51171875 0.0125 0.07421875
0 0.015625 0.515625 0.01875 0.0703125
0 0.1671875 0.501953125 0.0125 0.0390625
0 0.18046875 0.4990234375 0.0109375 0.041015625
0 0.2265625 0.4951171875 0.00625 0.033203125
0 0.23671875 0.4990234375 0.0078125 0.029296875
0 0.24453125 0.498046875 0.0078125 0.02734375
0 0.25625 0.498046875 0.009375 0.03125
0 0.7171875 0.4560546875 0.0125 0.041015625
0 0.7078125 0.451171875 0.009375 0.03515625
0 0.70234375 0.4580078125 0.0078125 0.033203125
0 0.69609375 0.4580078125 0.0078125 0.029296875
0 0.6828125 0.458984375 0.015625 0.046875
6 0.453125 0.474609375 0.053125 0.08203125
14 0.62890625 0.466796875 0.0671875 0.03515625
2 0.4921875 0.482421875 0.01875 0.05078125
2 0.5375 0.5087890625 0.10625 0.111328125
2 0.3765625 0.498046875 0.03125 0.03125
2 0.40625 0.4931640625 0.03125 0.041015625
