1 0.49375 0.544921875 0.178125 0.1484375
1 0.21953125 0.55078125 0.0609375 0.1015625
1 0.18984375 0.51953125 0.0296875 0.06640625
1 0.2890625 0.5 0.03125 0.0625
1 0.25859375 0.5 0.0234375 0.046875
2 0.040625 0.50390625 0.08125 0.1171875
2 0.1796875 0.4833984375 0.084375 0.083984375
2 0.5484375 0.482421875 0.078125 0.078125
2 0.36875 0.4755859375 0.04375 0.037109375
2 0.39921875 0.47265625 0.0265625 0.03125
2 0.315625 0.4765625 0.028125 0.03515625
2 0.50703125 0.48046875 0.0234375 0.05078125
2 0.33359375 0.47265625 0.0265625 0.03125
