4 0.45703125 0.431640625 0.0140625 0.0234375
0 0.27890625 0.427734375 0.0078125 0.015625
0 0.66796875 0.443359375 0.0171875 0.06640625
2 0.340625 0.4755859375 0.24375 0.111328125
2 0.44296875 0.4384765625 0.0140625 0.013671875
2 0.8921875 0.6318359375 0.215625 0.533203125
2 0.48125 0.4375 0.015625 0.015625
2 0.49609375 0.4384765625 0.0109375 0.009765625
2 0.50546875 0.4375 0.0140625 0.01953125
2 0.5140625 0.4384765625 0.01875 0.029296875
2 0.52890625 0.4423828125 0.0296875 0.037109375
2 0.53671875 0.447265625 0.0171875 0.0390625
2 0.5640625 0.44140625 0.05 0.0625
2 0.59765625 0.4521484375 0.0703125 0.072265625
