0 0.3765625 0.4658203125 0.05 0.126953125
0 0.365625 0.45703125 0.053125 0.15625
0 0.2875 0.455078125 0.021875 0.06640625
0 0.26171875 0.46484375 0.0453125 0.1171875
0 0.2125 0.4609375 0.059375 0.1328125
0 0.103125 0.4375 0.03125 0.1171875
0 0.06796875 0.431640625 0.0390625 0.1328125
0 0.009375 0.4375 0.01875 0.12109375
1 0.14765625 0.4521484375 0.0484375 0.044921875
2 0.96015625 0.5234375 0.0796875 0.09765625
2 0.7015625 0.47265625 0.08125 0.1015625
2 0.60625 0.4619140625 0.125 0.111328125
2 0.546875 0.4560546875 0.025 0.060546875
2 0.503125 0.4658203125 0.06875 0.037109375
2 0.421875 0.455078125 0.015625 0.01953125
2 0.40625 0.45703125 0.025 0.03515625
2 0.39296875 0.4599609375 0.0265625 0.044921875
2 0.32109375 0.466796875 0.0515625 0.0703125
