4 0.50625 0.4013671875 0.03125 0.041015625
0 0.44453125 0.408203125 0.0109375 0.0390625
0 0.43359375 0.4072265625 0.0109375 0.041015625
0 0.2953125 0.478515625 0.08125 0.2421875
0 0.2359375 0.4677734375 0.05 0.240234375
0 0.196875 0.45703125 0.09375 0.27734375
0 0.1171875 0.4384765625 0.046875 0.181640625
0 0.04921875 0.4228515625 0.0515625 0.212890625
0 0.0203125 0.388671875 0.040625 0.13671875
0 0.79921875 0.4658203125 0.0171875 0.076171875
0 0.70078125 0.53515625 0.0703125 0.22265625
0 0.69609375 0.4453125 0.0421875 0.09765625
14 0.86953125 0.423828125 0.1578125 0.09765625
