0 0.9875 0.42578125 0.025 0.10546875
0 0.8625 0.439453125 0.025 0.11328125
0 0.67890625 0.439453125 0.0171875 0.05859375
0 0.6640625 0.4365234375 0.015625 0.064453125
2 0.3640625 0.458984375 0.05 0.046875
2 0.3390625 0.453125 0.021875 0.03515625
2 0.31796875 0.4521484375 0.0296875 0.033203125
2 0.290625 0.4521484375 0.025 0.044921875
2 0.24609375 0.4755859375 0.1046875 0.091796875
2 0.13671875 0.45703125 0.0296875 0.02734375
2 0.11796875 0.462890625 0.0203125 0.0234375
2 0.0875 0.46484375 0.040625 0.0390625
