4 0.478125 0.43359375 0.0125 0.01953125
1 0.6359375 0.490234375 0.028125 0.0546875
2 0.575 0.451171875 0.046875 0.05078125
2 0.5484375 0.4462890625 0.0125 0.037109375
2 0.53984375 0.4453125 0.0078125 0.03125
2 0.5125 0.4443359375 0.015625 0.017578125
2 0.5296875 0.44140625 0.0125 0.015625
2 0.45625 0.4443359375 0.015625 0.017578125
2 0.44375 0.4443359375 0.015625 0.021484375
2 0.41640625 0.4501953125 0.0203125 0.021484375
2 0.38984375 0.4560546875 0.0328125 0.029296875
2 0.34375 0.4638671875 0.059375 0.052734375
2 0.21953125 0.4814453125 0.1046875 0.099609375
2 0.49921875 0.42578125 0.0078125 0.01171875
2 0.42421875 0.4453125 0.0234375 0.02734375
