4 0.6046875 0.3984375 0.125 0.07421875
0 0.05546875 0.5595703125 0.0359375 0.068359375
0 0.0796875 0.576171875 0.021875 0.0859375
0 0.0921875 0.5517578125 0.025 0.060546875
0 0.15703125 0.546875 0.0140625 0.03125
0 0.16640625 0.544921875 0.0109375 0.0390625
0 0.3640625 0.5107421875 0.009375 0.033203125
0 0.3859375 0.513671875 0.009375 0.02734375
0 0.23984375 0.517578125 0.0140625 0.03515625
2 0.03671875 0.64453125 0.0734375 0.1640625
2 0.309375 0.5546875 0.096875 0.08984375
2 0.5953125 0.6142578125 0.290625 0.376953125
2 0.725 0.4970703125 0.03125 0.041015625
2 0.7359375 0.541015625 0.040625 0.1015625
2 0.76328125 0.53515625 0.0671875 0.109375
2 0.78515625 0.546875 0.0734375 0.12890625
2 0.85078125 0.5712890625 0.1609375 0.177734375
2 0.9734375 0.669921875 0.053125 0.19921875
2 0.87109375 0.4716796875 0.0796875 0.041015625
14 0.278125 0.578125 0.0875 0.09375
