2 0.61484375 0.4912109375 0.0234375 0.021484375
2 0.55234375 0.498046875 0.0296875 0.02734375
2 0.56953125 0.4873046875 0.0140625 0.017578125
2 0.5328125 0.4921875 0.015625 0.01953125
2 0.51796875 0.4873046875 0.0203125 0.021484375
2 0.4875 0.4892578125 0.0125 0.009765625
2 0.475 0.4892578125 0.009375 0.009765625
2 0.4484375 0.4931640625 0.0125 0.009765625
2 0.42265625 0.4970703125 0.0203125 0.013671875
2 0.39296875 0.5009765625 0.0234375 0.017578125
2 0.37578125 0.5029296875 0.0140625 0.013671875
2 0.18125 0.5302734375 0.053125 0.029296875
