0 0.27265625 0.4501953125 0.0109375 0.041015625
0 0.2515625 0.447265625 0.01875 0.046875
0 0.41328125 0.4521484375 0.0078125 0.025390625
0 0.44921875 0.470703125 0.0234375 0.0625
0 0.4828125 0.46875 0.015625 0.0703125
0 0.49921875 0.4609375 0.0109375 0.03515625
0 0.70546875 0.4716796875 0.0171875 0.044921875
0 0.734375 0.484375 0.01875 0.0625
0 0.72734375 0.4775390625 0.0109375 0.060546875
0 0.75078125 0.474609375 0.0140625 0.07421875
0 0.76796875 0.4853515625 0.0171875 0.072265625
0 0.80703125 0.466796875 0.0296875 0.046875
0 0.83046875 0.4619140625 0.0265625 0.033203125
0 0.61953125 0.4580078125 0.0078125 0.021484375
0 0.61171875 0.4580078125 0.0078125 0.037109375
0 0.60234375 0.462890625 0.0109375 0.03515625
0 0.59765625 0.4521484375 0.0109375 0.025390625
1 0.11875 0.4873046875 0.046875 0.099609375
1 0.18203125 0.4833984375 0.0328125 0.072265625
1 0.21171875 0.5400390625 0.0453125 0.111328125
1 0.26328125 0.48828125 0.0453125 0.0546875
1 0.7296875 0.5166015625 0.046875 0.056640625
1 0.68359375 0.5068359375 0.0640625 0.080078125
1 0.64609375 0.4931640625 0.0453125 0.060546875
1 0.6203125 0.4833984375 0.0375 0.037109375
2 0.55234375 0.4609375 0.0171875 0.01953125
2 0.86484375 0.623046875 0.2703125 0.29296875
