0 0.72421875 0.4599609375 0.0203125 0.052734375
0 0.67421875 0.4658203125 0.0140625 0.056640625
0 0.03046875 0.4765625 0.0234375 0.08203125
0 0.246875 0.4677734375 0.009375 0.033203125
0 0.25546875 0.466796875 0.0078125 0.03515625
0 0.96796875 0.45703125 0.0546875 0.1015625
0 0.28125 0.46875 0.009375 0.03125
2 0.43203125 0.4765625 0.0828125 0.08984375
2 0.334375 0.474609375 0.075 0.07421875
2 0.8484375 0.5458984375 0.271875 0.232421875
2 0.01171875 0.5791015625 0.0328125 0.248046875
0 0.0109375 0.455078125 0.021875 0.04296875
0 0.6609375 0.4609375 0.009375 0.01953125
