0 0.71484375 0.4482421875 0.0109375 0.041015625
0 0.70546875 0.4599609375 0.0203125 0.068359375
2 0.45625 0.451171875 0.009375 0.01171875
2 0.44609375 0.4521484375 0.0078125 0.009765625
2 0.434375 0.4619140625 0.021875 0.025390625
2 0.49609375 0.4560546875 0.0140625 0.017578125
2 0.47734375 0.46875 0.0359375 0.0390625
2 0.50625 0.4619140625 0.015625 0.029296875
2 0.5203125 0.4619140625 0.028125 0.037109375
2 0.53515625 0.4658203125 0.0265625 0.052734375
2 0.3828125 0.46875 0.03125 0.02734375
2 0.58515625 0.4638671875 0.0921875 0.099609375
2 0.19609375 0.4921875 0.0953125 0.0859375
2 0.10703125 0.5048828125 0.1421875 0.138671875
2 0.021875 0.52734375 0.04375 0.15234375
1 0.36328125 0.4755859375 0.0109375 0.021484375
