1 0.55703125 0.458984375 0.0203125 0.04296875
2 0.67265625 0.46875 0.0984375 0.0859375
2 0.5046875 0.427734375 0.0125 0.01171875
2 0.50078125 0.423828125 0.0140625 0.015625
2 0.47578125 0.416015625 0.0078125 0.0078125
2 0.46484375 0.423828125 0.0109375 0.01171875
2 0.45859375 0.4052734375 0.0046875 0.005859375
2 0.446875 0.4189453125 0.009375 0.009765625
2 0.37734375 0.4423828125 0.0234375 0.021484375
2 0.39140625 0.4267578125 0.0171875 0.017578125
2 0.27109375 0.4453125 0.0390625 0.0234375
2 0.2390625 0.4453125 0.025 0.0234375
2 0.0125 0.4775390625 0.025 0.056640625
