0 0.22890625 0.4833984375 0.0109375 0.025390625
0 0.33203125 0.490234375 0.0078125 0.0234375
0 0.35703125 0.4853515625 0.0046875 0.013671875
0 0.36953125 0.484375 0.0046875 0.01171875
0 0.38828125 0.4853515625 0.0046875 0.013671875
0 0.40390625 0.4892578125 0.0046875 0.017578125
0 0.42109375 0.490234375 0.0046875 0.015625
0 0.58828125 0.48828125 0.0046875 0.01171875
0 0.61328125 0.5078125 0.0171875 0.0546875
0 0.6375 0.50390625 0.01875 0.0703125
0 0.90390625 0.5087890625 0.0265625 0.072265625
0 0.9328125 0.509765625 0.028125 0.06640625
2 0.5359375 0.5 0.021875 0.0234375
2 0.5234375 0.4931640625 0.00625 0.009765625
2 0.509375 0.509765625 0.021875 0.0390625
2 0.4796875 0.5263671875 0.06875 0.072265625
