0 0.43046875 0.4423828125 0.0078125 0.025390625
1 0.45859375 0.44921875 0.0078125 0.01953125
2 0.8546875 0.61328125 0.290625 0.25
2 0.71640625 0.5625 0.1171875 0.140625
2 0.665625 0.53125 0.096875 0.10546875
2 0.6109375 0.4892578125 0.06875 0.068359375
2 0.58671875 0.478515625 0.0453125 0.0546875
2 0.5703125 0.4677734375 0.040625 0.044921875
2 0.56015625 0.455078125 0.0390625 0.04296875
2 0.5421875 0.44921875 0.015625 0.02734375
2 0.53984375 0.4443359375 0.0265625 0.029296875
2 0.528125 0.4384765625 0.01875 0.025390625
2 0.50078125 0.4306640625 0.0171875 0.017578125
2 0.15390625 0.4736328125 0.0921875 0.060546875
2 0.0578125 0.5234375 0.115625 0.09765625
2 0.1546875 0.560546875 0.175 0.140625
2 0.2421875 0.5185546875 0.10625 0.123046875
2 0.32578125 0.4951171875 0.0703125 0.064453125
2 0.36328125 0.453125 0.0328125 0.03515625
2 0.37109375 0.431640625 0.0453125 0.0234375
2 0.39453125 0.46484375 0.0390625 0.0390625
2 0.40703125 0.4560546875 0.0328125 0.041015625
2 0.46640625 0.439453125 0.0140625 0.01953125
2 0.471875 0.4326171875 0.0125 0.017578125
2 0.48203125 0.427734375 0.0109375 0.01171875
