0 0.809375 0.5634765625 0.121875 0.416015625
0 0.75703125 0.5615234375 0.1171875 0.455078125
0 0.56328125 0.5771484375 0.2359375 0.529296875
0 0.38984375 0.46875 0.0484375 0.10546875
0 0.378125 0.4677734375 0.046875 0.095703125
0 0.0125 0.4765625 0.025 0.11328125
2 0.18046875 0.4697265625 0.0734375 0.060546875
2 0.484375 0.4619140625 0.046875 0.037109375
2 0.409375 0.458984375 0.015625 0.015625
2 0.428125 0.458984375 0.009375 0.01171875
2 0.4375 0.45703125 0.0125 0.015625
2 0.59140625 0.4853515625 0.2921875 0.130859375
