0 0.85234375 0.48046875 0.0421875 0.16796875
0 0.9109375 0.505859375 0.05 0.171875
0 0.95703125 0.48046875 0.0453125 0.15625
0 0.98984375 0.4892578125 0.0203125 0.166015625
0 0.97890625 0.46875 0.0296875 0.13671875
0 0.65703125 0.4716796875 0.0171875 0.068359375
0 0.62109375 0.474609375 0.0171875 0.0625
0 0.48125 0.4775390625 0.009375 0.033203125
0 0.49609375 0.4833984375 0.0140625 0.064453125
0 0.51015625 0.4873046875 0.0109375 0.056640625
0 0.45703125 0.4755859375 0.0078125 0.033203125
0 0.44921875 0.4765625 0.0078125 0.02734375
0 0.4328125 0.478515625 0.00625 0.0234375
0 0.41015625 0.486328125 0.0046875 0.01953125
1 0.72890625 0.5654296875 0.0828125 0.138671875
1 0.5359375 0.5302734375 0.046875 0.103515625
2 0.0265625 0.494140625 0.053125 0.05078125
2 0.08125 0.4873046875 0.08125 0.064453125
2 0.18203125 0.4873046875 0.1265625 0.111328125
2 0.3171875 0.505859375 0.125 0.125
2 0.253125 0.484375 0.015625 0.01953125
2 0.87421875 0.48046875 0.1328125 0.1015625
