0 0.7484375 0.478515625 0.071875 0.16015625
0 0.76953125 0.474609375 0.0546875 0.15625
0 0.5859375 0.462890625 0.025 0.08203125
0 0.6046875 0.44921875 0.015625 0.0703125
0 0.61171875 0.447265625 0.0140625 0.0625
0 0.53828125 0.4521484375 0.0203125 0.080078125
0 0.50703125 0.4560546875 0.0171875 0.072265625
0 0.5125 0.4541015625 0.0125 0.072265625
0 0.52109375 0.4619140625 0.0109375 0.052734375
0 0.2859375 0.466796875 0.03125 0.06640625
0 0.04453125 0.48046875 0.0171875 0.078125
0 0.0609375 0.4755859375 0.021875 0.087890625
1 0.6296875 0.47265625 0.06875 0.05859375
2 0.46875 0.4609375 0.040625 0.0390625
2 0.42109375 0.45703125 0.0203125 0.01953125
2 0.403125 0.45703125 0.015625 0.015625
2 0.34140625 0.4609375 0.0359375 0.03515625
2 0.21796875 0.4716796875 0.0578125 0.052734375
2 0.44375 0.45703125 0.009375 0.0078125
