0 0.39609375 0.4697265625 0.0140625 0.060546875
0 0.35234375 0.4736328125 0.0234375 0.052734375
0 0.240625 0.462890625 0.0125 0.05859375
0 0.22421875 0.45703125 0.0171875 0.0546875
0 0.115625 0.4658203125 0.01875 0.064453125
0 0.60625 0.453125 0.0125 0.05078125
1 0.8203125 0.50390625 0.065625 0.1171875
1 0.73671875 0.5068359375 0.0703125 0.119140625
1 0.97890625 0.5126953125 0.0421875 0.166015625
1 0.33125 0.498046875 0.028125 0.0625
1 0.190625 0.5009765625 0.046875 0.099609375
2 0.80234375 0.482421875 0.1671875 0.06640625
2 0.5109375 0.5224609375 0.21875 0.201171875
