2 0.4203125 0.4423828125 0.05 0.052734375
2 0.45078125 0.4326171875 0.0171875 0.029296875
2 0.4625 0.42578125 0.0125 0.01953125
2 0.59296875 0.4501953125 0.0328125 0.033203125
2 0.5734375 0.4443359375 0.021875 0.025390625
2 0.56015625 0.435546875 0.0265625 0.02734375
2 0.5140625 0.4287109375 0.0125 0.009765625
2 0.509375 0.423828125 0.009375 0.0078125
2 0.5234375 0.4306640625 0.0125 0.013671875
2 0.66328125 0.4697265625 0.0515625 0.048828125
2 0.8125 0.4765625 0.19375 0.09375
2 0.07265625 0.4228515625 0.1453125 0.095703125
