0 0.37421875 0.38671875 0.0109375 0.03125
0 0.5140625 0.43359375 0.0125 0.046875
1 0.17109375 0.4677734375 0.1046875 0.064453125
1 0.6640625 0.4697265625 0.084375 0.052734375
6 0.615625 0.4140625 0.065625 0.07421875
2 0.115625 0.6142578125 0.23125 0.369140625
2 0.3203125 0.447265625 0.08125 0.0703125
2 0.32578125 0.4208984375 0.0734375 0.068359375
2 0.36640625 0.431640625 0.0234375 0.046875
2 0.38046875 0.42578125 0.0296875 0.046875
2 0.38984375 0.392578125 0.0140625 0.015625
2 0.425 0.3994140625 0.015625 0.017578125
2 0.4234375 0.3828125 0.0125 0.01171875
2 0.48359375 0.4287109375 0.0421875 0.044921875
2 0.45859375 0.4267578125 0.0171875 0.025390625
2 0.45625 0.419921875 0.01875 0.01953125
2 0.453125 0.41015625 0.01875 0.01953125
2 0.44453125 0.3974609375 0.0109375 0.013671875
2 0.45078125 0.404296875 0.0171875 0.015625
2 0.421875 0.3544921875 0.00625 0.005859375
