4 0.47890625 0.4462890625 0.0296875 0.044921875
0 0.6984375 0.46484375 0.028125 0.078125
0 0.6515625 0.4658203125 0.021875 0.064453125
0 0.6203125 0.4638671875 0.015625 0.048828125
0 0.58125 0.4599609375 0.009375 0.033203125
0 0.58984375 0.4541015625 0.0078125 0.033203125
2 0.8625 0.564453125 0.275 0.4296875
2 0.01953125 0.521484375 0.0390625 0.17578125
2 0.12890625 0.5107421875 0.1421875 0.111328125
2 0.20703125 0.48828125 0.0890625 0.08984375
2 0.27109375 0.4775390625 0.0640625 0.068359375
2 0.3171875 0.4736328125 0.0375 0.044921875
2 0.54140625 0.47265625 0.0609375 0.06640625
2 0.45546875 0.462890625 0.0453125 0.05078125
2 0.38984375 0.4609375 0.0234375 0.02734375
2 0.43203125 0.4609375 0.0109375 0.0234375
2 0.421875 0.45703125 0.0125 0.015625
2 0.4015625 0.4580078125 0.00625 0.017578125
2 0.4078125 0.45703125 0.009375 0.015625
2 0.34140625 0.4638671875 0.0234375 0.029296875
