0 0.79140625 0.6171875 0.0671875 0.2265625
0 0.9015625 0.5556640625 0.025 0.064453125
0 0.73046875 0.5625 0.0296875 0.08203125
0 0.5140625 0.53125 0.03125 0.05859375
2 0.75703125 0.525390625 0.0328125 0.0390625
2 0.6421875 0.5439453125 0.08125 0.044921875
2 0.69765625 0.5390625 0.0578125 0.046875
2 0.5765625 0.544921875 0.0625 0.03515625
2 0.57578125 0.6962890625 0.2984375 0.283203125
2 0.45859375 0.5439453125 0.0484375 0.037109375
2 0.1421875 0.66015625 0.284375 0.3984375
2 0.26953125 0.5478515625 0.0515625 0.087890625
