2 0.48046875 0.4423828125 0.0328125 0.037109375
2 0.70859375 0.4560546875 0.0984375 0.048828125
2 0.1921875 0.46875 0.25625 0.23046875
2 0.31953125 0.4638671875 0.0859375 0.142578125
2 0.6359375 0.4560546875 0.03125 0.029296875
2 0.60546875 0.44921875 0.0234375 0.0234375
2 0.59609375 0.443359375 0.0171875 0.01953125
2 0.5875 0.4384765625 0.01875 0.021484375
2 0.57734375 0.435546875 0.0140625 0.01953125
2 0.55546875 0.4326171875 0.0265625 0.013671875
2 0.5 0.4375 0.015625 0.0234375
2 0.35625 0.451171875 0.084375 0.12109375
2 0.509375 0.4306640625 0.0125 0.017578125
