0 0.115625 0.57421875 0.021875 0.07421875
0 0.9609375 0.591796875 0.028125 0.10546875
0 0.94765625 0.5859375 0.0234375 0.109375
0 0.9078125 0.6064453125 0.03125 0.130859375
0 0.7578125 0.5673828125 0.0125 0.044921875
0 0.7265625 0.5625 0.00625 0.03515625
0 0.6921875 0.5634765625 0.009375 0.037109375
0 0.6578125 0.560546875 0.00625 0.0234375
0 0.6375 0.5673828125 0.009375 0.033203125
1 0.09453125 0.6220703125 0.0828125 0.083984375
2 0.61640625 0.5810546875 0.0484375 0.044921875
2 0.38671875 0.5927734375 0.0640625 0.060546875
2 0.46484375 0.5703125 0.0328125 0.03515625
2 0.528125 0.5888671875 0.046875 0.072265625
2 0.503125 0.5576171875 0.0125 0.017578125
