0 0.40078125 0.4833984375 0.0140625 0.056640625
2 0.58515625 0.4462890625 0.0046875 0.005859375
2 0.5796875 0.44921875 0.00625 0.0078125
2 0.5703125 0.453125 0.00625 0.0078125
2 0.5609375 0.4580078125 0.01875 0.017578125
2 0.5484375 0.462890625 0.0125 0.015625
2 0.5390625 0.4638671875 0.015625 0.017578125
2 0.52421875 0.4658203125 0.0171875 0.025390625
2 0.50625 0.470703125 0.034375 0.03125
2 0.43515625 0.48828125 0.0609375 0.05078125
2 0.60703125 0.44921875 0.0078125 0.0078125
2 0.59765625 0.4501953125 0.0078125 0.009765625
