0 0.7578125 0.4677734375 0.01875 0.072265625
0 0.71015625 0.484375 0.0265625 0.10546875
0 0.734375 0.4853515625 0.059375 0.107421875
0 0.5171875 0.4755859375 0.03125 0.130859375
0 0.2625 0.462890625 0.009375 0.03515625
0 0.2796875 0.4599609375 0.009375 0.037109375
0 0.184375 0.4658203125 0.0125 0.044921875
0 0.2484375 0.462890625 0.009375 0.03125
1 0.9078125 0.4814453125 0.034375 0.064453125
1 0.48515625 0.470703125 0.0203125 0.03125
2 0.4046875 0.4609375 0.021875 0.0234375
2 0.43671875 0.4677734375 0.0421875 0.056640625
