0 0.77734375 0.4677734375 0.0234375 0.052734375
0 0.603125 0.4482421875 0.00625 0.013671875
0 0.40859375 0.458984375 0.0109375 0.015625
0 0.44453125 0.45703125 0.0078125 0.015625
2 0.58125 0.4375 0.00625 0.00390625
2 0.60078125 0.4306640625 0.0046875 0.005859375
2 0.5921875 0.4375 0.009375 0.01171875
2 0.58515625 0.4306640625 0.0046875 0.005859375
2 0.57734375 0.44140625 0.0078125 0.0078125
2 0.56953125 0.435546875 0.0078125 0.0078125
2 0.55546875 0.4462890625 0.0109375 0.009765625
2 0.5234375 0.4599609375 0.01875 0.017578125
2 0.4734375 0.4921875 0.065625 0.07421875
2 0.41953125 0.5302734375 0.1078125 0.099609375
2 0.1578125 0.6533203125 0.325 0.248046875
1 0.93046875 0.5146484375 0.0296875 0.072265625
2 0.5796875 0.4296875 0.00625 0.00390625
