0 0.96328125 0.4716796875 0.0671875 0.244140625
0 0.63515625 0.4619140625 0.0234375 0.083984375
0 0.615625 0.46875 0.021875 0.07421875
0 0.60234375 0.4638671875 0.0234375 0.080078125
0 0.5890625 0.458984375 0.009375 0.046875
0 0.5734375 0.4521484375 0.0125 0.056640625
0 0.5421875 0.4619140625 0.015625 0.060546875
0 0.13515625 0.4814453125 0.0140625 0.056640625
2 0.7859375 0.4365234375 0.19375 0.087890625
2 0.31640625 0.46875 0.0328125 0.0390625
2 0.340625 0.4697265625 0.034375 0.033203125
2 0.36484375 0.4658203125 0.0109375 0.013671875
2 0.3734375 0.4658203125 0.009375 0.013671875
2 0.40390625 0.4609375 0.0109375 0.01171875
2 0.42421875 0.45703125 0.0078125 0.0078125
2 0.44765625 0.46484375 0.0234375 0.0234375
2 0.43984375 0.455078125 0.0140625 0.01171875
