0 0.93125 0.4716796875 0.0125 0.048828125
0 0.90703125 0.48828125 0.0203125 0.0703125
0 0.9140625 0.4853515625 0.0125 0.060546875
0 0.63671875 0.4345703125 0.0046875 0.017578125
2 0.3484375 0.5087890625 0.1 0.072265625
2 0.5796875 0.4580078125 0.025 0.025390625
2 0.55859375 0.4453125 0.0171875 0.015625
2 0.60078125 0.4423828125 0.0140625 0.017578125
2 0.61015625 0.4306640625 0.0078125 0.009765625
2 0.59296875 0.4296875 0.0109375 0.01171875
2 0.61484375 0.4248046875 0.0046875 0.005859375
2 0.6265625 0.4306640625 0.00625 0.005859375
