0 0.6125 0.4619140625 0.0125 0.033203125
0 0.5921875 0.46484375 0.015625 0.0390625
0 0.58515625 0.462890625 0.0140625 0.04296875
0 0.55859375 0.4560546875 0.0078125 0.029296875
0 0.528125 0.4638671875 0.0125 0.044921875
0 0.51328125 0.4619140625 0.0171875 0.044921875
2 0.9453125 0.453125 0.109375 0.078125
2 0.05390625 0.4658203125 0.0609375 0.033203125
2 0.09765625 0.462890625 0.0390625 0.03125
2 0.15 0.466796875 0.04375 0.0234375
2 0.225 0.4765625 0.08125 0.06640625
2 0.271875 0.46484375 0.025 0.03515625
2 0.31015625 0.4609375 0.0609375 0.0546875
2 0.34140625 0.4638671875 0.0234375 0.037109375
2 0.35078125 0.455078125 0.0265625 0.03515625
2 0.36875 0.453125 0.015625 0.01953125
2 0.471875 0.4609375 0.059375 0.0625
