0 0.865625 0.4326171875 0.009375 0.037109375
0 0.875 0.43359375 0.0125 0.0390625
0 0.421875 0.4365234375 0.00625 0.017578125
0 0.31171875 0.4521484375 0.0171875 0.041015625
0 0.25703125 0.4501953125 0.0140625 0.041015625
0 0.0671875 0.470703125 0.025 0.0546875
1 0.95078125 0.595703125 0.0984375 0.09765625
1 0.7671875 0.4912109375 0.025 0.064453125
1 0.73828125 0.4931640625 0.0203125 0.056640625
1 0.725 0.4931640625 0.021875 0.056640625
1 0.78359375 0.4716796875 0.0359375 0.029296875
1 0.19375 0.484375 0.04375 0.046875
1 0.15625 0.4873046875 0.015625 0.044921875
1 0.11015625 0.4990234375 0.0171875 0.056640625
2 0.59375 0.4794921875 0.065625 0.064453125
2 0.56328125 0.4658203125 0.0421875 0.052734375
2 0.5421875 0.45703125 0.021875 0.0390625
2 0.5234375 0.4423828125 0.021875 0.025390625
2 0.515625 0.439453125 0.021875 0.02734375
2 0.503125 0.4365234375 0.009375 0.013671875
2 0.459375 0.435546875 0.0125 0.015625
2 0.4375 0.44140625 0.021875 0.0234375
2 0.078125 0.455078125 0.078125 0.03515625
