0 0.59375 0.482421875 0.009375 0.0390625
2 0.25703125 0.6240234375 0.3140625 0.267578125
2 0.63515625 0.671875 0.3171875 0.34375
2 0.92265625 0.68359375 0.1546875 0.4375
2 0.871875 0.5654296875 0.171875 0.205078125
2 0.41015625 0.5419921875 0.1421875 0.158203125
2 0.45703125 0.4853515625 0.0328125 0.037109375
2 0.48203125 0.490234375 0.0265625 0.03515625
2 0.503125 0.4873046875 0.025 0.033203125
2 0.51875 0.486328125 0.01875 0.03125
2 0.540625 0.478515625 0.03125 0.03515625
2 0.55703125 0.478515625 0.0140625 0.03125
2 0.56640625 0.4775390625 0.0109375 0.029296875
2 0.57265625 0.4755859375 0.0078125 0.025390625
2 0.58125 0.47265625 0.0125 0.0234375
2 0.66171875 0.4951171875 0.0984375 0.013671875
2 0.646875 0.4716796875 0.01875 0.021484375
2 0.609375 0.4736328125 0.021875 0.021484375
2 0.63515625 0.46484375 0.0078125 0.0078125
2 0.08046875 0.548828125 0.0453125 0.0390625
2 0.10234375 0.5400390625 0.0359375 0.048828125
2 0.7 0.4697265625 0.040625 0.021484375
