0 0.7453125 0.5615234375 0.009375 0.017578125
0 0.734375 0.564453125 0.009375 0.015625
0 0.71796875 0.568359375 0.0109375 0.03125
0 0.8890625 0.572265625 0.0125 0.03125
0 0.8578125 0.568359375 0.0125 0.0234375
0 0.95859375 0.60546875 0.0234375 0.08984375
1 0.33359375 0.5810546875 0.0203125 0.044921875
6 0.0921875 0.541015625 0.184375 0.1171875
2 0.2359375 0.5625 0.0625 0.0546875
2 0.29140625 0.5615234375 0.0328125 0.041015625
2 0.3796875 0.568359375 0.01875 0.0234375
2 0.46796875 0.54296875 0.0890625 0.09375
2 0.446875 0.6357421875 0.159375 0.189453125
2 0.52578125 0.5859375 0.0328125 0.05859375
2 0.553125 0.5576171875 0.034375 0.025390625
2 0.55859375 0.5791015625 0.0421875 0.044921875
2 0.615625 0.595703125 0.078125 0.0703125
2 0.83671875 0.6181640625 0.1140625 0.083984375
