4 0.45390625 0.4501953125 0.0078125 0.013671875
2 0.45078125 0.455078125 0.0078125 0.01171875
2 0.434375 0.4560546875 0.0125 0.013671875
2 0.46875 0.4521484375 0.009375 0.013671875
2 0.503125 0.4599609375 0.01875 0.021484375
2 0.4828125 0.4716796875 0.034375 0.033203125
2 0.52109375 0.4716796875 0.0171875 0.033203125
2 0.5359375 0.470703125 0.028125 0.05078125
2 0.5796875 0.470703125 0.078125 0.08203125
2 0.65859375 0.48828125 0.1078125 0.1171875
2 0.69921875 0.5107421875 0.1546875 0.126953125
2 0.325 0.470703125 0.01875 0.03125
2 0.29609375 0.482421875 0.0703125 0.0546875
2 0.365625 0.47265625 0.078125 0.078125
