4 0.76484375 0.380859375 0.1078125 0.16015625
4 0.615625 0.3935546875 0.034375 0.048828125
0 0.60546875 0.4619140625 0.0515625 0.154296875
0 0.69609375 0.431640625 0.0109375 0.046875
0 0.90859375 0.4326171875 0.0203125 0.064453125
1 0.2578125 0.55859375 0.084375 0.20703125
1 0.4953125 0.5361328125 0.065625 0.173828125
6 0.65703125 0.3935546875 0.0234375 0.021484375
2 0.59921875 0.4375 0.0859375 0.06640625
2 0.85234375 0.4140625 0.0703125 0.1015625
2 0.66171875 0.4130859375 0.0140625 0.017578125
2 0.68203125 0.42578125 0.0203125 0.0234375
2 0.65078125 0.4130859375 0.0078125 0.017578125
2 0.64453125 0.4091796875 0.0109375 0.017578125
2 0.040625 0.3642578125 0.08125 0.037109375
2 0.928125 0.4296875 0.025 0.03125
