0 0.60390625 0.5263671875 0.0359375 0.134765625
0 0.64921875 0.5234375 0.0328125 0.140625
0 0.54140625 0.4716796875 0.0078125 0.029296875
0 0.5265625 0.47265625 0.00625 0.01953125
1 0.95234375 0.5546875 0.0953125 0.1015625
2 0.91640625 0.515625 0.1671875 0.08203125
2 0.81015625 0.5009765625 0.1328125 0.076171875
2 0.7265625 0.5009765625 0.040625 0.044921875
2 0.71953125 0.4951171875 0.0640625 0.056640625
2 0.68125 0.4912109375 0.025 0.048828125
2 0.32109375 0.4951171875 0.0421875 0.044921875
2 0.3984375 0.478515625 0.015625 0.015625
