0 0.52890625 0.572265625 0.0421875 0.08984375
0 0.540625 0.564453125 0.046875 0.1015625
0 0.70625 0.5302734375 0.01875 0.060546875
0 0.9703125 0.5625 0.025 0.0859375
6 0.58046875 0.5009765625 0.0203125 0.025390625
2 0.28828125 0.5546875 0.0734375 0.05859375
2 0.37109375 0.5517578125 0.0703125 0.068359375
2 0.33828125 0.5400390625 0.0390625 0.041015625
2 0.83359375 0.53515625 0.0640625 0.0546875
2 0.63515625 0.5283203125 0.0390625 0.041015625
2 0.6046875 0.51953125 0.025 0.03125
2 0.5828125 0.515625 0.01875 0.01953125
2 0.9453125 0.5517578125 0.075 0.064453125
