6 0.3984375 0.4912109375 0.01875 0.025390625
2 0.0875 0.5546875 0.1125 0.09765625
2 0.25546875 0.603515625 0.2015625 0.171875
2 0.28828125 0.5146484375 0.0390625 0.017578125
2 0.578125 0.5146484375 0.053125 0.052734375
2 0.54921875 0.4990234375 0.0265625 0.029296875
2 0.47734375 0.486328125 0.0109375 0.01171875
2 0.48828125 0.4970703125 0.0203125 0.021484375
2 0.53671875 0.4951171875 0.0171875 0.021484375
2 0.52265625 0.4921875 0.0140625 0.015625
2 0.359375 0.49609375 0.0125 0.01953125
2 0.35 0.49609375 0.00625 0.015625
2 0.41484375 0.494140625 0.0140625 0.015625
2 0.421875 0.4892578125 0.009375 0.013671875
2 0.37109375 0.494140625 0.0078125 0.0078125
