1 0.7859375 0.595703125 0.090625 0.1953125
2 0.23515625 0.51953125 0.1203125 0.11328125
2 0.3109375 0.5185546875 0.040625 0.052734375
2 0.33828125 0.5146484375 0.0296875 0.048828125
2 0.3734375 0.5078125 0.04375 0.04296875
2 0.3953125 0.501953125 0.01875 0.03125
2 0.40625 0.49609375 0.025 0.03125
2 0.425 0.4931640625 0.01875 0.025390625
2 0.4390625 0.4931640625 0.0125 0.021484375
2 0.45859375 0.484375 0.0140625 0.01171875
2 0.5546875 0.494140625 0.04375 0.0390625
2 0.53671875 0.4873046875 0.0234375 0.029296875
