0 0.84609375 0.4423828125 0.0265625 0.134765625
0 0.8640625 0.443359375 0.034375 0.13671875
0 0.8859375 0.4462890625 0.028125 0.138671875
0 0.90703125 0.4130859375 0.0140625 0.044921875
0 0.78515625 0.4228515625 0.0328125 0.095703125
0 0.26640625 0.416015625 0.0140625 0.05078125
0 0.2046875 0.390625 0.0125 0.03125
0 0.221875 0.3798828125 0.00625 0.017578125
0 0.2359375 0.3857421875 0.0125 0.021484375
0 0.29140625 0.412109375 0.0109375 0.05078125
0 0.32421875 0.41015625 0.0109375 0.03515625
0 0.33515625 0.4130859375 0.0078125 0.029296875
0 0.3421875 0.416015625 0.009375 0.03515625
0 0.34765625 0.4111328125 0.0078125 0.025390625
1 0.1640625 0.509765625 0.075 0.12109375
2 0.47890625 0.4150390625 0.0078125 0.013671875
2 0.47109375 0.416015625 0.0140625 0.01953125
2 0.45390625 0.4140625 0.0234375 0.02734375
2 0.42578125 0.4140625 0.0328125 0.04296875
2 0.575 0.423828125 0.025 0.03125
