2 0.64140625 0.5263671875 0.0953125 0.111328125
2 0.05390625 0.5849609375 0.0921875 0.044921875
2 0.009375 0.5673828125 0.01875 0.029296875
2 0.22421875 0.5048828125 0.0421875 0.021484375
2 0.0640625 0.5400390625 0.075 0.048828125
2 0.265625 0.5029296875 0.028125 0.013671875
2 0.43671875 0.4833984375 0.0203125 0.013671875
2 0.50625 0.4765625 0.0125 0.01171875
2 0.51953125 0.4736328125 0.0140625 0.013671875
2 0.54921875 0.4755859375 0.0171875 0.021484375
2 0.534375 0.47265625 0.015625 0.01953125
2 0.47421875 0.4794921875 0.0203125 0.021484375
2 0.49609375 0.4853515625 0.0171875 0.021484375
14 0.059375 0.4921875 0.084375 0.0625
