0 0.72734375 0.46875 0.0140625 0.046875
0 0.60703125 0.4580078125 0.0203125 0.056640625
0 0.63671875 0.4580078125 0.0171875 0.060546875
0 0.646875 0.4580078125 0.015625 0.064453125
0 0.65703125 0.4580078125 0.0140625 0.056640625
0 0.665625 0.44921875 0.009375 0.05078125
0 0.4296875 0.455078125 0.0125 0.0390625
0 0.471875 0.4453125 0.00625 0.015625
0 0.4609375 0.4443359375 0.00625 0.017578125
0 0.35859375 0.451171875 0.0140625 0.046875
0 0.3375 0.4453125 0.0125 0.0390625
0 0.3328125 0.4482421875 0.009375 0.041015625
1 0.7125 0.53125 0.04375 0.11328125
1 0.80703125 0.5576171875 0.0765625 0.185546875
1 0.8484375 0.5732421875 0.0875 0.181640625
1 0.946875 0.5732421875 0.071875 0.162109375
1 0.9765625 0.662109375 0.046875 0.2734375
1 0.43828125 0.46875 0.0203125 0.02734375
1 0.22265625 0.4560546875 0.0359375 0.033203125
1 0.2078125 0.45703125 0.0375 0.03515625
2 0.5265625 0.453125 0.021875 0.0234375
