1 0.07265625 0.55859375 0.0546875 0.08984375
2 0.87421875 0.427734375 0.0546875 0.02734375
2 0.84609375 0.412109375 0.0203125 0.01953125
2 0.43984375 0.4384765625 0.0078125 0.009765625
2 0.4265625 0.443359375 0.00625 0.0078125
2 0.38359375 0.455078125 0.0171875 0.01953125
2 0.33828125 0.462890625 0.0234375 0.0234375
2 0.640625 0.44140625 0.028125 0.01953125
2 0.4671875 0.447265625 0.009375 0.01171875
2 0.27890625 0.46875 0.0421875 0.04296875
2 0.2125 0.4814453125 0.059375 0.044921875
2 0.15625 0.4853515625 0.053125 0.044921875
