0 0.60234375 0.453125 0.0328125 0.11328125
0 0.58203125 0.458984375 0.0234375 0.1015625
0 0.53125 0.4599609375 0.01875 0.083984375
0 0.1671875 0.4736328125 0.040625 0.111328125
0 0.034375 0.4736328125 0.04375 0.115234375
0 0.0203125 0.4736328125 0.040625 0.103515625
0 0.01328125 0.4765625 0.0265625 0.09765625
1 0.90703125 0.6025390625 0.1859375 0.208984375
2 0.465625 0.4658203125 0.05 0.048828125
2 0.14765625 0.4716796875 0.0765625 0.064453125
2 0.38359375 0.4609375 0.0171875 0.015625
2 0.4140625 0.4609375 0.015625 0.01171875
2 0.4375 0.4560546875 0.0125 0.021484375
