0 0.1078125 0.5029296875 0.025 0.072265625
0 0.13125 0.4990234375 0.021875 0.083984375
0 0.60078125 0.427734375 0.0046875 0.015625
2 0.25859375 0.5986328125 0.2265625 0.185546875
2 0.4859375 0.4501953125 0.028125 0.025390625
2 0.515625 0.46875 0.046875 0.046875
2 0.553125 0.4287109375 0.0125 0.013671875
2 0.57265625 0.4296875 0.0140625 0.01171875
2 0.578125 0.423828125 0.00625 0.0078125
2 0.60234375 0.42578125 0.0109375 0.015625
2 0.59140625 0.4208984375 0.0046875 0.005859375
0 0.99296875 0.5224609375 0.0234375 0.107421875
0 0.434375 0.4453125 0.009375 0.03125
