0 0.2171875 0.486328125 0.025 0.06640625
0 0.4046875 0.46484375 0.0125 0.03515625
0 0.834375 0.474609375 0.01875 0.0625
0 0.940625 0.4716796875 0.021875 0.064453125
0 0.61953125 0.44921875 0.0078125 0.0234375
0 0.6859375 0.4638671875 0.009375 0.021484375
1 0.79140625 0.51171875 0.0234375 0.05859375
2 0.5171875 0.4794921875 0.04375 0.044921875
2 0.53515625 0.4755859375 0.0265625 0.041015625
2 0.484375 0.4638671875 0.034375 0.037109375
2 0.5015625 0.4560546875 0.0125 0.021484375
2 0.63046875 0.4501953125 0.0140625 0.017578125
2 0.60703125 0.4462890625 0.0109375 0.013671875
2 0.59375 0.4453125 0.00625 0.0078125
2 0.5875 0.4443359375 0.00625 0.005859375
