0 0.659375 0.4892578125 0.01875 0.060546875
2 0.609375 0.5009765625 0.028125 0.029296875
2 0.54609375 0.5126953125 0.0421875 0.044921875
2 0.2234375 0.5 0.040625 0.01953125
2 0.26875 0.49609375 0.034375 0.015625
2 0.36796875 0.5126953125 0.0578125 0.056640625
2 0.4171875 0.4970703125 0.03125 0.029296875
2 0.51171875 0.494140625 0.0234375 0.0234375
2 0.49609375 0.5107421875 0.0140625 0.037109375
2 0.46328125 0.5078125 0.0578125 0.0703125
2 0.39453125 0.4912109375 0.0109375 0.009765625
2 0.3265625 0.4921875 0.025 0.01171875
2 0.640625 0.4873046875 0.01875 0.017578125
2 0.590625 0.4921875 0.021875 0.0234375
