0 0.57578125 0.4873046875 0.0078125 0.029296875
0 0.58046875 0.494140625 0.0109375 0.03125
0 0.590625 0.4892578125 0.009375 0.025390625
0 0.6015625 0.4873046875 0.0125 0.029296875
0 0.6125 0.486328125 0.009375 0.03125
0 0.621875 0.4873046875 0.009375 0.029296875
1 0.51953125 0.4990234375 0.0265625 0.033203125
1 0.53515625 0.4951171875 0.0140625 0.025390625
1 0.56015625 0.4951171875 0.0203125 0.029296875
2 0.0140625 0.486328125 0.028125 0.04296875
2 0.115625 0.490234375 0.040625 0.0390625
2 0.2421875 0.494140625 0.03125 0.03515625
2 0.3515625 0.5185546875 0.18125 0.185546875
2 0.85390625 0.478515625 0.1546875 0.0859375
2 0.6890625 0.484375 0.125 0.06640625
