1 0.65703125 0.544921875 0.0546875 0.13671875
2 0.43515625 0.4677734375 0.0234375 0.029296875
2 0.421875 0.466796875 0.009375 0.02734375
2 0.39453125 0.466796875 0.0171875 0.01953125
2 0.34453125 0.470703125 0.0265625 0.03125
2 0.359375 0.4677734375 0.009375 0.017578125
2 0.3640625 0.4658203125 0.0125 0.021484375
2 0.37421875 0.4677734375 0.0109375 0.021484375
2 0.2515625 0.474609375 0.01875 0.0234375
2 0.23828125 0.4775390625 0.0171875 0.025390625
2 0.225 0.478515625 0.015625 0.02734375
2 0.2125 0.478515625 0.021875 0.02734375
2 0.19453125 0.48046875 0.0296875 0.03515625
2 0.1609375 0.4794921875 0.046875 0.044921875
2 0.128125 0.4833984375 0.04375 0.044921875
2 0.07578125 0.5751953125 0.1515625 0.291015625
14 0.2859375 0.4580078125 0.05 0.060546875
