0 0.51796875 0.4541015625 0.0140625 0.056640625
0 0.54140625 0.455078125 0.0109375 0.0390625
0 0.50625 0.44140625 0.009375 0.0234375
0 0.39921875 0.4384765625 0.0140625 0.017578125
0 0.25859375 0.4521484375 0.0109375 0.056640625
0 0.23671875 0.4541015625 0.0171875 0.056640625
0 0.03515625 0.46875 0.0203125 0.0859375
0 0.02265625 0.478515625 0.0265625 0.06640625
0 0.55703125 0.4599609375 0.0171875 0.044921875
1 0.52890625 0.4658203125 0.0171875 0.037109375
1 0.5 0.4658203125 0.01875 0.033203125
1 0.45390625 0.46484375 0.0171875 0.03515625
2 0.89453125 0.5703125 0.2109375 0.28515625
2 0.76015625 0.5166015625 0.2109375 0.162109375
