0 0.478125 0.5537109375 0.015625 0.021484375
2 0.9125 0.8525390625 0.175 0.294921875
2 0.79921875 0.7607421875 0.3859375 0.306640625
2 0.60546875 0.6513671875 0.2421875 0.232421875
2 0.475 0.6181640625 0.084375 0.111328125
2 0.434375 0.609375 0.059375 0.09375
2 0.41484375 0.599609375 0.0703125 0.08984375
2 0.3953125 0.5810546875 0.078125 0.087890625
2 0.34765625 0.5751953125 0.0265625 0.048828125
2 0.33359375 0.568359375 0.0234375 0.03515625
2 0.32265625 0.56640625 0.0203125 0.03515625
2 0.3140625 0.5615234375 0.01875 0.025390625
2 0.3 0.5517578125 0.015625 0.021484375
2 0.290625 0.5478515625 0.015625 0.017578125
2 0.25859375 0.5537109375 0.0171875 0.048828125
2 0.25 0.560546875 0.025 0.046875
2 0.225 0.58203125 0.05 0.0859375
2 0.21328125 0.58984375 0.0421875 0.0859375
2 0.109375 0.666015625 0.21875 0.33984375
2 0.08046875 0.8193359375 0.1609375 0.361328125
