0 0.97265625 0.5869140625 0.0359375 0.115234375
0 0.9296875 0.595703125 0.021875 0.09765625
0 0.82265625 0.5517578125 0.0109375 0.025390625
0 0.83671875 0.5498046875 0.0109375 0.029296875
0 0.73984375 0.5615234375 0.0109375 0.041015625
0 0.728125 0.5458984375 0.00625 0.021484375
0 0.334375 0.556640625 0.015625 0.03515625
0 0.06640625 0.556640625 0.0078125 0.03125
2 0.040625 0.6279296875 0.08125 0.138671875
2 0.46484375 0.572265625 0.0703125 0.05859375
2 0.51328125 0.5712890625 0.0515625 0.048828125
2 0.60859375 0.60546875 0.1234375 0.1484375
