0 0.83828125 0.5869140625 0.0265625 0.099609375
0 0.8296875 0.58203125 0.028125 0.11328125
0 0.43203125 0.54296875 0.0109375 0.03515625
0 0.43671875 0.5380859375 0.0078125 0.025390625
0 0.29296875 0.541015625 0.0078125 0.015625
0 0.2984375 0.5400390625 0.00625 0.013671875
0 0.2140625 0.55078125 0.009375 0.02734375
0 0.44609375 0.525390625 0.0046875 0.015625
0 0.4515625 0.5234375 0.00625 0.015625
2 0.89140625 0.5771484375 0.0921875 0.052734375
2 0.50078125 0.6328125 0.1390625 0.1640625
2 0.39921875 0.7587890625 0.3203125 0.326171875
2 0.30546875 0.5595703125 0.0453125 0.037109375
2 0.3796875 0.5361328125 0.021875 0.021484375
