0 0.01015625 0.609375 0.0203125 0.10546875
0 0.30078125 0.556640625 0.0109375 0.02734375
0 0.31015625 0.5576171875 0.0109375 0.033203125
0 0.2875 0.5517578125 0.0125 0.021484375
0 0.203125 0.578125 0.01875 0.0703125
0 0.5375 0.5498046875 0.009375 0.025390625
6 0.51796875 0.537109375 0.0140625 0.015625
2 0.2828125 0.5947265625 0.075 0.064453125
2 0.340625 0.5771484375 0.053125 0.044921875
2 0.36328125 0.5712890625 0.0359375 0.041015625
2 0.49140625 0.5517578125 0.0203125 0.021484375
2 0.4625 0.5517578125 0.021875 0.021484375
2 0.4296875 0.5517578125 0.021875 0.021484375
2 0.40859375 0.58203125 0.0359375 0.04296875
2 0.4671875 0.662109375 0.175 0.19921875
