0 0.61640625 0.51171875 0.0265625 0.0703125
0 0.059375 0.4951171875 0.0125 0.060546875
0 0.08359375 0.4873046875 0.0140625 0.052734375
0 0.1171875 0.4853515625 0.0125 0.041015625
0 0.15703125 0.4873046875 0.0109375 0.041015625
0 0.1671875 0.4775390625 0.009375 0.033203125
0 0.1796875 0.482421875 0.009375 0.01953125
0 0.1890625 0.4814453125 0.00625 0.021484375
0 0.23046875 0.4814453125 0.0078125 0.025390625
1 0.92734375 0.62109375 0.1015625 0.16796875
2 0.4828125 0.4970703125 0.021875 0.021484375
2 0.54140625 0.5029296875 0.0296875 0.037109375
2 0.41171875 0.5185546875 0.0765625 0.072265625
