1 0.3171875 0.482421875 0.015625 0.03125
2 0.7796875 0.4365234375 0.046875 0.021484375
2 0.8 0.4228515625 0.015625 0.009765625
2 0.7890625 0.4208984375 0.0125 0.009765625
2 0.4609375 0.458984375 0.009375 0.01171875
2 0.4390625 0.447265625 0.00625 0.0078125
2 0.43125 0.453125 0.00625 0.0078125
2 0.403125 0.462890625 0.0125 0.015625
2 0.38125 0.4638671875 0.0125 0.009765625
2 0.35234375 0.4658203125 0.0203125 0.021484375
2 0.33203125 0.4716796875 0.0203125 0.025390625
2 0.296875 0.474609375 0.021875 0.0234375
2 0.26015625 0.48046875 0.0421875 0.0390625
2 0.15546875 0.4892578125 0.0390625 0.033203125
