2 0.04921875 0.5205078125 0.0703125 0.029296875
2 0.20234375 0.5087890625 0.0390625 0.021484375
2 0.23984375 0.5048828125 0.0328125 0.017578125
2 0.596875 0.5224609375 0.065625 0.072265625
2 0.484375 0.5517578125 0.1 0.103515625
2 0.42890625 0.4931640625 0.0171875 0.017578125
2 0.4546875 0.4931640625 0.0125 0.013671875
2 0.46484375 0.494140625 0.0109375 0.01171875
2 0.5171875 0.4951171875 0.015625 0.013671875
2 0.49609375 0.490234375 0.0140625 0.015625
2 0.28515625 0.4990234375 0.0265625 0.017578125
2 0.29609375 0.4921875 0.0203125 0.015625
