0 0.80234375 0.48046875 0.0265625 0.0625
0 0.684375 0.4755859375 0.015625 0.056640625
2 0.52734375 0.4560546875 0.0109375 0.013671875
2 0.5015625 0.45703125 0.009375 0.01171875
2 0.48359375 0.4560546875 0.0140625 0.013671875
2 0.46171875 0.4580078125 0.0109375 0.009765625
2 0.4078125 0.4765625 0.040625 0.04296875
2 0.33203125 0.4697265625 0.0203125 0.021484375
2 0.27265625 0.486328125 0.0515625 0.05859375
2 0.22578125 0.48828125 0.0578125 0.0703125
2 0.078125 0.4931640625 0.0625 0.095703125
2 0.134375 0.4912109375 0.128125 0.103515625
2 0.03359375 0.50390625 0.0671875 0.11328125
14 0.69921875 0.4970703125 0.0296875 0.037109375
