0 0.38671875 0.4453125 0.0171875 0.0546875
0 0.5109375 0.470703125 0.0375 0.171875
0 0.5234375 0.4765625 0.03125 0.16015625
0 0.55546875 0.474609375 0.0421875 0.16796875
0 0.7828125 0.4677734375 0.065625 0.255859375
0 0.93828125 0.478515625 0.0765625 0.23046875
2 0.9171875 0.486328125 0.165625 0.13671875
2 0.2546875 0.4443359375 0.021875 0.021484375
2 0.1109375 0.453125 0.028125 0.04296875
2 0.03046875 0.458984375 0.0609375 0.09375
2 0.1640625 0.447265625 0.0875 0.0859375
2 0.325 0.4560546875 0.05625 0.060546875
