0 0.009375 0.5634765625 0.01875 0.091796875
0 0.078125 0.568359375 0.01875 0.07421875
0 0.12109375 0.5478515625 0.0203125 0.068359375
0 0.1421875 0.5498046875 0.021875 0.060546875
0 0.203125 0.5498046875 0.01875 0.060546875
0 0.41171875 0.5302734375 0.0078125 0.029296875
0 0.4734375 0.52734375 0.00625 0.0234375
0 0.46796875 0.53515625 0.0078125 0.03515625
0 0.7203125 0.5302734375 0.009375 0.029296875
0 0.80546875 0.544921875 0.0171875 0.06640625
0 0.83359375 0.5517578125 0.0171875 0.080078125
0 0.84296875 0.552734375 0.0140625 0.05859375
0 0.79296875 0.544921875 0.0171875 0.05078125
1 0.94296875 0.591796875 0.0921875 0.0703125
2 0.5390625 0.5810546875 0.10625 0.134765625
2 0.30078125 0.564453125 0.0578125 0.06640625
