0 0.765625 0.4658203125 0.015625 0.056640625
0 0.0109375 0.4638671875 0.021875 0.033203125
1 0.35234375 0.4912109375 0.0171875 0.033203125
2 0.46328125 0.4619140625 0.0078125 0.009765625
2 0.4515625 0.462890625 0.009375 0.01171875
2 0.5046875 0.4677734375 0.015625 0.017578125
2 0.48515625 0.4814453125 0.0359375 0.033203125
2 0.51640625 0.4765625 0.0171875 0.03125
2 0.534375 0.4765625 0.0375 0.04296875
2 0.55703125 0.4873046875 0.0359375 0.048828125
2 0.625 0.4833984375 0.11875 0.130859375
2 0.4390625 0.47265625 0.025 0.03125
2 0.37734375 0.4814453125 0.0421875 0.033203125
2 0.10078125 0.5185546875 0.1390625 0.130859375
2 0.0203125 0.544921875 0.040625 0.140625
