4 0.36796875 0.5029296875 0.0484375 0.080078125
4 0.4046875 0.5166015625 0.025 0.041015625
4 0.4890625 0.5234375 0.0125 0.01953125
4 0.5203125 0.525390625 0.01875 0.0234375
0 0.7171875 0.55078125 0.0125 0.03515625
0 0.61484375 0.5400390625 0.0078125 0.029296875
0 0.58046875 0.546875 0.0140625 0.0390625
0 0.96953125 0.5478515625 0.0203125 0.033203125
2 0.89140625 0.751953125 0.2171875 0.375
2 0.82578125 0.6103515625 0.1296875 0.103515625
2 0.7609375 0.58984375 0.10625 0.08984375
2 0.65625 0.5615234375 0.090625 0.041015625
2 0.5375 0.587890625 0.096875 0.1015625
2 0.384375 0.5888671875 0.10625 0.107421875
2 0.47109375 0.5380859375 0.0234375 0.025390625
2 0.26953125 0.54296875 0.0671875 0.0625
2 0.20859375 0.5537109375 0.0484375 0.048828125
2 0.0640625 0.564453125 0.05625 0.03515625
2 0.01953125 0.869140625 0.0390625 0.25390625
