0 0.26171875 0.494140625 0.0171875 0.0546875
0 0.40625 0.4970703125 0.0125 0.048828125
1 0.4203125 0.5107421875 0.021875 0.037109375
1 0.61796875 0.5 0.0078125 0.01953125
2 0.5328125 0.4970703125 0.059375 0.033203125
2 0.5671875 0.49609375 0.021875 0.03125
2 0.59140625 0.4951171875 0.0359375 0.033203125
2 0.6671875 0.498046875 0.04375 0.04296875
2 0.63828125 0.498046875 0.0234375 0.03125
2 0.73828125 0.525390625 0.1734375 0.12109375
2 0.8015625 0.5390625 0.096875 0.13671875
2 0.9125 0.5205078125 0.175 0.255859375
14 0.65 0.4814453125 0.071875 0.033203125
