4 0.5609375 0.544921875 0.025 0.03125
0 0.88203125 0.5595703125 0.0265625 0.068359375
0 0.9296875 0.552734375 0.015625 0.046875
0 0.796875 0.560546875 0.0125 0.05078125
0 0.78125 0.556640625 0.015625 0.0546875
0 0.76796875 0.5537109375 0.0109375 0.052734375
0 0.75703125 0.548828125 0.0140625 0.046875
0 0.70546875 0.5546875 0.0078125 0.03515625
0 0.6953125 0.55078125 0.0125 0.0390625
0 0.67421875 0.556640625 0.0109375 0.03125
0 0.6578125 0.55859375 0.009375 0.03515625
0 0.63125 0.552734375 0.009375 0.03515625
0 0.62421875 0.546875 0.0078125 0.0234375
0 0.59375 0.5556640625 0.009375 0.033203125
0 0.578125 0.5478515625 0.00625 0.021484375
0 0.41640625 0.556640625 0.0078125 0.03125
0 0.4078125 0.5546875 0.00625 0.01953125
0 0.17890625 0.5576171875 0.0109375 0.033203125
0 0.053125 0.611328125 0.040625 0.140625
0 0.08515625 0.615234375 0.0234375 0.11328125
1 0.1375 0.6044921875 0.071875 0.052734375
2 0.52578125 0.560546875 0.0359375 0.04296875
2 0.4765625 0.57421875 0.065625 0.06640625
2 0.44140625 0.560546875 0.0171875 0.0234375
2 0.3828125 0.5625 0.04375 0.04296875
2 0.84765625 0.5576171875 0.0546875 0.037109375
