0 0.63515625 0.4755859375 0.0609375 0.205078125
0 0.25 0.4716796875 0.034375 0.068359375
0 0.2359375 0.4736328125 0.025 0.072265625
0 0.19296875 0.46484375 0.0140625 0.05078125
0 0.17109375 0.474609375 0.0296875 0.0703125
0 0.15390625 0.4755859375 0.0171875 0.064453125
0 0.13359375 0.4736328125 0.0234375 0.076171875
0 0.10078125 0.466796875 0.0109375 0.05859375
0 0.0859375 0.466796875 0.015625 0.06640625
0 0.0640625 0.4814453125 0.025 0.083984375
0 0.0203125 0.4833984375 0.01875 0.076171875
2 0.50078125 0.458984375 0.0421875 0.0390625
2 0.47421875 0.453125 0.0109375 0.01171875
2 0.4375 0.455078125 0.0125 0.01171875
2 0.2453125 0.466796875 0.05625 0.046875
