0 0.98671875 0.44921875 0.0265625 0.125
0 0.725 0.4560546875 0.01875 0.068359375
0 0.7078125 0.4541015625 0.021875 0.072265625
0 0.53203125 0.455078125 0.0109375 0.02734375
0 0.4640625 0.4599609375 0.00625 0.029296875
1 0.5359375 0.4794921875 0.053125 0.041015625
2 0.35546875 0.4833984375 0.0546875 0.048828125
2 0.3328125 0.47265625 0.01875 0.03515625
2 0.31640625 0.4736328125 0.0234375 0.037109375
2 0.3015625 0.46875 0.015625 0.01953125
2 0.278125 0.4794921875 0.0375 0.052734375
2 0.228125 0.4970703125 0.1 0.095703125
2 0.0984375 0.484375 0.028125 0.02734375
2 0.0609375 0.4873046875 0.05 0.044921875
