4 0.69765625 0.4462890625 0.0578125 0.072265625
0 0.5125 0.4775390625 0.0125 0.044921875
2 0.09296875 0.666015625 0.1859375 0.25
2 0.29453125 0.5810546875 0.1640625 0.154296875
2 0.3796875 0.53125 0.14375 0.1328125
2 0.4671875 0.5205078125 0.0625 0.072265625
2 0.98203125 0.6162109375 0.0359375 0.373046875
2 0.89609375 0.5576171875 0.2078125 0.310546875
2 0.81328125 0.48046875 0.1546875 0.19921875
2 0.72890625 0.490234375 0.0390625 0.06640625
2 0.72265625 0.478515625 0.0515625 0.05859375
2 0.575 0.47265625 0.03125 0.03515625
2 0.5890625 0.466796875 0.021875 0.02734375
2 0.6390625 0.4677734375 0.03125 0.033203125
2 0.5796875 0.4443359375 0.0375 0.021484375
2 0.6484375 0.4267578125 0.028125 0.017578125
