0 0.1625 0.5029296875 0.021875 0.064453125
0 0.296875 0.4853515625 0.00625 0.013671875
0 0.353125 0.48828125 0.003125 0.01171875
0 0.3609375 0.4892578125 0.003125 0.009765625
0 0.3671875 0.48828125 0.003125 0.01171875
0 0.3765625 0.4892578125 0.003125 0.009765625
0 0.98125 0.52734375 0.0375 0.11328125
0 0.86796875 0.501953125 0.0203125 0.03515625
0 0.78515625 0.49609375 0.0171875 0.0390625
0 0.79375 0.5166015625 0.0125 0.076171875
0 0.8234375 0.4970703125 0.009375 0.044921875
0 0.63828125 0.505859375 0.0046875 0.01171875
0 0.6046875 0.4951171875 0.003125 0.013671875
2 0.48828125 0.501953125 0.0171875 0.0234375
2 0.5515625 0.4970703125 0.021875 0.013671875
2 0.41953125 0.501953125 0.0265625 0.02734375
