4 0.36171875 0.52734375 0.0453125 0.0625
0 0.1015625 0.55078125 0.009375 0.03515625
0 0.03984375 0.5625 0.0140625 0.046875
0 0.02265625 0.5634765625 0.0140625 0.048828125
0 0.85078125 0.5810546875 0.0234375 0.095703125
0 0.559375 0.55078125 0.0125 0.0390625
0 0.52734375 0.5439453125 0.0109375 0.013671875
0 0.49609375 0.5380859375 0.0078125 0.033203125
0 0.39921875 0.533203125 0.0046875 0.0234375
0 0.40546875 0.53515625 0.0078125 0.01953125
0 0.45078125 0.5380859375 0.0078125 0.013671875
0 0.45859375 0.537109375 0.0078125 0.015625
0 0.47734375 0.5419921875 0.0109375 0.037109375
2 0.30390625 0.5341796875 0.0109375 0.009765625
2 0.52109375 0.5859375 0.0828125 0.0703125
2 0.415625 0.63671875 0.165625 0.1875
2 0.2796875 0.5322265625 0.009375 0.009765625
2 0.28828125 0.5322265625 0.0078125 0.009765625
2 0.26875 0.5322265625 0.015625 0.013671875
2 0.315625 0.53515625 0.009375 0.0078125
