0 0.85625 0.4462890625 0.0375 0.083984375
0 0.9296875 0.4462890625 0.025 0.083984375
0 0.6703125 0.4638671875 0.03125 0.099609375
0 0.628125 0.470703125 0.028125 0.08203125
0 0.5796875 0.458984375 0.0125 0.0390625
2 0.0140625 0.521484375 0.028125 0.07421875
2 0.021875 0.4716796875 0.04375 0.037109375
2 0.053125 0.478515625 0.025 0.0703125
2 0.12890625 0.4755859375 0.1390625 0.115234375
2 0.215625 0.4765625 0.065625 0.06640625
2 0.25078125 0.46484375 0.0359375 0.0390625
2 0.271875 0.462890625 0.028125 0.03515625
2 0.325 0.46484375 0.0875 0.04296875
2 0.45390625 0.4736328125 0.1296875 0.134765625
