0 0.5421875 0.4609375 0.00625 0.0234375
0 0.56484375 0.4638671875 0.0078125 0.033203125
2 0.03125 0.5029296875 0.0625 0.072265625
2 0.22421875 0.4794921875 0.0578125 0.056640625
2 0.64609375 0.4814453125 0.1015625 0.099609375
2 0.48359375 0.4697265625 0.0546875 0.060546875
2 0.446875 0.4638671875 0.01875 0.021484375
2 0.40859375 0.466796875 0.0171875 0.015625
2 0.390625 0.4658203125 0.0125 0.017578125
2 0.3734375 0.466796875 0.021875 0.01953125
2 0.35625 0.4658203125 0.021875 0.021484375
2 0.328125 0.4697265625 0.03125 0.029296875
2 0.303125 0.4736328125 0.025 0.021484375
2 0.28046875 0.4736328125 0.0203125 0.021484375
2 0.4265625 0.4677734375 0.015625 0.013671875
