0 0.828125 0.4658203125 0.025 0.095703125
0 0.79375 0.44921875 0.01875 0.07421875
2 0.7421875 0.4599609375 0.059375 0.052734375
2 0.07578125 0.4931640625 0.1203125 0.095703125
2 0.225 0.478515625 0.05 0.04296875
2 0.2734375 0.4755859375 0.0375 0.037109375
2 0.30859375 0.470703125 0.0421875 0.0390625
2 0.54921875 0.4716796875 0.0484375 0.044921875
2 0.51875 0.4755859375 0.01875 0.021484375
2 0.4609375 0.46875 0.05 0.0546875
2 0.434375 0.46484375 0.015625 0.02734375
14 0.41875 0.4541015625 0.021875 0.025390625
