0 0.0796875 0.5166015625 0.025 0.099609375
0 0.04921875 0.51171875 0.0359375 0.09375
0 0.05625 0.48046875 0.015625 0.04296875
0 0.334375 0.4873046875 0.0125 0.044921875
0 0.57265625 0.4697265625 0.0078125 0.021484375
0 0.36015625 0.4697265625 0.0109375 0.021484375
1 0.97109375 0.5908203125 0.0578125 0.107421875
2 0.47265625 0.521484375 0.0703125 0.06640625
2 0.50234375 0.5078125 0.0484375 0.0546875
2 0.453125 0.4873046875 0.04375 0.044921875
2 0.47578125 0.4765625 0.0140625 0.0234375
2 0.61875 0.4677734375 0.01875 0.021484375
2 0.59296875 0.4609375 0.0078125 0.0078125
2 0.58125 0.4609375 0.009375 0.0078125
2 0.60390625 0.462890625 0.0109375 0.01171875
