0 0.6234375 0.4658203125 0.0125 0.025390625
0 0.6359375 0.46875 0.0125 0.02734375
0 0.64921875 0.47265625 0.0109375 0.0234375
0 0.1765625 0.4853515625 0.0125 0.048828125
0 0.59296875 0.4658203125 0.0109375 0.017578125
0 0.22109375 0.4736328125 0.0109375 0.021484375
1 0.6078125 0.501953125 0.04375 0.06640625
2 0.43359375 0.4931640625 0.1140625 0.130859375
2 0.35625 0.4853515625 0.034375 0.044921875
2 0.33828125 0.4912109375 0.0515625 0.052734375
2 0.2703125 0.5009765625 0.103125 0.087890625
2 0.0578125 0.529296875 0.115625 0.28125
