4 0.515625 0.3916015625 0.059375 0.095703125
0 0.340625 0.4169921875 0.01875 0.044921875
0 0.35703125 0.416015625 0.0109375 0.046875
2 0.0359375 0.45703125 0.071875 0.109375
2 0.10390625 0.443359375 0.1484375 0.1015625
2 0.20546875 0.416015625 0.1171875 0.09765625
2 0.26328125 0.419921875 0.0671875 0.06640625
2 0.29609375 0.412109375 0.0453125 0.05859375
2 0.40625 0.4287109375 0.1 0.099609375
2 0.4546875 0.412109375 0.04375 0.0703125
2 0.47421875 0.404296875 0.0140625 0.02734375
2 0.584375 0.4208984375 0.046875 0.048828125
2 0.55625 0.4091796875 0.028125 0.037109375
2 0.68671875 0.4521484375 0.1171875 0.103515625
2 0.43828125 0.328125 0.0203125 0.01171875
2 0.5234375 0.328125 0.03125 0.015625
