1 0.83828125 0.5634765625 0.0609375 0.138671875
1 0.7109375 0.5263671875 0.053125 0.099609375
1 0.684375 0.51171875 0.0375 0.07421875
1 0.62734375 0.49609375 0.0328125 0.07421875
1 0.60390625 0.4892578125 0.0140625 0.041015625
1 0.58203125 0.478515625 0.0203125 0.046875
1 0.5515625 0.4541015625 0.009375 0.025390625
1 0.53671875 0.4521484375 0.0078125 0.021484375
1 0.5203125 0.4482421875 0.00625 0.017578125
2 0.8828125 0.4990234375 0.234375 0.197265625
2 0.7671875 0.4931640625 0.059375 0.099609375
2 0.6640625 0.4716796875 0.03125 0.064453125
2 0.56171875 0.4404296875 0.0171875 0.033203125
2 0.4296875 0.4296875 0.01875 0.02734375
2 0.4109375 0.4326171875 0.028125 0.033203125
2 0.3890625 0.4453125 0.04375 0.046875
