4 0.39296875 0.3994140625 0.0234375 0.029296875
4 0.4171875 0.400390625 0.025 0.03515625
4 0.596875 0.39453125 0.10625 0.12890625
6 0.515625 0.3974609375 0.034375 0.025390625
2 0.4609375 0.3984375 0.01875 0.01171875
2 0.453125 0.4091796875 0.021875 0.013671875
2 0.475 0.4228515625 0.040625 0.037109375
2 0.49375 0.4140625 0.0125 0.01953125
2 0.528125 0.4091796875 0.0125 0.005859375
2 0.6703125 0.4169921875 0.03125 0.025390625
2 0.70625 0.419921875 0.034375 0.03125
2 0.81328125 0.431640625 0.0453125 0.03515625
2 0.87890625 0.537109375 0.2421875 0.23046875
