0 0.87890625 0.58984375 0.0328125 0.109375
0 0.7109375 0.576171875 0.0125 0.046875
0 0.69765625 0.5712890625 0.0140625 0.052734375
0 0.40859375 0.572265625 0.0078125 0.02734375
0 0.65078125 0.5712890625 0.0078125 0.029296875
0 0.659375 0.5732421875 0.00625 0.029296875
0 0.6765625 0.572265625 0.009375 0.03515625
0 0.684375 0.5625 0.00625 0.01953125
0 0.59765625 0.5546875 0.0078125 0.0234375
0 0.5859375 0.54296875 0.00625 0.015625
1 0.77265625 0.62890625 0.0421875 0.08203125
1 0.84296875 0.62890625 0.0359375 0.0703125
1 0.53984375 0.5693359375 0.0140625 0.021484375
2 0.571875 0.5791015625 0.025 0.025390625
2 0.56875 0.5517578125 0.015625 0.013671875
2 0.240625 0.5888671875 0.090625 0.083984375
2 0.33125 0.6015625 0.103125 0.08984375
2 0.43515625 0.5791015625 0.0265625 0.029296875
2 0.471875 0.58984375 0.065625 0.0703125
2 0.5390625 0.546875 0.015625 0.015625
2 0.51015625 0.552734375 0.0140625 0.015625
2 0.521875 0.5498046875 0.0125 0.013671875
