6 0.5046875 0.4677734375 0.015625 0.013671875
2 0.90859375 0.521484375 0.1828125 0.4453125
2 0.65859375 0.4951171875 0.0859375 0.064453125
2 0.0609375 0.5224609375 0.121875 0.126953125
2 0.60625 0.4736328125 0.053125 0.060546875
2 0.57890625 0.470703125 0.0171875 0.0390625
2 0.56796875 0.46875 0.0109375 0.01953125
2 0.55 0.4658203125 0.009375 0.009765625
2 0.17734375 0.498046875 0.1109375 0.1015625
2 0.275 0.4921875 0.071875 0.0625
2 0.34765625 0.494140625 0.1046875 0.08984375
2 0.40859375 0.4794921875 0.0203125 0.029296875
2 0.42578125 0.4755859375 0.0203125 0.025390625
2 0.4484375 0.4755859375 0.025 0.025390625
2 0.46953125 0.47265625 0.0171875 0.0234375
2 0.48359375 0.470703125 0.0140625 0.01953125
2 0.49375 0.470703125 0.009375 0.01171875
2 0.5296875 0.4697265625 0.009375 0.009765625
2 0.5171875 0.4677734375 0.009375 0.009765625
