0 0.00703125 0.646484375 0.0140625 0.1796875
0 0.08046875 0.6220703125 0.0703125 0.248046875
0 0.346875 0.5654296875 0.025 0.056640625
0 0.36484375 0.5693359375 0.0109375 0.048828125
1 0.55703125 0.58984375 0.0234375 0.03515625
2 0.8984375 0.8056640625 0.203125 0.388671875
2 0.740625 0.673828125 0.315625 0.2890625
2 0.52109375 0.619140625 0.1015625 0.11328125
2 0.46484375 0.6279296875 0.1078125 0.119140625
2 0.35546875 0.7861328125 0.3859375 0.396484375
2 0.3890625 0.5732421875 0.040625 0.037109375
