0 0.83984375 0.474609375 0.0171875 0.0625
0 0.6046875 0.4521484375 0.0125 0.041015625
0 0.2796875 0.462890625 0.009375 0.03125
0 0.2890625 0.4638671875 0.009375 0.029296875
0 0.2953125 0.4599609375 0.00625 0.029296875
0 0.3015625 0.4619140625 0.00625 0.033203125
0 0.3109375 0.4619140625 0.009375 0.025390625
0 0.334375 0.4609375 0.00625 0.01953125
0 0.340625 0.4599609375 0.00625 0.021484375
0 0.346875 0.4599609375 0.00625 0.021484375
0 0.35546875 0.4599609375 0.0078125 0.021484375
0 0.3625 0.4599609375 0.00625 0.021484375
0 0.36953125 0.458984375 0.0078125 0.01953125
0 0.3765625 0.4599609375 0.00625 0.017578125
0 0.384375 0.4599609375 0.00625 0.017578125
0 0.390625 0.4599609375 0.00625 0.017578125
1 0.2390625 0.47265625 0.009375 0.0234375
1 0.321875 0.4658203125 0.0125 0.021484375
2 0.4703125 0.498046875 0.121875 0.13671875
2 0.51875 0.466796875 0.05 0.07421875
14 0.59609375 0.46875 0.0109375 0.03125
