0 0.77109375 0.482421875 0.0578125 0.11328125
0 0.7453125 0.48828125 0.05625 0.125
0 0.72578125 0.470703125 0.0234375 0.0859375
0 0.9875 0.453125 0.01875 0.046875
0 0.840625 0.453125 0.01875 0.03125
0 0.596875 0.44921875 0.021875 0.03515625
0 0.09296875 0.4599609375 0.0265625 0.072265625
0 0.07890625 0.4384765625 0.0140625 0.025390625
0 0.06171875 0.4404296875 0.0234375 0.025390625
0 0.03984375 0.45703125 0.0234375 0.0625
2 0.57421875 0.48046875 0.0671875 0.0625
2 0.54296875 0.4677734375 0.0265625 0.041015625
2 0.5359375 0.4619140625 0.03125 0.041015625
2 0.5171875 0.4521484375 0.01875 0.021484375
2 0.4734375 0.4453125 0.01875 0.01953125
2 0.41796875 0.46875 0.0640625 0.05859375
