0 0.51640625 0.455078125 0.0078125 0.01953125
0 0.4515625 0.4677734375 0.028125 0.056640625
0 0.43515625 0.4580078125 0.0109375 0.033203125
0 0.39296875 0.462890625 0.0109375 0.0234375
2 0.490625 0.4619140625 0.028125 0.033203125
2 0.39296875 0.451171875 0.0109375 0.0078125
2 0.375 0.4541015625 0.0125 0.013671875
2 0.3609375 0.4580078125 0.015625 0.013671875
2 0.34140625 0.462890625 0.0203125 0.01953125
2 0.28828125 0.4697265625 0.0234375 0.025390625
2 0.2640625 0.4697265625 0.03125 0.037109375
2 0.25234375 0.4736328125 0.0203125 0.029296875
2 0.2296875 0.474609375 0.0375 0.03125
2 0.16484375 0.4853515625 0.0578125 0.044921875
2 0.0796875 0.5595703125 0.159375 0.337890625
