0 0.78359375 0.5205078125 0.0203125 0.076171875
0 0.74765625 0.49609375 0.0234375 0.03515625
0 0.7 0.5 0.01875 0.05078125
0 0.22421875 0.48828125 0.0140625 0.03125
0 0.26640625 0.486328125 0.0078125 0.0234375
0 0.28046875 0.486328125 0.0140625 0.015625
0 0.346875 0.4921875 0.00625 0.0234375
0 0.359375 0.4912109375 0.009375 0.021484375
2 0.1171875 0.5322265625 0.18125 0.103515625
2 0.51015625 0.498046875 0.0203125 0.01953125
2 0.5125 0.482421875 0.0125 0.01171875
2 0.50234375 0.4765625 0.0109375 0.01171875
