0 0.6546875 0.4755859375 0.01875 0.056640625
1 0.27578125 0.5048828125 0.0609375 0.052734375
2 0.9359375 0.59765625 0.128125 0.24609375
2 0.815625 0.54296875 0.259375 0.18359375
2 0.54453125 0.4853515625 0.0546875 0.052734375
2 0.5109375 0.4775390625 0.034375 0.041015625
2 0.4921875 0.474609375 0.015625 0.0234375
2 0.49140625 0.4677734375 0.0265625 0.029296875
2 0.45703125 0.46875 0.0265625 0.01953125
2 0.2796875 0.484375 0.046875 0.04296875
2 0.30703125 0.4794921875 0.0296875 0.044921875
2 0.328125 0.48046875 0.021875 0.03515625
2 0.34453125 0.478515625 0.0171875 0.02734375
2 0.34765625 0.4716796875 0.0359375 0.033203125
2 0.37109375 0.470703125 0.0203125 0.0234375
2 0.38515625 0.4697265625 0.0171875 0.021484375
2 0.39609375 0.4677734375 0.0109375 0.017578125
2 0.40546875 0.4658203125 0.0109375 0.013671875
