0 0.44921875 0.4609375 0.0109375 0.0390625
0 0.52890625 0.4658203125 0.0109375 0.041015625
0 0.53984375 0.4658203125 0.0109375 0.041015625
2 0.25390625 0.462890625 0.0515625 0.05078125
2 0.225 0.4541015625 0.028125 0.033203125
2 0.15 0.4501953125 0.08125 0.025390625
2 0.06640625 0.556640625 0.1328125 0.1953125
2 0.1625 0.525390625 0.134375 0.1328125
2 0.19296875 0.451171875 0.0515625 0.03515625
2 0.34609375 0.4580078125 0.0296875 0.029296875
2 0.315625 0.466796875 0.040625 0.0390625
2 0.3765625 0.47265625 0.053125 0.05078125
2 0.41171875 0.46875 0.0328125 0.0390625
2 0.425 0.4677734375 0.015625 0.037109375
2 0.43515625 0.4658203125 0.0140625 0.033203125
2 0.440625 0.46484375 0.009375 0.02734375
2 0.4578125 0.4599609375 0.0125 0.025390625
2 0.4625 0.4560546875 0.021875 0.025390625
2 0.47421875 0.455078125 0.0109375 0.01953125
2 0.4796875 0.4541015625 0.00625 0.013671875
2 0.484375 0.4541015625 0.00625 0.013671875
2 0.496875 0.44921875 0.00625 0.0078125
2 0.4890625 0.451171875 0.009375 0.015625
2 0.89609375 0.751953125 0.2078125 0.46484375
2 0.83203125 0.59375 0.2640625 0.234375
2 0.72578125 0.5302734375 0.1671875 0.166015625
2 0.615625 0.4599609375 0.034375 0.048828125
2 0.58125 0.470703125 0.046875 0.0546875
2 0.55859375 0.470703125 0.0109375 0.0390625
2 0.55390625 0.466796875 0.0109375 0.03125
2 0.55390625 0.4599609375 0.0234375 0.037109375
