0 0.05625 0.494140625 0.0125 0.0546875
1 0.20078125 0.5205078125 0.0453125 0.107421875
1 0.0078125 0.5205078125 0.015625 0.064453125
1 0.1484375 0.501953125 0.040625 0.07421875
1 0.13125 0.50390625 0.01875 0.05859375
1 0.3875 0.48046875 0.00625 0.01953125
1 0.48671875 0.478515625 0.0078125 0.0234375
1 0.4734375 0.4755859375 0.00625 0.017578125
1 0.578125 0.4921875 0.021875 0.05859375
1 0.5921875 0.48828125 0.025 0.05859375
1 0.60859375 0.48828125 0.0203125 0.0546875
1 0.6421875 0.5009765625 0.046875 0.095703125
1 0.69140625 0.501953125 0.0359375 0.07421875
1 0.71640625 0.51953125 0.0484375 0.109375
1 0.74296875 0.501953125 0.0484375 0.12109375
1 0.77734375 0.513671875 0.0578125 0.1171875
1 0.86328125 0.568359375 0.1078125 0.1953125
1 0.8859375 0.5595703125 0.10625 0.193359375
1 0.94921875 0.552734375 0.0953125 0.1875
2 0.2453125 0.486328125 0.04375 0.05859375
2 0.29453125 0.48046875 0.0484375 0.04296875
2 0.3234375 0.4794921875 0.01875 0.033203125
2 0.33828125 0.48046875 0.0171875 0.02734375
2 0.35234375 0.4755859375 0.0234375 0.025390625
2 0.365625 0.4716796875 0.021875 0.025390625
