0 0.6734375 0.4541015625 0.034375 0.072265625
0 0.63828125 0.451171875 0.0171875 0.06640625
0 0.6515625 0.44921875 0.021875 0.07421875
0 0.6140625 0.45703125 0.021875 0.0703125
0 0.56953125 0.458984375 0.0234375 0.0703125
0 0.55078125 0.4619140625 0.0296875 0.080078125
0 0.534375 0.4619140625 0.025 0.083984375
0 0.44296875 0.462890625 0.0203125 0.08203125
0 0.18046875 0.4619140625 0.0109375 0.048828125
0 0.2046875 0.466796875 0.0125 0.046875
0 0.04296875 0.4697265625 0.0265625 0.072265625
0 0.72265625 0.4296875 0.0109375 0.01953125
2 0.478125 0.4541015625 0.009375 0.009765625
2 0.50390625 0.4599609375 0.0421875 0.041015625
2 0.24609375 0.466796875 0.0578125 0.046875
