0 0.69453125 0.462890625 0.0203125 0.08203125
0 0.64609375 0.466796875 0.0171875 0.0703125
0 0.615625 0.4697265625 0.01875 0.076171875
0 0.58125 0.44140625 0.015625 0.0234375
0 0.5671875 0.4658203125 0.015625 0.080078125
0 0.51484375 0.458984375 0.0109375 0.04296875
0 0.2109375 0.4609375 0.0125 0.0390625
0 0.16875 0.4619140625 0.0125 0.041015625
0 0.02265625 0.4658203125 0.0171875 0.064453125
0 0.0375 0.4599609375 0.009375 0.044921875
0 0.07421875 0.44921875 0.0109375 0.02734375
1 0.46796875 0.470703125 0.0078125 0.01953125
2 0.39921875 0.4638671875 0.0265625 0.029296875
2 0.3734375 0.4638671875 0.015625 0.021484375
2 0.36015625 0.4638671875 0.0203125 0.025390625
2 0.3390625 0.4658203125 0.034375 0.033203125
2 0.3 0.46875 0.04375 0.04296875
