0 0.56796875 0.5615234375 0.0109375 0.029296875
0 0.553125 0.5615234375 0.009375 0.025390625
0 0.6234375 0.5703125 0.009375 0.0390625
0 0.61484375 0.572265625 0.0109375 0.0390625
0 0.6078125 0.5732421875 0.009375 0.041015625
0 0.59765625 0.5625 0.0109375 0.02734375
0 0.403125 0.5625 0.009375 0.02734375
0 0.39296875 0.560546875 0.0078125 0.0234375
0 0.38515625 0.5546875 0.0109375 0.015625
0 0.02109375 0.5830078125 0.0359375 0.083984375
0 0.0578125 0.58984375 0.025 0.09765625
0 0.08359375 0.6015625 0.0265625 0.09375
0 0.134375 0.560546875 0.01875 0.02734375
0 0.209375 0.56640625 0.021875 0.02734375
0 0.4609375 0.560546875 0.00625 0.01953125
6 0.7578125 0.5537109375 0.296875 0.318359375
2 0.48828125 0.560546875 0.0109375 0.015625
2 0.509375 0.5810546875 0.046875 0.052734375
2 0.03515625 0.6875 0.0703125 0.171875
2 0.14921875 0.634765625 0.1359375 0.125
2 0.24140625 0.61328125 0.0859375 0.0859375
2 0.2953125 0.580078125 0.05625 0.0546875
2 0.32890625 0.5634765625 0.0359375 0.025390625
2 0.371875 0.5751953125 0.0375 0.041015625
2 0.3328125 0.630859375 0.1375 0.109375
