0 0.0328125 0.5546875 0.03125 0.046875
0 0.4640625 0.5732421875 0.046875 0.130859375
0 0.5703125 0.55078125 0.028125 0.04296875
0 0.56484375 0.537109375 0.0203125 0.046875
0 0.6 0.5390625 0.03125 0.05859375
0 0.97890625 0.5703125 0.0171875 0.06640625
0 0.93984375 0.5673828125 0.0203125 0.041015625
0 0.953125 0.5693359375 0.015625 0.048828125
0 0.90859375 0.5625 0.0171875 0.05078125
0 0.92109375 0.5673828125 0.0109375 0.044921875
0 0.7515625 0.54296875 0.034375 0.03515625
0 0.50078125 0.5283203125 0.0140625 0.033203125
0 0.89296875 0.5625 0.0140625 0.03125
2 0.18046875 0.6572265625 0.3609375 0.240234375
2 0.6828125 0.775390625 0.634375 0.44921875
