0 0.00546875 0.4775390625 0.0109375 0.041015625
0 0.02265625 0.478515625 0.0234375 0.0390625
0 0.103125 0.494140625 0.021875 0.06640625
0 0.3375 0.4814453125 0.009375 0.017578125
0 0.37109375 0.482421875 0.0078125 0.01953125
0 0.39453125 0.484375 0.0078125 0.03125
0 0.4140625 0.48828125 0.00625 0.01953125
0 0.421875 0.48828125 0.00625 0.01953125
0 0.50859375 0.5166015625 0.0265625 0.099609375
0 0.6296875 0.490234375 0.009375 0.0234375
0 0.64296875 0.4921875 0.0078125 0.01953125
0 0.65078125 0.490234375 0.0078125 0.01953125
0 0.6734375 0.4892578125 0.00625 0.021484375
0 0.7046875 0.4814453125 0.0125 0.037109375
0 0.8734375 0.5126953125 0.025 0.095703125
2 0.55546875 0.5009765625 0.0265625 0.025390625
1 0.15390625 0.517578125 0.0234375 0.05078125
