0 0.09140625 0.4873046875 0.0078125 0.064453125
0 0.284375 0.5234375 0.034375 0.12109375
0 0.296875 0.5244140625 0.040625 0.119140625
0 0.33671875 0.482421875 0.0078125 0.01953125
0 0.35234375 0.4814453125 0.0046875 0.009765625
0 0.37109375 0.482421875 0.0078125 0.015625
0 0.38984375 0.478515625 0.0078125 0.01953125
0 0.3953125 0.486328125 0.00625 0.01953125
0 0.41328125 0.48828125 0.0046875 0.01953125
0 0.41796875 0.4873046875 0.0078125 0.021484375
0 0.4234375 0.484375 0.003125 0.015625
0 0.6359375 0.4921875 0.0125 0.0234375
0 0.64765625 0.4912109375 0.0078125 0.017578125
0 0.653125 0.490234375 0.003125 0.015625
0 0.66640625 0.4892578125 0.0078125 0.021484375
0 0.6734375 0.486328125 0.00625 0.0234375
0 0.70546875 0.4873046875 0.0078125 0.021484375
0 0.9328125 0.51171875 0.021875 0.09375
0 0.940625 0.5166015625 0.025 0.080078125
1 0.15390625 0.5126953125 0.0265625 0.044921875
2 0.49609375 0.4892578125 0.0265625 0.017578125
2 0.52421875 0.4970703125 0.0171875 0.021484375
2 0.5078125 0.4990234375 0.01875 0.025390625
2 0.5578125 0.5009765625 0.028125 0.025390625
