4 0.37109375 0.5439453125 0.0265625 0.037109375
4 0.284375 0.544921875 0.028125 0.0390625
0 0.06875 0.5654296875 0.025 0.064453125
0 0.04921875 0.5654296875 0.0265625 0.072265625
0 0.109375 0.5498046875 0.01875 0.052734375
0 0.08125 0.5458984375 0.015625 0.037109375
0 0.79140625 0.5830078125 0.0203125 0.048828125
0 0.69609375 0.5751953125 0.0171875 0.064453125
0 0.715625 0.5751953125 0.015625 0.041015625
0 0.66015625 0.572265625 0.0203125 0.06640625
0 0.64453125 0.5751953125 0.0171875 0.044921875
0 0.525 0.5498046875 0.0125 0.033203125
0 0.5140625 0.5498046875 0.0125 0.033203125
0 0.48828125 0.5478515625 0.0140625 0.037109375
0 0.4625 0.54296875 0.00625 0.01171875
2 0.48125 0.6455078125 0.159375 0.158203125
2 0.29296875 0.6171875 0.1171875 0.11328125
2 0.33671875 0.5830078125 0.0671875 0.083984375
2 0.446875 0.5732421875 0.059375 0.056640625
2 0.3953125 0.5498046875 0.03125 0.033203125
2 0.31328125 0.5419921875 0.0203125 0.013671875
