0 0.1328125 0.5087890625 0.084375 0.220703125
0 0.24140625 0.505859375 0.0578125 0.1953125
0 0.3359375 0.5 0.075 0.19140625
0 0.6828125 0.4677734375 0.046875 0.158203125
0 0.73203125 0.45703125 0.0203125 0.12109375
0 0.75625 0.474609375 0.04375 0.15625
2 0.46015625 0.4541015625 0.0109375 0.009765625
2 0.43984375 0.453125 0.0140625 0.01171875
2 0.14375 0.4775390625 0.18125 0.107421875
2 0.48203125 0.4521484375 0.0078125 0.009765625
2 0.5046875 0.4580078125 0.040625 0.041015625
2 0.68203125 0.458984375 0.2234375 0.08984375
