0 0.0296875 0.5068359375 0.015625 0.068359375
0 0.03828125 0.5029296875 0.0140625 0.060546875
0 0.05703125 0.505859375 0.0203125 0.06640625
0 0.06953125 0.5048828125 0.0140625 0.060546875
0 0.0875 0.501953125 0.021875 0.06640625
0 0.1015625 0.5009765625 0.021875 0.068359375
0 0.11953125 0.5009765625 0.0140625 0.060546875
0 0.12734375 0.4990234375 0.0109375 0.056640625
0 0.13828125 0.5 0.0171875 0.05859375
0 0.1515625 0.4990234375 0.0125 0.060546875
0 0.16015625 0.4931640625 0.0140625 0.052734375
0 0.178125 0.50390625 0.0125 0.046875
0 0.18515625 0.4990234375 0.0140625 0.044921875
0 0.20625 0.49609375 0.015625 0.046875
0 0.24765625 0.4970703125 0.0109375 0.033203125
0 0.259375 0.49609375 0.0125 0.03515625
0 0.65390625 0.458984375 0.0109375 0.02734375
0 0.66953125 0.462890625 0.0109375 0.02734375
0 0.67890625 0.4580078125 0.0140625 0.033203125
6 0.4703125 0.4755859375 0.04375 0.068359375
2 0.5296875 0.5029296875 0.103125 0.107421875
2 0.4421875 0.4892578125 0.021875 0.041015625
2 0.4234375 0.49609375 0.015625 0.01953125
2 0.32578125 0.490234375 0.0609375 0.0546875
14 0.615625 0.4716796875 0.0625 0.033203125
