0 0.35 0.5087890625 0.0125 0.048828125
0 0.36796875 0.4921875 0.0109375 0.0234375
0 0.5625 0.4716796875 0.01875 0.044921875
6 0.21484375 0.5205078125 0.1671875 0.166015625
6 0.61171875 0.455078125 0.0265625 0.03125
2 0.8296875 0.5830078125 0.209375 0.193359375
2 0.69921875 0.49609375 0.0546875 0.05859375
2 0.67109375 0.4833984375 0.0265625 0.033203125
2 0.59609375 0.533203125 0.1046875 0.109375
2 0.61484375 0.4892578125 0.0515625 0.037109375
2 0.625 0.4833984375 0.0375 0.044921875
2 0.64921875 0.478515625 0.0234375 0.03125
2 0.578125 0.478515625 0.028125 0.01171875
2 0.453125 0.5009765625 0.025 0.041015625
2 0.42734375 0.50390625 0.0390625 0.046875
2 0.384375 0.5126953125 0.06875 0.060546875
2 0.08046875 0.59375 0.1609375 0.10546875
