0 0.3421875 0.400390625 0.015625 0.0859375
0 0.35546875 0.4033203125 0.0234375 0.083984375
0 0.4328125 0.4033203125 0.0125 0.025390625
0 0.7734375 0.42578125 0.021875 0.0546875
0 0.79453125 0.4296875 0.0140625 0.05078125
0 0.48984375 0.396484375 0.0046875 0.01953125
0 0.503125 0.3984375 0.00625 0.01953125
2 0.53671875 0.408203125 0.0328125 0.03125
2 0.69609375 0.4306640625 0.0734375 0.068359375
2 0.609375 0.412109375 0.025 0.03515625
2 0.63359375 0.41796875 0.0421875 0.046875
2 0.81015625 0.4306640625 0.0265625 0.044921875
2 0.56953125 0.3994140625 0.0296875 0.021484375
