4 0.64921875 0.4296875 0.1640625 0.17578125
0 0.1296875 0.505859375 0.0125 0.046875
2 0.121875 0.6904296875 0.24375 0.369140625
2 0.365625 0.53125 0.14375 0.125
2 0.45078125 0.5068359375 0.0703125 0.068359375
2 0.49140625 0.4912109375 0.0390625 0.044921875
2 0.5328125 0.48046875 0.025 0.03125
2 0.54609375 0.4755859375 0.0203125 0.033203125
2 0.6515625 0.5615234375 0.178125 0.212890625
2 0.94140625 0.52734375 0.1171875 0.17578125
2 0.890625 0.509765625 0.09375 0.12890625
2 0.80703125 0.498046875 0.0546875 0.1015625
2 0.80078125 0.4775390625 0.0578125 0.076171875
