0 0.628125 0.5048828125 0.0125 0.052734375
0 0.73671875 0.513671875 0.0140625 0.0625
0 0.7125 0.5146484375 0.01875 0.060546875
0 0.72421875 0.5068359375 0.0109375 0.060546875
0 0.69375 0.5048828125 0.015625 0.052734375
0 0.65234375 0.501953125 0.0140625 0.0546875
0 0.64296875 0.4931640625 0.0109375 0.044921875
0 0.665625 0.5009765625 0.0125 0.044921875
0 0.6765625 0.5009765625 0.0125 0.044921875
0 0.87109375 0.5068359375 0.0328125 0.048828125
0 0.84140625 0.498046875 0.0203125 0.04296875
0 0.60078125 0.478515625 0.0078125 0.01953125
1 0.590625 0.55078125 0.025 0.05859375
2 0.3828125 0.5068359375 0.071875 0.076171875
2 0.478125 0.5546875 0.140625 0.1328125
2 0.490625 0.4794921875 0.01875 0.017578125
2 0.53046875 0.4697265625 0.0078125 0.009765625
2 0.50546875 0.474609375 0.0140625 0.015625
