0 0.58828125 0.4580078125 0.0203125 0.068359375
0 0.83671875 0.5703125 0.1140625 0.4453125
0 0.9171875 0.580078125 0.165625 0.49609375
0 0.3109375 0.46484375 0.009375 0.03125
0 0.321875 0.462890625 0.00625 0.02734375
0 0.32890625 0.462890625 0.0046875 0.0234375
0 0.24453125 0.4619140625 0.0140625 0.060546875
2 0.409375 0.4609375 0.009375 0.01171875
2 0.421875 0.4599609375 0.015625 0.017578125
2 0.44453125 0.458984375 0.0140625 0.015625
2 0.4578125 0.462890625 0.00625 0.0078125
2 0.4890625 0.46875 0.046875 0.05078125
2 0.284375 0.4677734375 0.046875 0.048828125
2 0.184375 0.474609375 0.125 0.10546875
