2 0.3046875 0.5751953125 0.14375 0.134765625
2 0.56328125 0.515625 0.0546875 0.0546875
2 0.53203125 0.4970703125 0.0265625 0.029296875
2 0.51953125 0.4931640625 0.0140625 0.017578125
2 0.5125 0.4892578125 0.0125 0.017578125
2 0.50625 0.48828125 0.0125 0.015625
2 0.4734375 0.4951171875 0.01875 0.021484375
2 0.534375 0.478515625 0.009375 0.0078125
2 0.5578125 0.478515625 0.009375 0.01171875
2 0.334375 0.498046875 0.015625 0.01953125
2 0.37734375 0.4951171875 0.0078125 0.009765625
2 0.3828125 0.494140625 0.009375 0.01171875
2 0.39921875 0.4912109375 0.0109375 0.009765625
2 0.0875 0.544921875 0.05625 0.03515625
