0 0.62890625 0.56640625 0.0078125 0.02734375
0 0.6375 0.5634765625 0.009375 0.037109375
0 0.64609375 0.5673828125 0.0078125 0.029296875
0 0.6640625 0.56640625 0.0125 0.04296875
0 0.68515625 0.5654296875 0.0171875 0.052734375
0 0.7125 0.583984375 0.025 0.0703125
2 0.11953125 0.666015625 0.2390625 0.234375
2 0.19609375 0.576171875 0.0421875 0.0390625
2 0.39375 0.5732421875 0.03125 0.029296875
2 0.44609375 0.5966796875 0.0453125 0.076171875
2 0.5625 0.5732421875 0.03125 0.029296875
2 0.5421875 0.5546875 0.0125 0.015625
2 0.509375 0.560546875 0.0125 0.015625
