1 0.06015625 0.48828125 0.0703125 0.09375
1 0.08203125 0.48828125 0.0765625 0.1015625
1 0.1828125 0.4912109375 0.0625 0.064453125
1 0.25859375 0.4853515625 0.0640625 0.064453125
1 0.3265625 0.4755859375 0.05 0.068359375
1 0.34921875 0.4736328125 0.0671875 0.068359375
1 0.4125 0.46484375 0.05 0.0625
1 0.42578125 0.4658203125 0.0421875 0.056640625
1 0.46796875 0.462890625 0.0390625 0.0546875
1 0.4875 0.4580078125 0.0375 0.060546875
1 0.51328125 0.4560546875 0.0296875 0.044921875
1 0.553125 0.4580078125 0.028125 0.041015625
1 0.58515625 0.453125 0.0328125 0.046875
2 0.146875 0.4306640625 0.25625 0.111328125
2 0.78046875 0.4345703125 0.0453125 0.048828125
2 0.95390625 0.4306640625 0.0765625 0.080078125
2 0.6453125 0.4306640625 0.0375 0.033203125
