0 0.76953125 0.4921875 0.0109375 0.0234375
0 0.5296875 0.5048828125 0.015625 0.052734375
0 0.5125 0.50390625 0.01875 0.0546875
0 0.9890625 0.5029296875 0.00625 0.017578125
0 0.97890625 0.501953125 0.0046875 0.015625
0 0.90078125 0.50390625 0.0046875 0.015625
0 0.903125 0.4990234375 0.003125 0.009765625
2 0.95625 0.5078125 0.04375 0.02734375
2 0.9234375 0.505859375 0.021875 0.0234375
2 0.87265625 0.5185546875 0.0453125 0.037109375
2 0.83359375 0.513671875 0.0765625 0.04296875
2 0.821875 0.494140625 0.025 0.01953125
2 0.7359375 0.4951171875 0.028125 0.021484375
2 0.62890625 0.53515625 0.1640625 0.12890625
2 0.7046875 0.5107421875 0.05 0.064453125
2 0.7 0.4921875 0.03125 0.0234375
