4 0.5421875 0.447265625 0.059375 0.09375
1 0.6578125 0.5322265625 0.046875 0.099609375
2 0.97890625 0.6044921875 0.0421875 0.181640625
2 0.89609375 0.515625 0.2078125 0.26171875
2 0.78671875 0.51953125 0.1234375 0.13671875
2 0.72734375 0.5 0.0921875 0.10546875
2 0.6203125 0.482421875 0.040625 0.0703125
2 0.6046875 0.4716796875 0.065625 0.068359375
2 0.43828125 0.5068359375 0.2046875 0.240234375
2 0.33359375 0.4853515625 0.0390625 0.072265625
2 0.303125 0.4833984375 0.028125 0.044921875
2 0.24453125 0.48046875 0.1078125 0.1015625
2 0.06640625 0.4755859375 0.1046875 0.076171875
2 0.05703125 0.5361328125 0.1140625 0.134765625
