0 0.7234375 0.4853515625 0.021875 0.095703125
0 0.91015625 0.484375 0.0359375 0.08984375
0 0.984375 0.4951171875 0.03125 0.076171875
2 0.3703125 0.47265625 0.0375 0.03515625
2 0.44609375 0.4560546875 0.0140625 0.013671875
2 0.46484375 0.45703125 0.0109375 0.01171875
2 0.25625 0.474609375 0.028125 0.02734375
2 0.19921875 0.4853515625 0.0421875 0.056640625
2 0.1640625 0.4931640625 0.075 0.068359375
2 0.07734375 0.49609375 0.1109375 0.09375
2 0.0171875 0.5 0.034375 0.125
14 0.7453125 0.5 0.046875 0.07421875
