2 0.0328125 0.4794921875 0.065625 0.091796875
2 0.1828125 0.48046875 0.0625 0.05078125
2 0.0921875 0.484375 0.040625 0.03125
2 0.8734375 0.52734375 0.253125 0.265625
2 0.60390625 0.4736328125 0.0953125 0.080078125
2 0.28984375 0.470703125 0.0390625 0.0390625
2 0.48828125 0.4658203125 0.0515625 0.060546875
2 0.4546875 0.4609375 0.01875 0.0234375
2 0.35234375 0.462890625 0.0203125 0.01953125
2 0.37578125 0.4609375 0.0171875 0.01953125
2 0.3890625 0.4619140625 0.01875 0.017578125
2 0.4015625 0.4609375 0.0125 0.015625
2 0.4203125 0.4599609375 0.015625 0.013671875
