0 0.459375 0.53125 0.015625 0.05078125
2 0.1796875 0.55078125 0.13125 0.12109375
2 0.24921875 0.5419921875 0.0515625 0.091796875
2 0.28671875 0.541015625 0.0390625 0.07421875
2 0.3171875 0.5341796875 0.028125 0.056640625
2 0.33671875 0.5322265625 0.0203125 0.048828125
6 0.34921875 0.5224609375 0.0453125 0.064453125
2 0.403125 0.5361328125 0.053125 0.052734375
2 0.45703125 0.53125 0.0328125 0.046875
2 0.484375 0.541015625 0.05 0.05078125
2 0.52265625 0.5458984375 0.0265625 0.048828125
2 0.62734375 0.5458984375 0.1296875 0.138671875
2 0.74921875 0.568359375 0.2140625 0.18359375
6 0.60390625 0.4912109375 0.1484375 0.197265625
2 0.43125 0.53125 0.01875 0.0234375
