0 0.4796875 0.4638671875 0.009375 0.029296875
1 0.80546875 0.6328125 0.0734375 0.1875
2 0.08046875 0.5078125 0.1609375 0.1328125
2 0.19375 0.5009765625 0.103125 0.087890625
2 0.14375 0.46875 0.05 0.0390625
2 0.39296875 0.47265625 0.0421875 0.046875
2 0.42421875 0.4716796875 0.0234375 0.033203125
2 0.44375 0.470703125 0.021875 0.02734375
2 0.45859375 0.4697265625 0.0171875 0.025390625
2 0.48828125 0.4638671875 0.0140625 0.021484375
2 0.51015625 0.462890625 0.0109375 0.01171875
2 0.51875 0.4619140625 0.00625 0.009765625
2 0.52578125 0.4609375 0.0078125 0.01171875
0 0.5390625 0.462890625 0.00625 0.015625
0 0.55 0.4609375 0.00625 0.01953125
0 0.65859375 0.4638671875 0.0109375 0.017578125
