2 0.103125 0.5400390625 0.05 0.041015625
2 0.2578125 0.625 0.315625 0.265625
2 0.92421875 0.6875 0.1515625 0.4453125
2 0.846875 0.5556640625 0.16875 0.181640625
2 0.68359375 0.4765625 0.0234375 0.0234375
2 0.67421875 0.4736328125 0.0171875 0.025390625
2 0.39921875 0.5078125 0.0296875 0.046875
2 0.471875 0.5283203125 0.125 0.126953125
2 0.36875 0.515625 0.04375 0.046875
2 0.60703125 0.478515625 0.0234375 0.02734375
2 0.66328125 0.501953125 0.0921875 0.02734375
2 0.6390625 0.662109375 0.3 0.33203125
2 0.5671875 0.5009765625 0.034375 0.029296875
2 0.53359375 0.4775390625 0.0234375 0.017578125
2 0.5484375 0.4755859375 0.015625 0.013671875
2 0.55859375 0.47265625 0.0171875 0.01171875
