2 0.6140625 0.51953125 0.065625 0.0625
2 0.03203125 0.525390625 0.0640625 0.06640625
2 0.25546875 0.4970703125 0.0296875 0.029296875
2 0.23125 0.5 0.028125 0.03125
2 0.2125 0.50390625 0.028125 0.0390625
2 0.1828125 0.509765625 0.05625 0.046875
2 0.36484375 0.4873046875 0.0265625 0.021484375
2 0.38671875 0.515625 0.0515625 0.05859375
2 0.47578125 0.591796875 0.1796875 0.22265625
2 0.55859375 0.4970703125 0.0328125 0.037109375
2 0.32421875 0.4873046875 0.0140625 0.013671875
2 0.6015625 0.490234375 0.04375 0.0390625
