0 0.17890625 0.5791015625 0.0296875 0.107421875
0 0.61171875 0.55078125 0.0078125 0.02734375
0 0.684375 0.5439453125 0.0125 0.037109375
0 0.69609375 0.5439453125 0.0078125 0.037109375
0 0.97890625 0.5546875 0.0171875 0.0625
0 0.8546875 0.54296875 0.015625 0.05859375
0 0.86328125 0.546875 0.0140625 0.0546875
0 0.8953125 0.552734375 0.015625 0.0625
0 0.8859375 0.5478515625 0.0125 0.056640625
0 0.90859375 0.548828125 0.0140625 0.05859375
0 0.9359375 0.5517578125 0.021875 0.068359375
2 0.51875 0.5537109375 0.01875 0.021484375
2 0.4953125 0.5556640625 0.021875 0.021484375
2 0.32890625 0.595703125 0.1109375 0.10546875
2 0.759375 0.5830078125 0.1125 0.091796875
2 0.796875 0.5439453125 0.046875 0.072265625
