0 0.715625 0.5009765625 0.078125 0.193359375
0 0.72265625 0.4873046875 0.0890625 0.201171875
0 0.80234375 0.4833984375 0.0953125 0.158203125
0 0.78515625 0.4404296875 0.0234375 0.095703125
0 0.59609375 0.498046875 0.0328125 0.16015625
0 0.584375 0.4931640625 0.05625 0.224609375
0 0.55078125 0.44140625 0.0390625 0.09765625
0 0.08046875 0.4736328125 0.0109375 0.044921875
2 0.828125 0.45703125 0.146875 0.07421875
2 0.15859375 0.47265625 0.0640625 0.05078125
2 0.3546875 0.6201171875 0.503125 0.470703125
1 0.0125 0.4912109375 0.03125 0.037109375
