1 0.7421875 0.5771484375 0.175 0.126953125
1 0.45234375 0.5546875 0.1234375 0.11328125
1 0.2796875 0.5048828125 0.03125 0.072265625
1 0.19921875 0.5185546875 0.0265625 0.076171875
1 0.16953125 0.52734375 0.0390625 0.0859375
1 0.23984375 0.5341796875 0.0421875 0.107421875
2 0.49765625 0.4765625 0.0234375 0.04296875
2 0.5078125 0.48046875 0.025 0.05078125
2 0.55 0.4794921875 0.075 0.076171875
2 0.38828125 0.470703125 0.0265625 0.03515625
2 0.36171875 0.4765625 0.0484375 0.04296875
2 0.3109375 0.4775390625 0.034375 0.033203125
2 0.0421875 0.50390625 0.084375 0.12109375
2 0.171875 0.4814453125 0.06875 0.080078125
