6 0.54453125 0.4609375 0.0765625 0.109375
2 0.04375 0.529296875 0.0875 0.1875
2 0.12265625 0.5302734375 0.1015625 0.138671875
2 0.1703125 0.4990234375 0.128125 0.134765625
2 0.23671875 0.5 0.0390625 0.08203125
2 0.259375 0.49609375 0.04375 0.0703125
2 0.28515625 0.4931640625 0.0296875 0.072265625
2 0.29609375 0.484375 0.0640625 0.06640625
2 0.83671875 0.5107421875 0.3265625 0.294921875
2 0.68203125 0.50390625 0.0890625 0.1796875
2 0.625 0.505859375 0.08125 0.10546875
2 0.5890625 0.494140625 0.05 0.08203125
2 0.4421875 0.4873046875 0.071875 0.064453125
2 0.5 0.4716796875 0.015625 0.033203125
2 0.49140625 0.4716796875 0.0140625 0.029296875
2 0.38203125 0.474609375 0.0328125 0.02734375
6 0.49375 0.4521484375 0.025 0.041015625
