0 0.678125 0.4580078125 0.009375 0.033203125
0 0.765625 0.4794921875 0.025 0.060546875
0 0.934375 0.5068359375 0.03125 0.115234375
0 0.8734375 0.509765625 0.03125 0.11328125
0 0.26484375 0.46875 0.0109375 0.05078125
1 0.15234375 0.515625 0.0578125 0.06640625
1 0.01875 0.5419921875 0.0375 0.068359375
1 0.90078125 0.7177734375 0.0734375 0.205078125
2 0.31953125 0.5048828125 0.1015625 0.099609375
2 0.528125 0.470703125 0.053125 0.05078125
2 0.55390625 0.4482421875 0.0140625 0.013671875
2 0.56875 0.451171875 0.0125 0.01171875
2 0.5609375 0.451171875 0.003125 0.0078125
