0 0.47421875 0.533203125 0.0078125 0.01953125
0 0.671875 0.556640625 0.0125 0.0625
0 0.65859375 0.556640625 0.0171875 0.0625
0 0.64375 0.5400390625 0.009375 0.041015625
0 0.63515625 0.5380859375 0.0109375 0.048828125
0 0.62578125 0.5224609375 0.0078125 0.025390625
0 0.61640625 0.521484375 0.0109375 0.03125
0 0.60859375 0.525390625 0.0078125 0.03515625
2 0.4109375 0.568359375 0.075 0.0625
2 0.49140625 0.5458984375 0.0359375 0.037109375
2 0.5484375 0.5146484375 0.015625 0.017578125
2 0.5734375 0.5126953125 0.015625 0.017578125
