0 0.97890625 0.46484375 0.0421875 0.24609375
0 0.93203125 0.466796875 0.0578125 0.23828125
0 0.9046875 0.462890625 0.040625 0.16015625
0 0.825 0.455078125 0.025 0.1953125
0 0.86484375 0.4560546875 0.0234375 0.134765625
0 0.771875 0.47265625 0.08125 0.2421875
0 0.66484375 0.4677734375 0.0265625 0.111328125
0 0.62578125 0.4599609375 0.0140625 0.068359375
0 0.59296875 0.4580078125 0.0234375 0.068359375
0 0.03515625 0.4599609375 0.0140625 0.048828125
0 0.0515625 0.4619140625 0.0125 0.048828125
0 0.00625 0.4609375 0.0125 0.05859375
0 0.1125 0.466796875 0.021875 0.05859375
2 0.4625 0.474609375 0.01875 0.01171875
2 0.36640625 0.466796875 0.0171875 0.02734375
2 0.34609375 0.4658203125 0.0359375 0.033203125
