0 0.1078125 0.412109375 0.04375 0.171875
0 0.1453125 0.4423828125 0.040625 0.169921875
0 0.153125 0.3994140625 0.04375 0.107421875
0 0.20703125 0.3994140625 0.0328125 0.064453125
0 0.06875 0.412109375 0.028125 0.13671875
0 0.0765625 0.3759765625 0.01875 0.072265625
0 0.02578125 0.4228515625 0.0359375 0.158203125
0 0.35078125 0.416015625 0.0171875 0.05078125
0 0.971875 0.50390625 0.04375 0.1015625
0 0.896875 0.4951171875 0.0375 0.111328125
0 0.8625 0.4755859375 0.01875 0.072265625
0 0.83828125 0.4736328125 0.0203125 0.072265625
0 0.82578125 0.4736328125 0.0171875 0.072265625
0 0.77265625 0.4599609375 0.0140625 0.052734375
0 0.7859375 0.4638671875 0.0125 0.056640625
0 0.8015625 0.4638671875 0.0125 0.052734375
0 0.79765625 0.453125 0.0109375 0.0390625
0 0.9203125 0.4921875 0.015625 0.09375
0 0.9390625 0.4951171875 0.021875 0.087890625
0 0.9328125 0.4599609375 0.015625 0.044921875
0 0.64140625 0.439453125 0.0109375 0.046875
0 0.69296875 0.455078125 0.0140625 0.06640625
0 0.609375 0.427734375 0.00625 0.01953125
0 0.61484375 0.431640625 0.0046875 0.02734375
0 0.6640625 0.4365234375 0.009375 0.033203125
0 0.7140625 0.44921875 0.009375 0.05078125
0 0.7046875 0.4423828125 0.009375 0.033203125
0 0.653125 0.4345703125 0.0125 0.033203125
1 0.43203125 0.509765625 0.2796875 0.40625
1 0.27265625 0.46484375 0.0828125 0.08203125
1 0.74453125 0.4794921875 0.0296875 0.052734375
2 0.5125 0.47265625 0.159375 0.203125
