0 0.2015625 0.544921875 0.015625 0.046875
0 0.21953125 0.5458984375 0.0140625 0.052734375
0 0.271875 0.55078125 0.021875 0.05078125
0 0.28984375 0.5537109375 0.0140625 0.044921875
0 0.371875 0.552734375 0.021875 0.046875
0 0.4296875 0.55078125 0.009375 0.0390625
0 0.43671875 0.548828125 0.0078125 0.04296875
0 0.58203125 0.546875 0.0046875 0.01953125
0 0.58984375 0.5439453125 0.0046875 0.013671875
0 0.596875 0.5419921875 0.003125 0.009765625
2 0.4609375 0.544921875 0.021875 0.01953125
2 0.54921875 0.568359375 0.0796875 0.07421875
