4 0.37734375 0.4580078125 0.0328125 0.041015625
0 0.64296875 0.4658203125 0.0234375 0.083984375
0 0.80390625 0.4697265625 0.0296875 0.138671875
0 0.8359375 0.470703125 0.034375 0.19140625
0 0.8953125 0.46875 0.040625 0.1328125
0 0.02421875 0.4736328125 0.0171875 0.072265625
0 0.9375 0.43359375 0.025 0.078125
0 0.95859375 0.4375 0.0203125 0.078125
0 0.53359375 0.453125 0.0171875 0.04296875
1 0.4625 0.4736328125 0.009375 0.021484375
2 0.1046875 0.486328125 0.128125 0.1171875
2 0.34140625 0.4638671875 0.0171875 0.025390625
2 0.32109375 0.466796875 0.0296875 0.03125
2 0.4125 0.46484375 0.01875 0.01953125
