0 0.8546875 0.5712890625 0.01875 0.080078125
0 0.83828125 0.5732421875 0.0171875 0.072265625
0 0.63046875 0.5419921875 0.0078125 0.029296875
0 0.62265625 0.5419921875 0.0078125 0.021484375
0 0.590625 0.5400390625 0.00625 0.021484375
0 0.58515625 0.5380859375 0.0046875 0.025390625
0 0.52890625 0.5380859375 0.0046875 0.017578125
0 0.52421875 0.5380859375 0.0046875 0.017578125
2 0.30625 0.583984375 0.075 0.06640625
2 0.33359375 0.5732421875 0.0515625 0.060546875
2 0.36328125 0.56640625 0.0359375 0.05078125
2 0.3828125 0.5615234375 0.021875 0.048828125
2 0.4 0.55859375 0.028125 0.03515625
2 0.4125 0.5498046875 0.021875 0.029296875
2 0.42421875 0.5478515625 0.0140625 0.025390625
2 0.47109375 0.5458984375 0.0328125 0.025390625
2 0.48046875 0.576171875 0.0640625 0.0625
2 0.4921875 0.5380859375 0.015625 0.021484375
2 0.50703125 0.541015625 0.0140625 0.01953125
