0 0.47109375 0.4765625 0.0140625 0.06640625
0 0.53359375 0.4921875 0.0328125 0.09765625
0 0.5546875 0.4814453125 0.021875 0.080078125
0 0.7625 0.4873046875 0.03125 0.099609375
0 0.815625 0.5029296875 0.04375 0.091796875
0 0.865625 0.47265625 0.025 0.05078125
0 0.88046875 0.4755859375 0.0140625 0.048828125
0 0.9125 0.51171875 0.05 0.12109375
1 0.7078125 0.5751953125 0.065625 0.158203125
2 0.4046875 0.46875 0.034375 0.03125
2 0.29609375 0.4541015625 0.0328125 0.029296875
2 0.25703125 0.4619140625 0.0359375 0.021484375
2 0.18984375 0.482421875 0.0609375 0.0546875
2 0.11953125 0.4833984375 0.1015625 0.091796875
2 0.034375 0.494140625 0.06875 0.08203125
2 0.353125 0.4912109375 0.1 0.080078125
2 0.45390625 0.466796875 0.0203125 0.02734375
2 0.4828125 0.4765625 0.0125 0.02734375
2 0.49921875 0.4736328125 0.0234375 0.025390625
2 0.653125 0.4697265625 0.08125 0.068359375
