0 0.55234375 0.55859375 0.0953125 0.203125
0 0.9125 0.5546875 0.04375 0.18359375
1 0.24375 0.5537109375 0.05625 0.083984375
1 0.3671875 0.546875 0.1125 0.09765625
1 0.1453125 0.560546875 0.0625 0.08203125
1 0.103125 0.5595703125 0.046875 0.080078125
2 0.56796875 0.50390625 0.1203125 0.1015625
2 0.66328125 0.5322265625 0.1890625 0.123046875
2 0.809375 0.50390625 0.159375 0.1015625
2 0.9671875 0.5126953125 0.065625 0.095703125
2 0.915625 0.49609375 0.109375 0.0859375
0 0.025 0.5634765625 0.015625 0.048828125
0 0.040625 0.5625 0.01875 0.05859375
