0 0.6453125 0.47265625 0.025 0.0703125
0 0.684375 0.4765625 0.021875 0.07421875
0 0.6890625 0.455078125 0.0125 0.0390625
0 0.6984375 0.4765625 0.0125 0.07421875
0 0.7125 0.4697265625 0.015625 0.072265625
0 0.8171875 0.5048828125 0.025 0.099609375
0 0.83515625 0.505859375 0.0203125 0.09375
0 0.8515625 0.5048828125 0.0125 0.099609375
0 0.8765625 0.5126953125 0.009375 0.083984375
0 0.3046875 0.4638671875 0.009375 0.048828125
0 0.31640625 0.46484375 0.0140625 0.05859375
0 0.3390625 0.462890625 0.00625 0.0390625
0 0.365625 0.4638671875 0.00625 0.037109375
0 0.35 0.458984375 0.00625 0.0234375
1 0.18046875 0.4775390625 0.0390625 0.033203125
1 0.39375 0.4912109375 0.021875 0.041015625
2 0.54375 0.466796875 0.021875 0.0234375
2 0.4609375 0.458984375 0.009375 0.01171875
2 0.4546875 0.4619140625 0.009375 0.017578125
2 0.44140625 0.4619140625 0.0171875 0.025390625
2 0.4234375 0.45703125 0.021875 0.02734375
