0 0.67265625 0.3994140625 0.0078125 0.025390625
0 0.68203125 0.3984375 0.0078125 0.02734375
0 0.846875 0.4296875 0.028125 0.06640625
0 0.9390625 0.439453125 0.021875 0.05859375
0 0.38984375 0.404296875 0.0171875 0.05859375
0 0.40625 0.392578125 0.009375 0.03515625
0 0.43515625 0.392578125 0.0078125 0.03125
0 0.4421875 0.396484375 0.009375 0.02734375
0 0.4546875 0.3955078125 0.009375 0.029296875
0 0.46328125 0.3916015625 0.0078125 0.021484375
1 0.1015625 0.5322265625 0.075 0.158203125
6 0.525 0.3828125 0.0625 0.109375
2 0.596875 0.4560546875 0.1625 0.201171875
2 0.98359375 0.423828125 0.0328125 0.05859375
