4 0.35 0.4287109375 0.09375 0.111328125
0 0.86171875 0.4931640625 0.0890625 0.201171875
0 0.71484375 0.4560546875 0.0140625 0.052734375
2 0.10078125 0.5205078125 0.2015625 0.193359375
2 0.2765625 0.4716796875 0.10625 0.091796875
2 0.4265625 0.4501953125 0.034375 0.021484375
2 0.471875 0.4521484375 0.01875 0.017578125
2 0.6390625 0.4697265625 0.103125 0.099609375
2 0.58125 0.455078125 0.06875 0.078125
2 0.54453125 0.4619140625 0.0265625 0.052734375
2 0.52890625 0.45703125 0.0328125 0.04296875
2 0.51171875 0.4521484375 0.0171875 0.033203125
2 0.4984375 0.4541015625 0.015625 0.025390625
