0 0.00859375 0.4755859375 0.0171875 0.076171875
0 0.03671875 0.4736328125 0.0203125 0.083984375
0 0.17890625 0.4697265625 0.0140625 0.056640625
0 0.57421875 0.4560546875 0.0109375 0.052734375
0 0.59140625 0.455078125 0.0140625 0.0546875
0 0.60234375 0.4541015625 0.0109375 0.048828125
0 0.61484375 0.4521484375 0.0109375 0.048828125
0 0.63125 0.453125 0.0125 0.05078125
0 0.64375 0.455078125 0.0125 0.05078125
2 0.4578125 0.4404296875 0.015625 0.017578125
2 0.35390625 0.4658203125 0.0453125 0.048828125
2 0.27109375 0.4794921875 0.1046875 0.099609375
2 0.4203125 0.490234375 0.096875 0.10546875
