0 0.70078125 0.4951171875 0.0296875 0.099609375
0 0.7453125 0.490234375 0.03125 0.1015625
0 0.784375 0.4892578125 0.05 0.123046875
2 0.49921875 0.470703125 0.0109375 0.01171875
2 0.509375 0.4716796875 0.009375 0.009765625
2 0.47734375 0.47265625 0.0078125 0.0078125
2 0.42421875 0.4755859375 0.0109375 0.009765625
2 0.328125 0.5029296875 0.075 0.072265625
2 0.1703125 0.50390625 0.0625 0.05859375
2 0.2234375 0.505859375 0.084375 0.0703125
2 0.01328125 0.5224609375 0.0265625 0.068359375
2 0.07890625 0.5185546875 0.1171875 0.080078125
