0 0.346875 0.5009765625 0.009375 0.029296875
0 0.1140625 0.5126953125 0.01875 0.083984375
0 0.09296875 0.5166015625 0.0234375 0.080078125
0 0.08046875 0.5078125 0.0265625 0.08203125
2 0.9140625 0.6767578125 0.171875 0.416015625
2 0.678125 0.5224609375 0.053125 0.052734375
2 0.6265625 0.513671875 0.04375 0.04296875
2 0.603125 0.5126953125 0.0125 0.029296875
2 0.53828125 0.5126953125 0.0515625 0.052734375
2 0.5109375 0.4951171875 0.00625 0.005859375
2 0.5 0.5048828125 0.015625 0.017578125
2 0.4734375 0.5048828125 0.015625 0.017578125
2 0.42265625 0.4892578125 0.0765625 0.103515625
2 0.36640625 0.5126953125 0.0359375 0.033203125
