4 0.80703125 0.5849609375 0.0359375 0.048828125
0 0.2640625 0.6064453125 0.025 0.095703125
0 0.35546875 0.6005859375 0.0171875 0.052734375
0 0.41640625 0.587890625 0.0171875 0.03125
0 0.49375 0.5869140625 0.0125 0.052734375
0 0.50390625 0.591796875 0.0140625 0.05859375
0 0.56640625 0.5791015625 0.0109375 0.029296875
0 0.56015625 0.572265625 0.0078125 0.01953125
0 0.846875 0.5927734375 0.009375 0.037109375
0 0.85234375 0.58984375 0.0078125 0.03515625
0 0.8625 0.595703125 0.009375 0.02734375
0 0.86953125 0.5869140625 0.0078125 0.025390625
0 0.8890625 0.5908203125 0.009375 0.033203125
0 0.90078125 0.5908203125 0.0109375 0.041015625
0 0.9109375 0.5947265625 0.0125 0.044921875
0 0.76796875 0.5859375 0.0109375 0.0390625
6 0.628125 0.5673828125 0.11875 0.169921875
2 0.79140625 0.603515625 0.0421875 0.0390625
2 0.7 0.591796875 0.05 0.05859375
2 0.4078125 0.68359375 0.175 0.1640625
2 0.52890625 0.765625 0.3546875 0.30078125
