0 0.75078125 0.4736328125 0.0328125 0.111328125
0 0.61953125 0.4677734375 0.0234375 0.091796875
0 0.42578125 0.4580078125 0.0109375 0.048828125
6 0.2671875 0.4462890625 0.03125 0.041015625
2 0.87109375 0.4423828125 0.1109375 0.052734375
2 0.78125 0.4326171875 0.0625 0.044921875
2 0.725 0.4326171875 0.03125 0.044921875
2 0.64453125 0.45703125 0.1109375 0.0546875
2 0.5296875 0.4482421875 0.028125 0.048828125
2 0.48984375 0.4521484375 0.0296875 0.037109375
2 0.3359375 0.4541015625 0.03125 0.037109375
2 0.31640625 0.453125 0.0171875 0.02734375
2 0.2984375 0.4501953125 0.025 0.033203125
2 0.25390625 0.4599609375 0.0203125 0.037109375
2 0.2640625 0.453125 0.021875 0.03125
2 0.21875 0.46875 0.06875 0.0703125
2 0.11796875 0.484375 0.1671875 0.16015625
2 0.86328125 0.404296875 0.0765625 0.0234375
