0 0.00625 0.5458984375 0.0125 0.044921875
0 0.02578125 0.54296875 0.0109375 0.03515625
0 0.034375 0.541015625 0.00625 0.02734375
0 0.078125 0.544921875 0.015625 0.04296875
2 0.1140625 0.5537109375 0.040625 0.044921875
2 0.278125 0.5439453125 0.040625 0.029296875
2 0.37265625 0.5517578125 0.0578125 0.044921875
2 0.45703125 0.544921875 0.0390625 0.04296875
2 0.48671875 0.5302734375 0.0234375 0.025390625
2 0.51171875 0.5302734375 0.0328125 0.017578125
2 0.54609375 0.5517578125 0.0453125 0.060546875
2 0.5921875 0.5361328125 0.028125 0.025390625
2 0.6453125 0.5576171875 0.071875 0.083984375
2 0.853125 0.6982421875 0.29375 0.427734375
