0 0.05859375 0.498046875 0.0609375 0.2265625
0 0.03828125 0.49609375 0.0765625 0.24609375
0 0.10625 0.4521484375 0.021875 0.091796875
0 0.11640625 0.4638671875 0.0296875 0.083984375
0 0.1453125 0.4541015625 0.028125 0.083984375
0 0.23046875 0.4541015625 0.0234375 0.087890625
0 0.19765625 0.4541015625 0.0328125 0.091796875
0 0.2125 0.4560546875 0.021875 0.087890625
0 0.284375 0.45703125 0.028125 0.09375
0 0.41015625 0.5185546875 0.0859375 0.400390625
0 0.54609375 0.5126953125 0.2015625 0.373046875
2 0.0890625 0.4638671875 0.034375 0.060546875
2 0.3375 0.4462890625 0.015625 0.021484375
2 0.35703125 0.451171875 0.0328125 0.04296875
2 0.6703125 0.4541015625 0.196875 0.107421875
2 0.8953125 0.4521484375 0.16875 0.115234375
2 0.01328125 0.5068359375 0.0265625 0.083984375
