0 0.0796875 0.501953125 0.04375 0.1328125
0 0.290625 0.4716796875 0.009375 0.033203125
0 0.6625 0.482421875 0.015625 0.0625
2 0.9265625 0.6162109375 0.146875 0.263671875
2 0.79453125 0.5517578125 0.3015625 0.212890625
2 0.5671875 0.486328125 0.084375 0.08984375
2 0.5328125 0.48046875 0.03125 0.078125
2 0.5140625 0.478515625 0.040625 0.05859375
2 0.3953125 0.5283203125 0.2125 0.201171875
2 0.25234375 0.4853515625 0.0453125 0.076171875
2 0.21171875 0.4921875 0.0703125 0.0859375
2 0.14765625 0.5068359375 0.1109375 0.095703125
