0 0.95 0.576171875 0.028125 0.09765625
0 0.69765625 0.55859375 0.0109375 0.046875
0 0.68203125 0.5478515625 0.0109375 0.033203125
0 0.50859375 0.560546875 0.0171875 0.05078125
0 0.49296875 0.560546875 0.0171875 0.05078125
0 0.46171875 0.5478515625 0.0078125 0.029296875
0 0.85234375 0.5537109375 0.0109375 0.021484375
0 0.8640625 0.5546875 0.0125 0.01953125
0 0.053125 0.552734375 0.015625 0.0390625
0 0.0375 0.544921875 0.0125 0.01953125
0 0.6109375 0.537109375 0.009375 0.0234375
2 0.54765625 0.556640625 0.0328125 0.03125
2 0.52890625 0.552734375 0.0140625 0.0234375
2 0.51953125 0.5517578125 0.0109375 0.021484375
2 0.39765625 0.5537109375 0.0484375 0.025390625
2 0.44921875 0.5458984375 0.0171875 0.017578125
