0 0.53359375 0.458984375 0.0609375 0.15234375
0 0.51171875 0.4658203125 0.0578125 0.130859375
0 0.284375 0.4560546875 0.028125 0.064453125
0 0.265625 0.4501953125 0.009375 0.033203125
0 0.25234375 0.4482421875 0.0078125 0.029296875
0 0.13203125 0.4443359375 0.0359375 0.119140625
0 0.05859375 0.439453125 0.0515625 0.140625
0 0.0296875 0.4287109375 0.03125 0.119140625
0 0.00703125 0.4365234375 0.0140625 0.111328125
1 0.15703125 0.4541015625 0.0328125 0.037109375
1 0.0859375 0.4423828125 0.05 0.048828125
2 0.94921875 0.5185546875 0.1015625 0.107421875
2 0.68984375 0.470703125 0.1046875 0.10546875
2 0.61875 0.4765625 0.053125 0.0546875
2 0.60390625 0.46875 0.0359375 0.0546875
2 0.5640625 0.458984375 0.053125 0.08984375
2 0.39296875 0.4599609375 0.0265625 0.044921875
2 0.40703125 0.45703125 0.0234375 0.03515625
2 0.3640625 0.4580078125 0.04375 0.068359375
2 0.33125 0.4658203125 0.071875 0.068359375
