0 0.7078125 0.44921875 0.01875 0.03125
0 0.76015625 0.453125 0.0109375 0.015625
0 0.56640625 0.4697265625 0.0140625 0.044921875
0 0.5875 0.462890625 0.009375 0.03125
0 0.965625 0.4658203125 0.021875 0.029296875
0 0.3515625 0.4521484375 0.0125 0.033203125
1 0.23984375 0.4921875 0.0203125 0.05078125
1 0.21796875 0.4951171875 0.0234375 0.052734375
1 0.17734375 0.501953125 0.0359375 0.06640625
2 0.4015625 0.4580078125 0.015625 0.017578125
2 0.375 0.4677734375 0.04375 0.044921875
2 0.29609375 0.4833984375 0.1078125 0.099609375
2 0.45078125 0.4765625 0.0953125 0.10546875
2 0.646875 0.5078125 0.13125 0.12109375
