2 0.64921875 0.4736328125 0.0140625 0.017578125
2 0.67109375 0.4853515625 0.0328125 0.037109375
2 0.7 0.49609375 0.05 0.0546875
2 0.7734375 0.4794921875 0.115625 0.146484375
2 0.98984375 0.4833984375 0.0203125 0.068359375
2 0.02421875 0.591796875 0.0484375 0.09765625
2 0.17578125 0.5517578125 0.0921875 0.068359375
2 0.275 0.52734375 0.10625 0.06640625
2 0.23671875 0.5283203125 0.0421875 0.048828125
2 0.41875 0.5146484375 0.05 0.048828125
2 0.45546875 0.5009765625 0.0328125 0.033203125
2 0.49921875 0.4951171875 0.0328125 0.037109375
2 0.5140625 0.4921875 0.025 0.02734375
2 0.4765625 0.4970703125 0.021875 0.029296875
2 0.5734375 0.486328125 0.028125 0.03125
2 0.5453125 0.5029296875 0.05 0.048828125
2 0.61796875 0.5146484375 0.0828125 0.095703125
2 0.35625 0.5888671875 0.190625 0.162109375
2 0.06640625 0.576171875 0.0921875 0.0859375
