0 0.825 0.482421875 0.0125 0.078125
0 0.96640625 0.513671875 0.0515625 0.0703125
1 0.959375 0.68359375 0.08125 0.19140625
1 0.7859375 0.552734375 0.03125 0.08203125
1 0.734375 0.55859375 0.05625 0.1015625
1 0.715625 0.515625 0.03125 0.0859375
1 0.7828125 0.478515625 0.040625 0.04296875
1 0.6140625 0.525390625 0.04375 0.0859375
2 0.8140625 0.4384765625 0.084375 0.041015625
2 0.6765625 0.4658203125 0.090625 0.052734375
2 0.63203125 0.4326171875 0.0078125 0.017578125
2 0.65546875 0.431640625 0.0171875 0.01953125
2 0.23359375 0.4423828125 0.0296875 0.017578125
2 0.1328125 0.4765625 0.115625 0.046875
