0 0.81875 0.4638671875 0.01875 0.048828125
0 0.71171875 0.4501953125 0.0078125 0.017578125
0 0.721875 0.447265625 0.00625 0.0234375
2 0.528125 0.4609375 0.03125 0.0234375
2 0.56796875 0.443359375 0.0140625 0.01171875
2 0.59140625 0.44140625 0.0109375 0.01171875
2 0.609375 0.4326171875 0.009375 0.013671875
2 0.5859375 0.4306640625 0.009375 0.009765625
2 0.59453125 0.4326171875 0.0078125 0.009765625
2 0.6015625 0.4287109375 0.00625 0.005859375
0 0.621875 0.439453125 0.003125 0.01171875
0 0.35078125 0.466796875 0.0140625 0.03125
0 0.3671875 0.4658203125 0.0125 0.029296875
0 0.43125 0.4521484375 0.009375 0.025390625
