4 0.52578125 0.509765625 0.0234375 0.0234375
4 0.4359375 0.5029296875 0.0375 0.029296875
0 0.94296875 0.5185546875 0.0109375 0.033203125
0 0.9203125 0.5224609375 0.009375 0.029296875
0 0.81953125 0.5185546875 0.0078125 0.021484375
0 0.76953125 0.5244140625 0.0109375 0.025390625
0 0.59375 0.521484375 0.00625 0.01953125
0 0.60625 0.5234375 0.00625 0.01953125
0 0.725 0.517578125 0.009375 0.0234375
0 0.6390625 0.5244140625 0.009375 0.025390625
2 0.8484375 0.7080078125 0.303125 0.287109375
2 0.809375 0.5673828125 0.128125 0.064453125
2 0.51484375 0.615234375 0.1671875 0.18359375
2 0.5671875 0.5283203125 0.025 0.021484375
2 0.53984375 0.51953125 0.0171875 0.01171875
2 0.509375 0.509765625 0.0125 0.01171875
2 0.440625 0.53515625 0.025 0.03125
2 0.38046875 0.552734375 0.0578125 0.0625
2 0.31875 0.5771484375 0.109375 0.103515625
2 0.03984375 0.6005859375 0.0796875 0.107421875
2 0.23515625 0.54296875 0.0546875 0.04296875
2 0.05078125 0.5634765625 0.0609375 0.056640625
2 0.41640625 0.529296875 0.0203125 0.01953125
