0 0.13515625 0.560546875 0.0390625 0.0546875
0 0.096875 0.5615234375 0.0375 0.052734375
0 0.4375 0.541015625 0.00625 0.01953125
2 0.965625 0.8916015625 0.06875 0.216796875
2 0.84765625 0.6962890625 0.3046875 0.353515625
2 0.6515625 0.6455078125 0.15 0.150390625
2 0.6203125 0.595703125 0.0875 0.07421875
2 0.5828125 0.587890625 0.071875 0.08203125
2 0.546875 0.5771484375 0.03125 0.056640625
2 0.53125 0.5634765625 0.046875 0.048828125
2 0.51640625 0.5556640625 0.0359375 0.041015625
2 0.4921875 0.5498046875 0.025 0.025390625
2 0.13125 0.720703125 0.2625 0.265625
2 0.4046875 0.72265625 0.275 0.2890625
2 0.4734375 0.58984375 0.075 0.0703125
2 0.4625 0.55078125 0.04375 0.01171875
2 0.46171875 0.541015625 0.0421875 0.01953125
2 0.4578125 0.59375 0.1 0.0546875
