4 0.62421875 0.4423828125 0.0515625 0.060546875
0 0.378125 0.4921875 0.009375 0.01953125
0 0.36015625 0.5087890625 0.0140625 0.048828125
6 0.2421875 0.5166015625 0.159375 0.154296875
6 0.684375 0.4453125 0.04375 0.0625
2 0.12265625 0.5849609375 0.1484375 0.103515625
2 0.4609375 0.4990234375 0.025 0.037109375
2 0.4359375 0.501953125 0.0375 0.046875
2 0.40546875 0.505859375 0.0453125 0.046875
2 0.39296875 0.5146484375 0.0546875 0.048828125
2 0.82890625 0.5810546875 0.2046875 0.189453125
2 0.70078125 0.494140625 0.0546875 0.05078125
2 0.596875 0.5322265625 0.103125 0.107421875
2 0.6171875 0.4951171875 0.053125 0.044921875
2 0.62890625 0.486328125 0.0390625 0.046875
2 0.64765625 0.48046875 0.0234375 0.03125
2 0.67109375 0.4833984375 0.0265625 0.033203125
2 0.58359375 0.4775390625 0.0296875 0.013671875
