0 0.8984375 0.5234375 0.01875 0.09375
0 0.92578125 0.5224609375 0.0140625 0.103515625
0 0.08515625 0.498046875 0.0203125 0.0625
0 0.06171875 0.4951171875 0.0140625 0.060546875
0 0.0390625 0.4931640625 0.025 0.076171875
0 0.21640625 0.4892578125 0.0171875 0.052734375
0 0.36484375 0.4814453125 0.0078125 0.021484375
0 0.32890625 0.4794921875 0.0078125 0.017578125
0 0.65625 0.4931640625 0.0125 0.033203125
0 0.38828125 0.484375 0.0109375 0.0390625
1 0.11328125 0.5166015625 0.0296875 0.056640625
2 0.56015625 0.4970703125 0.0296875 0.029296875
2 0.5078125 0.4892578125 0.015625 0.017578125
2 0.45234375 0.4990234375 0.0296875 0.025390625
2 0.53046875 0.49609375 0.0171875 0.01953125
2 0.5390625 0.490234375 0.0125 0.01953125
0 0.64296875 0.4912109375 0.0109375 0.025390625
