0 0.15625 0.486328125 0.059375 0.1484375
0 0.1609375 0.4873046875 0.053125 0.193359375
0 0.23125 0.478515625 0.0375 0.10546875
0 0.0328125 0.4697265625 0.01875 0.064453125
0 0.0859375 0.4697265625 0.0125 0.064453125
0 0.88984375 0.4345703125 0.0421875 0.068359375
2 0.796875 0.5068359375 0.303125 0.169921875
2 0.5640625 0.484375 0.20625 0.14453125
2 0.446875 0.4912109375 0.065625 0.103515625
14 0.3453125 0.4599609375 0.190625 0.126953125
2 0.22265625 0.474609375 0.0734375 0.0703125
2 0.12265625 0.474609375 0.0328125 0.05078125
2 0.1109375 0.470703125 0.046875 0.05078125
2 0.0609375 0.47265625 0.040625 0.046875
2 0.015625 0.4716796875 0.025 0.037109375
