0 0.98671875 0.455078125 0.0265625 0.16796875
0 0.96484375 0.4609375 0.0359375 0.16015625
0 0.77265625 0.46875 0.0390625 0.140625
0 0.55546875 0.439453125 0.0171875 0.0390625
0 0.540625 0.4677734375 0.025 0.087890625
0 0.49296875 0.462890625 0.0171875 0.05078125
0 0.525 0.4619140625 0.009375 0.044921875
0 0.50546875 0.45703125 0.0078125 0.03125
0 0.2625 0.4560546875 0.00625 0.033203125
1 0.7859375 0.517578125 0.071875 0.12109375
2 0.4453125 0.4658203125 0.0125 0.017578125
2 0.428125 0.466796875 0.028125 0.02734375
2 0.3828125 0.4658203125 0.00625 0.017578125
2 0.37265625 0.4658203125 0.0203125 0.021484375
2 0.14765625 0.4892578125 0.1015625 0.083984375
