0 0.86328125 0.498046875 0.0203125 0.0703125
0 0.87421875 0.494140625 0.0328125 0.07421875
0 0.9015625 0.509765625 0.025 0.078125
0 0.9296875 0.498046875 0.028125 0.078125
0 0.75703125 0.4423828125 0.0203125 0.052734375
0 0.6375 0.4345703125 0.0125 0.021484375
0 0.5625 0.4326171875 0.00625 0.017578125
0 0.43046875 0.4365234375 0.0046875 0.017578125
1 0.240625 0.5107421875 0.03125 0.056640625
1 0.74765625 0.47265625 0.0453125 0.05078125
1 0.753125 0.5068359375 0.034375 0.072265625
1 0.784375 0.49609375 0.040625 0.0625
1 0.8609375 0.564453125 0.05625 0.1328125
1 0.521875 0.447265625 0.009375 0.0234375
1 0.53515625 0.4521484375 0.0109375 0.025390625
1 0.94921875 0.599609375 0.1015625 0.12109375
6 0.52734375 0.4189453125 0.0140625 0.013671875
2 0.609375 0.4365234375 0.01875 0.021484375
2 0.45703125 0.4365234375 0.0140625 0.021484375
2 0.47421875 0.4453125 0.0359375 0.0390625
2 0.38671875 0.4580078125 0.0546875 0.060546875
2 0.66484375 0.5009765625 0.1171875 0.119140625
2 0.60390625 0.482421875 0.0484375 0.0703125
2 0.584375 0.4677734375 0.0375 0.048828125
2 0.56875 0.4619140625 0.01875 0.044921875
2 0.5484375 0.4404296875 0.028125 0.037109375
2 0.52890625 0.43359375 0.0078125 0.015625
