0 0.97734375 0.513671875 0.0296875 0.11328125
0 0.94921875 0.5107421875 0.0328125 0.123046875
0 0.44921875 0.453125 0.0109375 0.03515625
0 0.52890625 0.453125 0.0109375 0.0390625
0 0.51875 0.4521484375 0.0125 0.037109375
0 0.54765625 0.455078125 0.0140625 0.03125
0 0.54140625 0.455078125 0.0078125 0.03125
0 0.5796875 0.451171875 0.015625 0.02734375
0 0.24375 0.4697265625 0.015625 0.037109375
0 0.26640625 0.4697265625 0.0140625 0.041015625
0 0.28359375 0.4794921875 0.0109375 0.033203125
0 0.29609375 0.48046875 0.0109375 0.02734375
1 0.45546875 0.462890625 0.0296875 0.01953125
1 0.56796875 0.46875 0.0109375 0.02734375
2 0.6953125 0.501953125 0.121875 0.12890625
2 0.50546875 0.44140625 0.0109375 0.01171875
2 0.534375 0.443359375 0.021875 0.01953125
14 0.9125 0.4541015625 0.175 0.123046875
