0 0.6046875 0.5341796875 0.053125 0.103515625
0 0.63671875 0.5380859375 0.0484375 0.111328125
0 0.653125 0.537109375 0.046875 0.12109375
0 0.371875 0.4814453125 0.009375 0.017578125
0 0.3359375 0.482421875 0.009375 0.015625
0 0.41796875 0.4873046875 0.0078125 0.021484375
0 0.43203125 0.486328125 0.0046875 0.01171875
0 0.70390625 0.482421875 0.0109375 0.0390625
0 0.39453125 0.484375 0.0140625 0.03125
0 0.290625 0.4833984375 0.009375 0.017578125
2 0.5578125 0.4970703125 0.028125 0.033203125
2 0.52109375 0.4931640625 0.0265625 0.029296875
2 0.5078125 0.5029296875 0.03125 0.033203125
2 0.5328125 0.48828125 0.021875 0.03125
