0 0.76171875 0.48828125 0.0265625 0.12109375
0 0.7453125 0.4921875 0.025 0.1015625
0 0.703125 0.4970703125 0.03125 0.103515625
2 0.50859375 0.4697265625 0.0109375 0.013671875
2 0.4984375 0.4716796875 0.009375 0.009765625
2 0.4921875 0.46875 0.00625 0.0078125
2 0.4765625 0.4716796875 0.009375 0.009765625
2 0.43046875 0.4755859375 0.0078125 0.009765625
2 0.42421875 0.4775390625 0.0078125 0.009765625
2 0.33125 0.501953125 0.06875 0.0703125
2 0.2390625 0.501953125 0.075 0.0625
2 0.1828125 0.501953125 0.0625 0.0546875
2 0.0984375 0.513671875 0.109375 0.078125
2 0.0234375 0.5205078125 0.046875 0.068359375
