0 0.26796875 0.4482421875 0.0140625 0.052734375
0 0.23671875 0.4599609375 0.0171875 0.056640625
0 0.221875 0.4404296875 0.0125 0.033203125
0 0.38046875 0.453125 0.0109375 0.0390625
0 0.39375 0.443359375 0.009375 0.02734375
0 0.4 0.443359375 0.009375 0.03125
0 0.47265625 0.453125 0.0078125 0.02734375
0 0.67421875 0.4521484375 0.0078125 0.037109375
1 0.221875 0.466796875 0.0125 0.04296875
1 0.01484375 0.5703125 0.0296875 0.11328125
2 0.69765625 0.5185546875 0.0984375 0.091796875
2 0.609375 0.4775390625 0.05625 0.052734375
2 0.58203125 0.470703125 0.0265625 0.04296875
2 0.52109375 0.4921875 0.0828125 0.09375
2 0.32578125 0.462890625 0.0953125 0.04296875
2 0.5515625 0.4501953125 0.01875 0.021484375
2 0.534375 0.44140625 0.0125 0.01171875
2 0.49453125 0.4404296875 0.0078125 0.009765625
2 0.48359375 0.4404296875 0.0078125 0.009765625
2 0.86171875 0.4775390625 0.0265625 0.037109375
2 0.871875 0.4619140625 0.0375 0.025390625
2 0.9171875 0.47265625 0.05 0.03125
2 0.525 0.44140625 0.00625 0.0078125
2 0.51796875 0.44140625 0.0078125 0.0078125
14 0.18125 0.4677734375 0.05625 0.041015625
