0 0.37265625 0.478515625 0.0140625 0.0546875
0 0.3875 0.4775390625 0.015625 0.056640625
2 0.1015625 0.5966796875 0.203125 0.298828125
2 0.1875 0.490234375 0.11875 0.125
2 0.2828125 0.4912109375 0.071875 0.068359375
2 0.3203125 0.482421875 0.04375 0.06640625
2 0.34609375 0.4833984375 0.0234375 0.052734375
2 0.4765625 0.470703125 0.028125 0.0234375
2 0.49453125 0.470703125 0.0109375 0.01953125
2 0.58203125 0.494140625 0.0640625 0.08203125
2 0.64453125 0.5458984375 0.1078125 0.220703125
2 0.81484375 0.595703125 0.3703125 0.4140625
14 0.52890625 0.59375 0.0234375 0.01953125
14 0.515625 0.541015625 0.015625 0.015625
