0 0.51328125 0.4619140625 0.0109375 0.037109375
0 0.5328125 0.46484375 0.0125 0.046875
0 0.1171875 0.4716796875 0.01875 0.064453125
0 0.10625 0.466796875 0.015625 0.05859375
0 0.1796875 0.470703125 0.0125 0.05078125
0 0.41953125 0.4619140625 0.0046875 0.017578125
0 0.415625 0.4609375 0.00625 0.01953125
0 0.55859375 0.451171875 0.0140625 0.0234375
0 0.6046875 0.466796875 0.0125 0.05078125
0 0.5453125 0.462890625 0.0125 0.046875
1 0.02265625 0.4931640625 0.0296875 0.052734375
2 0.50078125 0.4638671875 0.0203125 0.033203125
2 0.48203125 0.46875 0.0203125 0.03125
2 0.4484375 0.4736328125 0.05 0.060546875
2 0.4015625 0.46484375 0.025 0.02734375
2 0.3765625 0.4697265625 0.03125 0.029296875
