0 0.96796875 0.5927734375 0.0203125 0.064453125
0 0.70703125 0.5732421875 0.0171875 0.048828125
0 0.690625 0.5712890625 0.015625 0.052734375
0 0.659375 0.5595703125 0.0125 0.025390625
0 0.621875 0.5986328125 0.034375 0.091796875
0 0.63984375 0.5986328125 0.0390625 0.099609375
0 0.55703125 0.578125 0.0234375 0.0546875
0 0.54140625 0.5751953125 0.0203125 0.052734375
0 0.346875 0.5751953125 0.015625 0.041015625
0 0.20859375 0.5810546875 0.0234375 0.044921875
0 0.15078125 0.5673828125 0.0140625 0.068359375
0 0.14140625 0.568359375 0.0296875 0.06640625
0 0.171875 0.576171875 0.009375 0.02734375
2 0.265625 0.6240234375 0.1375 0.130859375
2 0.4390625 0.5791015625 0.140625 0.068359375
2 0.40546875 0.7373046875 0.2921875 0.283203125
