4 0.37109375 0.4521484375 0.0359375 0.041015625
0 0.90703125 0.4521484375 0.0203125 0.091796875
0 0.9265625 0.4521484375 0.021875 0.087890625
0 0.73984375 0.462890625 0.0265625 0.11328125
0 0.771875 0.4599609375 0.034375 0.115234375
0 0.55859375 0.447265625 0.0203125 0.06640625
0 0.571875 0.439453125 0.015625 0.03125
0 0.534375 0.4619140625 0.0125 0.052734375
0 0.253125 0.453125 0.009375 0.03515625
0 0.01015625 0.451171875 0.0078125 0.01953125
1 0.96328125 0.537109375 0.0734375 0.1640625
1 0.45703125 0.4716796875 0.0109375 0.025390625
2 0.41484375 0.462890625 0.0171875 0.015625
2 0.325 0.4619140625 0.025 0.029296875
2 0.29375 0.4658203125 0.0375 0.041015625
