0 0.971875 0.50390625 0.053125 0.0625
0 0.95 0.501953125 0.028125 0.06640625
0 0.875 0.509765625 0.025 0.0703125
0 0.84375 0.501953125 0.03125 0.078125
0 0.7 0.4970703125 0.009375 0.037109375
0 0.6375 0.4990234375 0.009375 0.033203125
0 0.6265625 0.4931640625 0.00625 0.017578125
0 0.6125 0.490234375 0.00625 0.015625
0 0.59765625 0.4853515625 0.0078125 0.009765625
0 0.56171875 0.482421875 0.0046875 0.01171875
0 0.55703125 0.4853515625 0.0046875 0.009765625
0 0.39375 0.482421875 0.009375 0.015625
0 0.25703125 0.5078125 0.0140625 0.0625
0 0.25 0.5087890625 0.0125 0.060546875
0 0.09375 0.515625 0.025 0.09375
0 0.06953125 0.5185546875 0.0265625 0.083984375
2 0.54609375 0.642578125 0.3046875 0.30078125
2 0.43671875 0.51171875 0.0515625 0.05078125
2 0.38828125 0.5078125 0.0453125 0.04296875
