0 0.29296875 0.5576171875 0.0109375 0.033203125
0 0.2890625 0.5537109375 0.015625 0.041015625
0 0.4015625 0.576171875 0.01875 0.06640625
0 0.375 0.568359375 0.021875 0.078125
0 0.42734375 0.546875 0.0078125 0.03125
0 0.459375 0.5439453125 0.00625 0.021484375
0 0.47265625 0.5439453125 0.0078125 0.025390625
0 0.5265625 0.544921875 0.00625 0.0234375
0 0.54375 0.544921875 0.009375 0.02734375
0 0.56953125 0.546875 0.0078125 0.0234375
0 0.45234375 0.5537109375 0.0109375 0.021484375
2 0.94140625 0.5556640625 0.0796875 0.060546875
2 0.83671875 0.5556640625 0.1421875 0.119140625
2 0.74140625 0.5439453125 0.0578125 0.029296875
2 0.6984375 0.5654296875 0.13125 0.060546875
2 0.2015625 0.5595703125 0.028125 0.029296875
2 0.1625 0.5615234375 0.05 0.033203125
2 0.115625 0.5654296875 0.040625 0.033203125
2 0.04921875 0.5712890625 0.0640625 0.033203125
