0 0.87265625 0.4384765625 0.0203125 0.044921875
0 0.859375 0.4345703125 0.015625 0.041015625
0 0.421875 0.4365234375 0.00625 0.017578125
0 0.2546875 0.4501953125 0.0125 0.041015625
0 0.3171875 0.4521484375 0.0125 0.041015625
0 0.06796875 0.47265625 0.0265625 0.0546875
1 0.7109375 0.599609375 0.125 0.10546875
1 0.76875 0.49609375 0.028125 0.0546875
1 0.734375 0.49609375 0.021875 0.05859375
1 0.72734375 0.49609375 0.0265625 0.05859375
1 0.765625 0.470703125 0.0375 0.03125
1 0.19375 0.4853515625 0.040625 0.044921875
1 0.15859375 0.48828125 0.0203125 0.05078125
1 0.11640625 0.5009765625 0.0265625 0.052734375
2 0.59453125 0.4814453125 0.0640625 0.068359375
2 0.56328125 0.4658203125 0.0390625 0.056640625
2 0.54140625 0.45703125 0.0234375 0.0390625
2 0.52421875 0.4462890625 0.0234375 0.025390625
2 0.51640625 0.4404296875 0.0203125 0.025390625
2 0.503125 0.4375 0.0125 0.015625
2 0.4609375 0.435546875 0.015625 0.015625
2 0.43828125 0.443359375 0.0203125 0.0234375
2 0.07734375 0.4580078125 0.0796875 0.041015625
