0 0.90703125 0.4697265625 0.0453125 0.146484375
0 0.8703125 0.4755859375 0.034375 0.134765625
0 0.78125 0.484375 0.03125 0.12890625
0 0.75703125 0.46875 0.0265625 0.10546875
0 0.73203125 0.46875 0.0234375 0.09765625
0 0.71015625 0.4580078125 0.0203125 0.072265625
0 0.56328125 0.466796875 0.0109375 0.046875
0 0.5546875 0.466796875 0.009375 0.046875
0 0.534375 0.490234375 0.0375 0.11328125
0 0.48828125 0.4697265625 0.0078125 0.029296875
0 0.48203125 0.4677734375 0.0078125 0.029296875
0 0.4390625 0.486328125 0.0375 0.125
0 0.2484375 0.478515625 0.046875 0.125
0 0.23984375 0.4765625 0.0328125 0.12109375
0 0.1671875 0.48046875 0.05 0.1171875
0 0.021875 0.451171875 0.015625 0.02734375
0 0.05546875 0.451171875 0.0109375 0.0234375
0 0.03671875 0.4521484375 0.0109375 0.021484375
1 0.0171875 0.486328125 0.034375 0.046875
2 0.309375 0.474609375 0.034375 0.046875
2 0.28515625 0.4794921875 0.0359375 0.064453125
2 0.18359375 0.48046875 0.0796875 0.078125
2 0.3734375 0.4697265625 0.025 0.021484375
2 0.384375 0.4658203125 0.01875 0.021484375
2 0.4125 0.470703125 0.03125 0.03125
