4 0.36796875 0.4306640625 0.0765625 0.095703125
0 0.665625 0.4755859375 0.05625 0.154296875
2 0.24375 0.4833984375 0.121875 0.107421875
2 0.3265625 0.466796875 0.06875 0.07421875
2 0.41796875 0.44921875 0.0234375 0.015625
2 0.4453125 0.4482421875 0.0125 0.017578125
2 0.475 0.44921875 0.015625 0.01953125
2 0.4875 0.44921875 0.0125 0.015625
2 0.49765625 0.4482421875 0.0109375 0.021484375
2 0.5109375 0.451171875 0.015625 0.03125
2 0.52890625 0.451171875 0.0296875 0.04296875
2 0.53828125 0.4580078125 0.0171875 0.044921875
2 0.5734375 0.453125 0.0625 0.07421875
2 0.61171875 0.4658203125 0.0765625 0.083984375
