0 0.6703125 0.5615234375 0.015625 0.044921875
0 0.6953125 0.560546875 0.0125 0.046875
0 0.86328125 0.572265625 0.0328125 0.0859375
0 0.8359375 0.568359375 0.034375 0.078125
0 0.54765625 0.5517578125 0.0078125 0.013671875
0 0.590625 0.5615234375 0.00625 0.021484375
0 0.9546875 0.6142578125 0.075 0.095703125
2 0.22734375 0.59765625 0.0828125 0.078125
2 0.36015625 0.5673828125 0.0296875 0.033203125
2 0.43046875 0.5751953125 0.0421875 0.048828125
2 0.53515625 0.5791015625 0.0546875 0.044921875
2 0.47421875 0.55859375 0.0140625 0.015625
2 0.49375 0.55859375 0.0125 0.01171875
2 0.5046875 0.5595703125 0.009375 0.009765625
2 0.5171875 0.560546875 0.0125 0.01171875
2 0.5296875 0.5517578125 0.021875 0.013671875
