0 0.24140625 0.49609375 0.0171875 0.05078125
0 0.25546875 0.4814453125 0.0109375 0.025390625
0 0.36171875 0.486328125 0.0046875 0.01171875
0 0.37109375 0.486328125 0.0046875 0.0078125
0 0.40234375 0.48828125 0.0046875 0.015625
0 0.41875 0.490234375 0.00625 0.015625
0 0.60234375 0.505859375 0.0140625 0.0546875
0 0.6203125 0.505859375 0.015625 0.0546875
0 0.63046875 0.484375 0.0078125 0.02734375
0 0.64140625 0.4912109375 0.0140625 0.033203125
0 0.8359375 0.49609375 0.021875 0.04296875
0 0.86171875 0.505859375 0.0296875 0.046875
2 0.51875 0.49609375 0.0125 0.01953125
2 0.5015625 0.5068359375 0.028125 0.041015625
2 0.53125 0.4990234375 0.021875 0.025390625
2 0.47578125 0.53125 0.0671875 0.078125
