4 0.0625 0.474609375 0.125 0.17578125
4 0.31796875 0.4560546875 0.1359375 0.083984375
0 0.71640625 0.4794921875 0.0140625 0.052734375
1 0.625 0.5 0.025 0.046875
2 0.571875 0.474609375 0.015625 0.0234375
2 0.5484375 0.4716796875 0.03125 0.033203125
2 0.4984375 0.4716796875 0.03125 0.037109375
2 0.4875 0.478515625 0.0375 0.0390625
2 0.5953125 0.4716796875 0.025 0.029296875
2 0.659375 0.46875 0.025 0.02734375
2 0.30078125 0.525390625 0.1109375 0.10546875
2 0.40859375 0.5478515625 0.1546875 0.142578125
2 0.81015625 0.5087890625 0.1078125 0.158203125
2 0.925 0.52734375 0.15 0.21875
