0 0.128125 0.4609375 0.01875 0.06640625
0 0.10703125 0.4697265625 0.0203125 0.072265625
0 0.08515625 0.4658203125 0.0234375 0.072265625
0 0.07578125 0.447265625 0.0203125 0.04296875
0 0.2875 0.44921875 0.0125 0.046875
0 0.2703125 0.44921875 0.0125 0.046875
1 0.49296875 0.458984375 0.0171875 0.03125
1 0.4546875 0.458984375 0.015625 0.03125
1 0.51640625 0.4580078125 0.0171875 0.029296875
2 0.85078125 0.52734375 0.2734375 0.20703125
2 0.70078125 0.5 0.1359375 0.1328125
2 0.62734375 0.4853515625 0.0921875 0.099609375
