4 0.525 0.3828125 0.01875 0.03125
2 0.16640625 0.5166015625 0.3328125 0.298828125
2 0.39296875 0.427734375 0.1109375 0.11328125
2 0.45546875 0.416015625 0.0515625 0.05859375
2 0.484375 0.408203125 0.025 0.03125
2 0.7078125 0.4267578125 0.053125 0.072265625
2 0.67890625 0.4189453125 0.0171875 0.052734375
2 0.56015625 0.46875 0.1390625 0.13671875
2 0.6203125 0.4130859375 0.028125 0.037109375
2 0.52890625 0.404296875 0.0390625 0.02734375
2 0.51015625 0.3828125 0.0109375 0.01171875
2 0.5921875 0.400390625 0.034375 0.01953125
2 0.5578125 0.3828125 0.00625 0.01171875
2 0.48515625 0.380859375 0.0078125 0.0078125
2 0.471875 0.3828125 0.009375 0.0078125
