4 0.50703125 0.5634765625 0.1078125 0.146484375
0 0.81484375 0.576171875 0.0171875 0.03515625
0 0.88984375 0.5849609375 0.0109375 0.025390625
0 0.903125 0.5830078125 0.015625 0.033203125
0 0.72578125 0.5732421875 0.0109375 0.037109375
0 0.66640625 0.5537109375 0.0109375 0.013671875
0 0.65 0.5537109375 0.00625 0.013671875
0 0.7453125 0.5732421875 0.0125 0.037109375
1 0.42265625 0.548828125 0.0078125 0.015625
2 0.3109375 0.5537109375 0.0375 0.052734375
2 0.584375 0.5732421875 0.053125 0.056640625
2 0.64921875 0.6005859375 0.0828125 0.080078125
2 0.44609375 0.6826171875 0.2234375 0.263671875
