0 0.1078125 0.576171875 0.05625 0.125
0 0.1796875 0.5283203125 0.090625 0.212890625
0 0.3390625 0.482421875 0.021875 0.046875
0 0.3578125 0.462890625 0.034375 0.08203125
1 0.2875 0.4853515625 0.078125 0.068359375
2 0.90859375 0.5576171875 0.1828125 0.365234375
2 0.80078125 0.439453125 0.1171875 0.0546875
2 0.65234375 0.595703125 0.4421875 0.33984375
2 0.28125 0.4541015625 0.053125 0.064453125
2 0.3390625 0.458984375 0.071875 0.0703125
2 0.3890625 0.455078125 0.040625 0.046875
2 0.4140625 0.451171875 0.009375 0.01171875
2 0.44140625 0.4443359375 0.0171875 0.017578125
2 0.41640625 0.4423828125 0.0140625 0.013671875
2 0.5265625 0.44140625 0.046875 0.03125
2 0.4984375 0.4443359375 0.015625 0.025390625
2 0.490625 0.4453125 0.0125 0.01953125
2 0.475 0.44921875 0.015625 0.015625
2 0.428125 0.44140625 0.0125 0.015625
1 0.01171875 0.4970703125 0.0265625 0.060546875
