0 0.30234375 0.48046875 0.0109375 0.015625
0 0.0234375 0.4873046875 0.015625 0.025390625
2 0.76796875 0.462890625 0.0390625 0.02734375
2 0.81328125 0.4775390625 0.0828125 0.060546875
2 0.65546875 0.4482421875 0.0109375 0.013671875
2 0.6484375 0.4501953125 0.0125 0.017578125
2 0.6359375 0.4482421875 0.0125 0.009765625
2 0.62734375 0.4775390625 0.0484375 0.048828125
2 0.64921875 0.4326171875 0.0140625 0.013671875
2 0.6828125 0.435546875 0.009375 0.01171875
2 0.69375 0.4365234375 0.009375 0.009765625
2 0.67421875 0.4775390625 0.0796875 0.060546875
2 0.72265625 0.501953125 0.1671875 0.09375
2 0.53515625 0.5009765625 0.1171875 0.080078125
2 0.4796875 0.515625 0.196875 0.1015625
2 0.0328125 0.537109375 0.065625 0.125
2 0.140625 0.541015625 0.175 0.09765625
2 0.2671875 0.5205078125 0.15 0.080078125
