4 0.49921875 0.396484375 0.0390625 0.046875
0 0.4109375 0.400390625 0.009375 0.01953125
0 0.43515625 0.3955078125 0.0046875 0.009765625
0 0.43046875 0.3955078125 0.0046875 0.009765625
6 0.73046875 0.369140625 0.0734375 0.0390625
2 0.03515625 0.4150390625 0.0703125 0.173828125
2 0.21171875 0.486328125 0.3203125 0.3125
2 0.35859375 0.4228515625 0.0328125 0.064453125
2 0.653125 0.4384765625 0.0875 0.080078125
2 0.5921875 0.4130859375 0.040625 0.052734375
2 0.56328125 0.41015625 0.0296875 0.0390625
2 0.54375 0.4091796875 0.01875 0.025390625
2 0.509375 0.40625 0.025 0.02734375
2 0.459375 0.40234375 0.015625 0.01953125
2 0.528125 0.40625 0.015625 0.015625
2 0.77734375 0.3974609375 0.0796875 0.029296875
2 0.70703125 0.39453125 0.0484375 0.0234375
