0 0.8296875 0.470703125 0.03125 0.05078125
0 0.665625 0.4638671875 0.009375 0.041015625
0 0.69140625 0.4697265625 0.0109375 0.037109375
0 0.5703125 0.4560546875 0.00625 0.017578125
0 0.42265625 0.4599609375 0.0109375 0.044921875
0 0.215625 0.453125 0.01875 0.06640625
0 0.17109375 0.435546875 0.0140625 0.03515625
0 0.23984375 0.453125 0.0203125 0.0625
0 0.25234375 0.4541015625 0.0234375 0.056640625
0 0.340625 0.4521484375 0.009375 0.029296875
0 0.4734375 0.4580078125 0.00625 0.021484375
1 0.28828125 0.470703125 0.0203125 0.046875
1 0.26875 0.4697265625 0.028125 0.044921875
2 0.88515625 0.5810546875 0.2296875 0.185546875
2 0.765625 0.5400390625 0.121875 0.103515625
2 0.61484375 0.47265625 0.0359375 0.03515625
2 0.59609375 0.4677734375 0.0171875 0.029296875
2 0.57890625 0.4609375 0.0140625 0.01953125
2 0.584375 0.4638671875 0.009375 0.025390625
2 0.54765625 0.4619140625 0.0328125 0.041015625
