0 0.7984375 0.4443359375 0.0125 0.037109375
0 0.78203125 0.4423828125 0.0140625 0.044921875
0 0.62578125 0.4677734375 0.0109375 0.044921875
0 0.60546875 0.458984375 0.0140625 0.0546875
2 0.41484375 0.4814453125 0.0578125 0.064453125
2 0.315625 0.478515625 0.053125 0.0625
2 0.25078125 0.4970703125 0.1140625 0.099609375
2 0.3890625 0.470703125 0.01875 0.04296875
2 0.36640625 0.458984375 0.0171875 0.015625
2 0.06328125 0.498046875 0.1265625 0.09765625
2 0.13515625 0.4794921875 0.0328125 0.033203125
2 0.1578125 0.4775390625 0.01875 0.029296875
