0 0.86484375 0.48046875 0.0953125 0.1640625
0 0.69140625 0.49609375 0.0484375 0.1640625
0 0.65390625 0.5244140625 0.0265625 0.103515625
0 0.625 0.49609375 0.040625 0.12109375
0 0.58671875 0.4921875 0.0265625 0.11328125
2 0.03359375 0.4599609375 0.0671875 0.056640625
2 0.08046875 0.4580078125 0.0578125 0.044921875
2 0.19765625 0.4775390625 0.1453125 0.134765625
2 0.10625 0.453125 0.03125 0.03125
2 0.303125 0.482421875 0.06875 0.07421875
2 0.3984375 0.4921875 0.096875 0.09765625
2 0.34609375 0.4697265625 0.0296875 0.033203125
2 0.50546875 0.4951171875 0.1234375 0.064453125
2 0.5484375 0.4755859375 0.0625 0.048828125
2 0.46875 0.4677734375 0.04375 0.021484375
2 0.725 0.4970703125 0.028125 0.037109375
