0 0.69609375 0.4501953125 0.0140625 0.029296875
0 0.7109375 0.4580078125 0.00625 0.017578125
0 0.6546875 0.4453125 0.00625 0.015625
1 0.97734375 0.59375 0.0453125 0.12109375
1 0.7625 0.583984375 0.0375 0.08984375
1 0.26796875 0.4951171875 0.0203125 0.041015625
2 0.57734375 0.4443359375 0.0109375 0.009765625
2 0.5671875 0.4453125 0.009375 0.01171875
2 0.54921875 0.4560546875 0.0328125 0.033203125
2 0.50859375 0.4541015625 0.0359375 0.029296875
0 0.2171875 0.48046875 0.015625 0.046875
0 0.2765625 0.4580078125 0.015625 0.025390625
