0 0.19375 0.484375 0.0125 0.0546875
0 0.16953125 0.4970703125 0.0203125 0.060546875
0 0.153125 0.4951171875 0.01875 0.068359375
0 0.13359375 0.4990234375 0.0234375 0.064453125
0 0.9640625 0.5322265625 0.0625 0.173828125
0 0.91953125 0.515625 0.0390625 0.140625
0 0.87578125 0.5263671875 0.0359375 0.146484375
0 0.840625 0.5234375 0.034375 0.1328125
0 0.7484375 0.5 0.01875 0.0859375
0 0.56796875 0.453125 0.0078125 0.03515625
0 0.5578125 0.4541015625 0.009375 0.033203125
0 0.59765625 0.4677734375 0.0140625 0.044921875
0 0.6140625 0.4873046875 0.01875 0.060546875
0 0.68046875 0.4921875 0.0265625 0.078125
0 0.79375 0.451171875 0.0125 0.0390625
0 0.72265625 0.466796875 0.0171875 0.046875
0 0.70390625 0.4619140625 0.0203125 0.041015625
0 0.8328125 0.4443359375 0.0125 0.041015625
0 0.84453125 0.439453125 0.0109375 0.03515625
0 0.65390625 0.4990234375 0.0234375 0.068359375
0 0.61875 0.4423828125 0.009375 0.029296875
0 0.5296875 0.455078125 0.009375 0.03125
0 0.71015625 0.435546875 0.0078125 0.0234375
0 0.6296875 0.455078125 0.0125 0.03125
0 0.69921875 0.419921875 0.0078125 0.0234375
2 0.034375 0.5263671875 0.06875 0.080078125
2 0.40078125 0.4365234375 0.0203125 0.021484375
2 0.39296875 0.451171875 0.0203125 0.02734375
2 0.37265625 0.4677734375 0.0421875 0.048828125
2 0.34765625 0.490234375 0.0390625 0.05078125
2 0.29921875 0.505859375 0.0890625 0.09375
2 0.43046875 0.4345703125 0.0171875 0.013671875
2 0.42734375 0.4228515625 0.0140625 0.009765625
2 0.4421875 0.4619140625 0.071875 0.041015625
2 0.41328125 0.5185546875 0.0703125 0.083984375
2 0.48515625 0.54296875 0.1265625 0.125
2 0.49609375 0.46484375 0.0421875 0.03515625
