0 0.0703125 0.5185546875 0.025 0.064453125
0 0.0796875 0.5185546875 0.021875 0.064453125
0 0.38984375 0.509765625 0.0203125 0.046875
0 0.3953125 0.5126953125 0.015625 0.044921875
0 0.40234375 0.509765625 0.0140625 0.046875
2 0.46484375 0.509765625 0.0046875 0.01171875
2 0.478125 0.5107421875 0.0125 0.013671875
2 0.51640625 0.5126953125 0.0140625 0.017578125
2 0.415625 0.5107421875 0.0125 0.017578125
2 0.4421875 0.494140625 0.04375 0.0625
2 0.603125 0.5244140625 0.078125 0.087890625
2 0.81796875 0.521484375 0.0703125 0.04296875
2 0.728125 0.59375 0.196875 0.19140625
