4 0.5609375 0.5234375 0.05 0.0390625
0 0.65234375 0.5419921875 0.0109375 0.033203125
0 0.64453125 0.541015625 0.0109375 0.03125
0 0.0125 0.5869140625 0.025 0.095703125
0 0.040625 0.5390625 0.009375 0.03125
0 0.1421875 0.55078125 0.040625 0.046875
0 0.18203125 0.5537109375 0.0203125 0.044921875
0 0.08671875 0.53125 0.0078125 0.01953125
2 0.77578125 0.6552734375 0.2921875 0.294921875
2 0.615625 0.56640625 0.059375 0.05859375
2 0.6015625 0.55078125 0.0375 0.03515625
2 0.54140625 0.556640625 0.0640625 0.0703125
2 0.49609375 0.546875 0.0328125 0.0390625
2 0.46171875 0.5595703125 0.0640625 0.064453125
2 0.421875 0.5400390625 0.021875 0.017578125
2 0.21953125 0.55078125 0.0640625 0.06640625
2 0.14921875 0.71875 0.2984375 0.29296875
2 0.36171875 0.544921875 0.0203125 0.0234375
2 0.33984375 0.5478515625 0.0359375 0.033203125
2 0.11171875 0.5595703125 0.1296875 0.041015625
