0 0.67734375 0.4619140625 0.0203125 0.072265625
1 0.35 0.4794921875 0.015625 0.037109375
2 0.178125 0.490234375 0.246875 0.234375
2 0.31171875 0.4736328125 0.0328125 0.056640625
2 0.34375 0.474609375 0.03125 0.03125
2 0.3640625 0.46875 0.025 0.03125
2 0.38203125 0.4658203125 0.0234375 0.025390625
2 0.41875 0.462890625 0.025 0.01953125
2 0.46875 0.4580078125 0.015625 0.017578125
2 0.47890625 0.466796875 0.0140625 0.0234375
2 0.49765625 0.474609375 0.0265625 0.0390625
2 0.53828125 0.46875 0.0765625 0.08984375
2 0.56328125 0.484375 0.0859375 0.08203125
