0 0.43671875 0.46484375 0.0171875 0.04296875
0 0.6171875 0.47265625 0.025 0.07421875
0 0.61953125 0.4404296875 0.0234375 0.037109375
1 0.6625 0.5078125 0.040625 0.10546875
1 0.6796875 0.5068359375 0.04375 0.095703125
1 0.71171875 0.5078125 0.0546875 0.09765625
1 0.74375 0.5078125 0.059375 0.10546875
1 0.93203125 0.556640625 0.1359375 0.24609375
1 0.30625 0.4853515625 0.015625 0.041015625
2 0.1203125 0.4931640625 0.125 0.087890625
2 0.24296875 0.48046875 0.0640625 0.0546875
2 0.27890625 0.4775390625 0.0328125 0.044921875
2 0.30078125 0.474609375 0.0359375 0.04296875
2 0.3265625 0.4736328125 0.021875 0.033203125
2 0.33984375 0.466796875 0.0265625 0.03125
