6 0.70625 0.4755859375 0.284375 0.240234375
2 0.0609375 0.5224609375 0.121875 0.173828125
2 0.15859375 0.5048828125 0.1203125 0.107421875
2 0.23046875 0.4951171875 0.0765625 0.087890625
2 0.2578125 0.478515625 0.071875 0.09765625
2 0.30234375 0.4814453125 0.0234375 0.068359375
2 0.3109375 0.47265625 0.040625 0.0703125
2 0.33984375 0.4814453125 0.0203125 0.041015625
2 0.35078125 0.4775390625 0.0234375 0.037109375
2 0.3640625 0.4716796875 0.025 0.037109375
2 0.39765625 0.4755859375 0.0296875 0.021484375
2 0.428125 0.4755859375 0.03125 0.021484375
2 0.48046875 0.474609375 0.0203125 0.03125
2 0.50859375 0.4775390625 0.0421875 0.041015625
2 0.94375 0.5966796875 0.1125 0.220703125
