0 0.01796875 0.4912109375 0.0171875 0.056640625
0 0.1 0.5029296875 0.05 0.119140625
0 0.4875 0.57421875 0.10625 0.4921875
0 0.75703125 0.5 0.0265625 0.109375
0 0.7875 0.5 0.03125 0.10546875
0 0.815625 0.49609375 0.04375 0.12890625
0 0.8546875 0.498046875 0.034375 0.1171875
0 0.209375 0.486328125 0.009375 0.0234375
1 0.0578125 0.5078125 0.0375 0.03515625
2 0.1375 0.505859375 0.128125 0.1015625
2 0.28046875 0.4970703125 0.0296875 0.025390625
2 0.3265625 0.4931640625 0.025 0.021484375
2 0.38046875 0.4912109375 0.0265625 0.033203125
2 0.50625 0.509765625 0.2 0.12109375
2 0.3359375 0.490234375 0.01875 0.0234375
2 0.24296875 0.4970703125 0.0296875 0.029296875
