6 0.90390625 0.4453125 0.0390625 0.0546875
2 0.215625 0.54296875 0.1 0.0859375
2 0.315625 0.642578125 0.31875 0.25390625
2 0.34609375 0.5048828125 0.0609375 0.029296875
2 0.396875 0.4990234375 0.040625 0.037109375
2 0.5625 0.5009765625 0.065625 0.068359375
2 0.64921875 0.5234375 0.0984375 0.109375
2 0.58671875 0.4794921875 0.0359375 0.044921875
2 0.74375 0.490234375 0.065625 0.06640625
2 0.69609375 0.4736328125 0.0296875 0.033203125
2 0.61328125 0.4814453125 0.0171875 0.025390625
2 0.93671875 0.4677734375 0.0359375 0.037109375
2 0.87265625 0.4599609375 0.0140625 0.021484375
2 0.86171875 0.4609375 0.0171875 0.0234375
2 0.9765625 0.45703125 0.0375 0.03125
