1 0.27578125 0.451171875 0.0296875 0.046875
2 0.04765625 0.576171875 0.0953125 0.24609375
2 0.13125 0.5302734375 0.125 0.130859375
2 0.3265625 0.44921875 0.071875 0.06640625
2 0.38359375 0.44140625 0.0546875 0.05078125
2 0.4046875 0.431640625 0.046875 0.0546875
2 0.42890625 0.4306640625 0.0171875 0.041015625
2 0.44453125 0.4287109375 0.0265625 0.033203125
2 0.46640625 0.4228515625 0.0234375 0.029296875
2 0.4828125 0.4228515625 0.015625 0.025390625
2 0.49296875 0.419921875 0.0203125 0.01953125
2 0.5046875 0.4169921875 0.01875 0.021484375
2 0.58515625 0.4658203125 0.0703125 0.076171875
2 0.584375 0.423828125 0.04375 0.0234375
14 0.91796875 0.453125 0.1640625 0.109375
2 0.78515625 0.4375 0.1140625 0.05859375
