4 0.2046875 0.5302734375 0.153125 0.095703125
0 0.959375 0.5322265625 0.021875 0.044921875
0 0.60390625 0.5556640625 0.0203125 0.076171875
0 0.61796875 0.5556640625 0.0171875 0.068359375
0 0.771875 0.53515625 0.015625 0.0546875
0 0.70625 0.5390625 0.009375 0.04296875
0 0.7171875 0.5400390625 0.015625 0.048828125
0 0.66328125 0.5390625 0.0140625 0.05078125
0 0.675 0.53515625 0.009375 0.046875
0 0.68515625 0.53515625 0.0140625 0.046875
2 0.44453125 0.5673828125 0.0703125 0.080078125
2 0.35625 0.5478515625 0.05625 0.048828125
2 0.19140625 0.5703125 0.1015625 0.0625
2 0.084375 0.5712890625 0.10625 0.060546875
2 0.3921875 0.5439453125 0.0375 0.044921875
2 0.30859375 0.5458984375 0.0390625 0.041015625
