0 0.13515625 0.412109375 0.0328125 0.13671875
0 0.1 0.4052734375 0.0375 0.134765625
0 0.15625 0.4130859375 0.025 0.103515625
0 0.1875 0.4169921875 0.03125 0.138671875
0 0.2375 0.4169921875 0.028125 0.119140625
0 0.27890625 0.416015625 0.0296875 0.0859375
0 0.3046875 0.3955078125 0.0125 0.052734375
0 0.32265625 0.392578125 0.0078125 0.04296875
0 0.365625 0.3876953125 0.0125 0.021484375
0 0.35390625 0.390625 0.0078125 0.0390625
0 0.95390625 0.4326171875 0.0171875 0.029296875
0 0.96796875 0.4345703125 0.0109375 0.025390625
0 0.0125 0.3955078125 0.025 0.103515625
2 0.81015625 0.4794921875 0.2046875 0.208984375
2 0.6578125 0.4111328125 0.1125 0.150390625
2 0.55625 0.5 0.28125 0.3125
2 0.4421875 0.3857421875 0.053125 0.083984375
