0 0.28828125 0.5673828125 0.0390625 0.064453125
0 0.24921875 0.576171875 0.0265625 0.06640625
0 0.38203125 0.541015625 0.0109375 0.03125
0 0.40859375 0.541015625 0.0109375 0.02734375
0 0.42578125 0.5419921875 0.0078125 0.029296875
0 0.4140625 0.5390625 0.00625 0.02734375
2 0.9078125 0.796875 0.184375 0.40625
2 0.76015625 0.6396484375 0.2359375 0.228515625
2 0.609375 0.61328125 0.1125 0.10546875
2 0.57890625 0.580078125 0.0640625 0.06640625
2 0.55234375 0.568359375 0.0578125 0.0625
2 0.52265625 0.5615234375 0.0296875 0.048828125
2 0.49609375 0.546875 0.0453125 0.03515625
2 0.346875 0.794921875 0.409375 0.41015625
2 0.44609375 0.609375 0.1328125 0.0703125
2 0.4734375 0.61328125 0.090625 0.12109375
2 0.45390625 0.5439453125 0.0390625 0.017578125
2 0.3734375 0.5751953125 0.05625 0.041015625
2 0.4578125 0.529296875 0.03125 0.01171875
