6 0.57890625 0.474609375 0.0078125 0.015625
2 0.18359375 0.529296875 0.0703125 0.03515625
2 0.28046875 0.517578125 0.0390625 0.0234375
2 0.38828125 0.5009765625 0.0109375 0.013671875
2 0.40390625 0.5 0.0203125 0.01171875
2 0.4296875 0.494140625 0.0125 0.015625
2 0.4421875 0.494140625 0.0125 0.01171875
2 0.45625 0.4912109375 0.009375 0.009765625
2 0.5546875 0.498046875 0.028125 0.0234375
2 0.61015625 0.4912109375 0.0234375 0.021484375
2 0.565625 0.48828125 0.015625 0.01953125
2 0.52890625 0.4921875 0.0171875 0.01953125
2 0.5140625 0.48828125 0.0125 0.01953125
2 0.59453125 0.4853515625 0.0140625 0.017578125
2 0.58515625 0.4833984375 0.0078125 0.009765625
2 0.54453125 0.4892578125 0.0140625 0.017578125
