0 0.815625 0.583984375 0.015625 0.046875
0 0.75625 0.5830078125 0.015625 0.052734375
0 0.74296875 0.58203125 0.0109375 0.05078125
0 0.66640625 0.5546875 0.0109375 0.015625
0 0.64921875 0.5546875 0.0078125 0.01171875
0 0.65859375 0.556640625 0.0046875 0.0078125
0 0.9875 0.591796875 0.025 0.0390625
1 0.39375 0.5576171875 0.015625 0.013671875
6 0.228125 0.533203125 0.1 0.07421875
2 0.19921875 0.5556640625 0.0515625 0.060546875
2 0.3296875 0.546875 0.034375 0.02734375
2 0.43671875 0.673828125 0.2015625 0.23828125
2 0.4859375 0.572265625 0.103125 0.15234375
2 0.55859375 0.5732421875 0.0484375 0.052734375
2 0.678125 0.5859375 0.040625 0.046875
2 0.63046875 0.5966796875 0.0828125 0.072265625
