0 0.88515625 0.5048828125 0.0359375 0.115234375
0 0.85 0.4912109375 0.0375 0.146484375
0 0.809375 0.51171875 0.03125 0.10546875
0 0.89453125 0.455078125 0.0484375 0.0703125
2 0.7828125 0.45703125 0.10625 0.05859375
2 0.64921875 0.4609375 0.1421875 0.06640625
2 0.49921875 0.447265625 0.0234375 0.0234375
2 0.51015625 0.431640625 0.0171875 0.01953125
2 0.434375 0.431640625 0.01875 0.015625
2 0.5078125 0.3798828125 0.0125 0.013671875
2 0.40234375 0.453125 0.0359375 0.02734375
2 0.321875 0.4794921875 0.075 0.064453125
2 0.2640625 0.4755859375 0.065625 0.052734375
2 0.1625 0.4873046875 0.09375 0.080078125
2 0.06640625 0.5009765625 0.1328125 0.095703125
