0 0.209375 0.4931640625 0.028125 0.095703125
0 0.9453125 0.4990234375 0.028125 0.083984375
0 0.97734375 0.4990234375 0.0203125 0.083984375
2 0.30078125 0.517578125 0.1265625 0.0859375
2 0.5578125 0.447265625 0.01875 0.015625
2 0.57734375 0.4609375 0.0265625 0.02734375
2 0.5984375 0.443359375 0.015625 0.01953125
2 0.5921875 0.431640625 0.009375 0.01171875
2 0.60859375 0.4326171875 0.0078125 0.009765625
2 0.61328125 0.4248046875 0.0046875 0.005859375
2 0.62421875 0.4248046875 0.0046875 0.005859375
2 0.63046875 0.427734375 0.0140625 0.015625
1 0.62890625 0.4365234375 0.0046875 0.009765625
0 0.75703125 0.4521484375 0.0078125 0.021484375
0 0.8703125 0.4912109375 0.021875 0.068359375
