0 0.81171875 0.4873046875 0.0234375 0.060546875
0 0.91875 0.4892578125 0.01875 0.048828125
0 0.83046875 0.490234375 0.0171875 0.05859375
2 0.06484375 0.5244140625 0.1296875 0.150390625
2 0.1390625 0.4814453125 0.05625 0.052734375
2 0.21015625 0.5048828125 0.1546875 0.103515625
2 0.33671875 0.4921875 0.1015625 0.078125
2 0.403125 0.48828125 0.046875 0.05859375
2 0.4390625 0.48828125 0.04375 0.04296875
2 0.4828125 0.48046875 0.040625 0.03515625
2 0.5515625 0.4833984375 0.046875 0.037109375
2 0.52578125 0.47265625 0.0359375 0.0234375
2 0.60625 0.462890625 0.009375 0.0078125
2 0.62734375 0.4619140625 0.0140625 0.013671875
2 0.6453125 0.462890625 0.0125 0.01171875
2 0.67734375 0.4638671875 0.0109375 0.009765625
