0 0.7953125 0.486328125 0.028125 0.09375
0 0.759375 0.490234375 0.028125 0.09765625
0 0.74609375 0.470703125 0.0171875 0.0859375
2 0.49765625 0.470703125 0.0078125 0.0078125
2 0.490625 0.470703125 0.00625 0.0078125
2 0.509375 0.4697265625 0.009375 0.009765625
2 0.475 0.470703125 0.009375 0.01171875
2 0.46328125 0.4716796875 0.0078125 0.009765625
2 0.43828125 0.4755859375 0.0109375 0.009765625
2 0.3640625 0.4912109375 0.053125 0.048828125
2 0.2515625 0.5009765625 0.071875 0.060546875
2 0.21328125 0.4990234375 0.0390625 0.048828125
2 0.1171875 0.5107421875 0.10625 0.068359375
2 0.03125 0.5185546875 0.0625 0.064453125
