0 0.665625 0.50390625 0.03125 0.13671875
0 0.046875 0.5087890625 0.05 0.263671875
0 0.128125 0.5205078125 0.0625 0.294921875
1 0.39453125 0.4990234375 0.0296875 0.064453125
1 0.4421875 0.5751953125 0.084375 0.193359375
2 0.60546875 0.4833984375 0.1046875 0.091796875
2 0.65703125 0.4990234375 0.0890625 0.115234375
2 0.746875 0.4931640625 0.1125 0.162109375
2 0.76015625 0.5244140625 0.0734375 0.130859375
2 0.89375 0.4853515625 0.2125 0.400390625
2 0.3546875 0.484375 0.04375 0.0703125
2 0.50859375 0.4921875 0.1046875 0.1796875
2 0.30703125 0.4892578125 0.0859375 0.103515625
2 0.23828125 0.49609375 0.1328125 0.13671875
2 0.1734375 0.494140625 0.253125 0.18359375
2 0.03125 0.4990234375 0.0625 0.330078125
