0 0.86796875 0.5185546875 0.0171875 0.095703125
0 0.83984375 0.5146484375 0.0234375 0.095703125
0 0.628125 0.5146484375 0.028125 0.083984375
0 0.24140625 0.4892578125 0.0140625 0.052734375
0 0.41484375 0.486328125 0.0078125 0.01953125
0 0.33671875 0.4814453125 0.0109375 0.017578125
0 0.37109375 0.482421875 0.0078125 0.01953125
0 0.703125 0.4833984375 0.0125 0.041015625
0 0.02265625 0.4755859375 0.0265625 0.044921875
0 0.05078125 0.4951171875 0.0234375 0.076171875
0 0.06640625 0.4892578125 0.0171875 0.072265625
0 0.09140625 0.4921875 0.0140625 0.06640625
0 0.28984375 0.4814453125 0.0109375 0.029296875
2 0.49609375 0.49609375 0.0171875 0.015625
2 0.51953125 0.49609375 0.0171875 0.01953125
2 0.53359375 0.4912109375 0.0140625 0.017578125
2 0.55546875 0.4990234375 0.0234375 0.025390625
1 0.15703125 0.517578125 0.0203125 0.03515625
0 0.42109375 0.48828125 0.0078125 0.01953125
