2 0.06953125 0.595703125 0.1390625 0.140625
2 0.209375 0.5439453125 0.05 0.048828125
2 0.31875 0.5107421875 0.021875 0.013671875
2 0.340625 0.505859375 0.034375 0.01953125
2 0.371875 0.5048828125 0.028125 0.013671875
2 0.36640625 0.5966796875 0.2046875 0.169921875
2 0.41796875 0.501953125 0.0484375 0.01953125
2 0.46171875 0.515625 0.0671875 0.0703125
2 0.52890625 0.5185546875 0.0765625 0.080078125
2 0.56875 0.4970703125 0.040625 0.056640625
2 0.58984375 0.48046875 0.0171875 0.0234375
2 0.628125 0.541015625 0.10625 0.1171875
2 0.6953125 0.494140625 0.05 0.05078125
2 0.72890625 0.486328125 0.0265625 0.0390625
2 0.76953125 0.517578125 0.1046875 0.09765625
