0 0.009375 0.46875 0.01875 0.0703125
0 0.11328125 0.4599609375 0.0140625 0.041015625
0 0.4859375 0.462890625 0.021875 0.0859375
0 0.5046875 0.46484375 0.028125 0.08203125
0 0.52578125 0.462890625 0.0203125 0.07421875
0 0.5640625 0.4599609375 0.025 0.072265625
0 0.63515625 0.45703125 0.0171875 0.0703125
0 0.65390625 0.44921875 0.0140625 0.0625
0 0.6671875 0.4306640625 0.0125 0.041015625
0 0.67578125 0.44921875 0.0234375 0.06640625
2 0.4375 0.4560546875 0.0125 0.009765625
2 0.503125 0.4609375 0.03125 0.04296875
2 0.1984375 0.4755859375 0.19375 0.091796875
