2 0.3921875 0.4423828125 0.10625 0.095703125
2 0.334375 0.4267578125 0.05 0.060546875
2 0.30625 0.41796875 0.03125 0.046875
2 0.3078125 0.4228515625 0.015625 0.033203125
2 0.28984375 0.4140625 0.0140625 0.03125
2 0.26796875 0.4140625 0.0234375 0.0234375
2 0.0125 0.42578125 0.025 0.07421875
2 0.040625 0.4296875 0.05 0.0546875
2 0.0671875 0.4287109375 0.028125 0.048828125
2 0.090625 0.427734375 0.034375 0.0390625
2 0.10546875 0.4208984375 0.0484375 0.048828125
2 0.13515625 0.423828125 0.0140625 0.03125
2 0.153125 0.419921875 0.028125 0.03125
2 0.1828125 0.4169921875 0.028125 0.025390625
2 0.20625 0.416015625 0.021875 0.0234375
