0 0.73046875 0.4677734375 0.0140625 0.056640625
0 0.6984375 0.47265625 0.0125 0.05078125
0 0.5515625 0.48046875 0.025 0.0625
0 0.540625 0.478515625 0.015625 0.06640625
0 0.53125 0.48046875 0.0125 0.06640625
0 0.5234375 0.48046875 0.0125 0.05859375
0 0.51328125 0.4755859375 0.0140625 0.064453125
0 0.5015625 0.4609375 0.0125 0.03125
0 0.46953125 0.4541015625 0.0140625 0.017578125
0 0.296875 0.474609375 0.01875 0.04296875
0 0.278125 0.4638671875 0.015625 0.037109375
0 0.34296875 0.4541015625 0.0234375 0.021484375
1 0.75234375 0.4833984375 0.0203125 0.037109375
2 0.89609375 0.46875 0.0421875 0.0390625
2 0.8671875 0.47265625 0.034375 0.03125
2 0.5765625 0.4765625 0.0375 0.0390625
2 0.46015625 0.4912109375 0.1046875 0.064453125
2 0.35 0.49609375 0.115625 0.07421875
2 0.2296875 0.5068359375 0.121875 0.087890625
2 0.08984375 0.5185546875 0.1734375 0.107421875
6 0.76328125 0.4521484375 0.0796875 0.060546875
