0 0.325 0.4619140625 0.0125 0.029296875
0 0.31796875 0.458984375 0.0078125 0.03125
2 0.4453125 0.44921875 0.015625 0.01953125
2 0.4296875 0.451171875 0.015625 0.01953125
2 0.4140625 0.451171875 0.0125 0.015625
2 0.403125 0.451171875 0.009375 0.015625
2 0.3859375 0.45703125 0.03125 0.02734375
2 0.309375 0.451171875 0.028125 0.02734375
2 0.2765625 0.4482421875 0.034375 0.017578125
2 0.29375 0.4736328125 0.028125 0.041015625
2 0.24921875 0.4658203125 0.0671875 0.033203125
2 0.16328125 0.5126953125 0.0921875 0.091796875
2 0.06171875 0.5625 0.1234375 0.13671875
2 0.01796875 0.599609375 0.0359375 0.1328125
2 0.215625 0.56640625 0.190625 0.171875
2 0.46875 0.455078125 0.028125 0.03515625
2 0.4984375 0.4697265625 0.075 0.072265625
2 0.515625 0.4853515625 0.084375 0.080078125
2 0.70703125 0.466796875 0.0890625 0.05078125
2 0.81015625 0.4931640625 0.1234375 0.087890625
2 0.61171875 0.529296875 0.1484375 0.13671875
2 0.7015625 0.59765625 0.259375 0.21875
