0 0.84140625 0.5908203125 0.0171875 0.064453125
0 0.73046875 0.5751953125 0.0171875 0.048828125
0 0.7578125 0.5810546875 0.01875 0.056640625
0 0.66875 0.55859375 0.0125 0.03125
0 0.68203125 0.56640625 0.0140625 0.0390625
0 0.703125 0.5634765625 0.0125 0.041015625
0 0.69375 0.5654296875 0.0125 0.037109375
0 0.5484375 0.572265625 0.0125 0.04296875
0 0.54296875 0.578125 0.0203125 0.046875
0 0.20859375 0.5830078125 0.0265625 0.048828125
0 0.346875 0.5751953125 0.015625 0.041015625
0 0.16875 0.58203125 0.01875 0.0859375
0 0.1578125 0.5810546875 0.021875 0.087890625
2 0.265625 0.6279296875 0.1375 0.130859375
2 0.43671875 0.5751953125 0.1421875 0.052734375
2 0.4078125 0.7373046875 0.290625 0.283203125
