0 0.98984375 0.4814453125 0.0203125 0.142578125
0 0.86640625 0.4892578125 0.0171875 0.107421875
0 0.8421875 0.482421875 0.028125 0.08984375
0 0.809375 0.4833984375 0.03125 0.091796875
0 0.71640625 0.4736328125 0.0078125 0.037109375
0 0.7078125 0.4755859375 0.0125 0.048828125
0 0.696875 0.4755859375 0.009375 0.044921875
0 0.68828125 0.4658203125 0.0078125 0.029296875
0 0.64296875 0.462890625 0.0109375 0.046875
0 0.63515625 0.4609375 0.0078125 0.05078125
0 0.6234375 0.462890625 0.009375 0.046875
0 0.6046875 0.462890625 0.009375 0.04296875
0 0.59765625 0.451171875 0.0078125 0.0234375
0 0.55859375 0.458984375 0.0078125 0.02734375
0 0.19609375 0.4677734375 0.0328125 0.099609375
0 0.24296875 0.4658203125 0.0296875 0.103515625
0 0.3890625 0.4541015625 0.009375 0.021484375
0 0.421875 0.45703125 0.015625 0.0390625
0 0.43125 0.458984375 0.0125 0.04296875
0 0.4453125 0.4599609375 0.0125 0.044921875
0 0.346875 0.4423828125 0.003125 0.013671875
1 0.9734375 0.7099609375 0.053125 0.154296875
1 0.9015625 0.564453125 0.1125 0.125
1 0.828125 0.568359375 0.084375 0.1328125
1 0.8015625 0.5419921875 0.078125 0.123046875
1 0.7609375 0.5390625 0.059375 0.1328125
1 0.725 0.5224609375 0.034375 0.083984375
1 0.69375 0.51953125 0.0375 0.08984375
1 0.296875 0.4599609375 0.025 0.021484375
1 0.48359375 0.4677734375 0.0109375 0.017578125
1 0.1578125 0.4931640625 0.046875 0.072265625
2 0.46328125 0.453125 0.0109375 0.015625
2 0.45390625 0.44921875 0.0109375 0.015625
2 0.453125 0.4560546875 0.009375 0.017578125
2 0.53671875 0.458984375 0.0171875 0.01953125
