0 0.6453125 0.5107421875 0.034375 0.205078125
0 0.63359375 0.5009765625 0.1109375 0.236328125
0 0.83984375 0.498046875 0.0453125 0.1953125
0 0.86953125 0.4931640625 0.0546875 0.201171875
0 0.94140625 0.4892578125 0.0421875 0.205078125
0 0.81328125 0.5068359375 0.0953125 0.267578125
2 0.5953125 0.45703125 0.009375 0.01171875
2 0.578125 0.4580078125 0.009375 0.009765625
2 0.56640625 0.458984375 0.0140625 0.01171875
2 0.55078125 0.4599609375 0.0109375 0.009765625
2 0.3640625 0.4697265625 0.059375 0.048828125
