0 0.24453125 0.4677734375 0.0078125 0.041015625
0 0.503125 0.4736328125 0.00625 0.033203125
0 0.5203125 0.4833984375 0.009375 0.041015625
2 0.0421875 0.5224609375 0.084375 0.232421875
2 0.09609375 0.5 0.1390625 0.171875
2 0.890625 0.5791015625 0.21875 0.244140625
2 0.615625 0.515625 0.11875 0.09765625
2 0.68359375 0.482421875 0.0734375 0.0625
2 0.5484375 0.5009765625 0.065625 0.076171875
2 0.475 0.48046875 0.040625 0.046875
2 0.44765625 0.4736328125 0.0359375 0.041015625
2 0.428125 0.4697265625 0.021875 0.037109375
2 0.3921875 0.46875 0.021875 0.0234375
2 0.32578125 0.4833984375 0.0984375 0.115234375
2 0.2671875 0.4716796875 0.0375 0.052734375
