6 0.6609375 0.4501953125 0.015625 0.021484375
2 0.15703125 0.4873046875 0.2046875 0.130859375
2 0.328125 0.482421875 0.08125 0.05078125
2 0.38203125 0.4755859375 0.0546875 0.048828125
2 0.42265625 0.474609375 0.0484375 0.05078125
2 0.45859375 0.4765625 0.0296875 0.03515625
2 0.47578125 0.474609375 0.0234375 0.03125
2 0.62265625 0.4677734375 0.0359375 0.017578125
2 0.56640625 0.462890625 0.0265625 0.03125
2 0.653125 0.4599609375 0.015625 0.009765625
2 0.83046875 0.50390625 0.1234375 0.109375
2 0.77578125 0.4931640625 0.0421875 0.083984375
2 0.7578125 0.484375 0.028125 0.05859375
2 0.73671875 0.46484375 0.0140625 0.015625
2 0.66796875 0.4609375 0.0078125 0.0078125
2 0.8953125 0.4443359375 0.0375 0.037109375
