0 0.0609375 0.4599609375 0.11875 0.376953125
0 0.21015625 0.41015625 0.0546875 0.15625
0 0.25390625 0.41796875 0.0421875 0.1484375
0 0.2890625 0.396484375 0.0375 0.140625
0 0.36015625 0.3896484375 0.0234375 0.080078125
0 0.55390625 0.4013671875 0.0265625 0.060546875
0 0.934375 0.427734375 0.015625 0.046875
0 0.89765625 0.4287109375 0.0140625 0.048828125
0 0.884375 0.4267578125 0.0125 0.048828125
0 0.815625 0.4140625 0.0125 0.0390625
0 0.803125 0.412109375 0.0125 0.0390625
0 0.5140625 0.3916015625 0.0125 0.048828125
0 0.42734375 0.37109375 0.0109375 0.02734375
0 0.415625 0.3759765625 0.0125 0.033203125
0 0.4515625 0.3779296875 0.009375 0.033203125
0 0.44375 0.37890625 0.00625 0.03125
0 0.8453125 0.42578125 0.01875 0.05078125
0 0.72734375 0.404296875 0.0078125 0.02734375
0 0.71484375 0.400390625 0.0109375 0.02734375
0 0.7359375 0.400390625 0.00625 0.0234375
1 0.38125 0.4013671875 0.025 0.056640625
6 0.60078125 0.3759765625 0.0453125 0.068359375
2 0.690625 0.40234375 0.0375 0.03515625
2 0.6703125 0.396484375 0.025 0.03125
2 0.64296875 0.3994140625 0.0296875 0.029296875
2 0.575 0.3935546875 0.0125 0.013671875
