0 0.0765625 0.517578125 0.028125 0.1171875
0 0.178125 0.525390625 0.025 0.109375
0 0.15234375 0.5244140625 0.0421875 0.123046875
0 0.23203125 0.4912109375 0.0109375 0.041015625
0 0.33671875 0.4814453125 0.0109375 0.017578125
0 0.371875 0.4814453125 0.009375 0.017578125
0 0.9390625 0.5146484375 0.028125 0.095703125
0 0.703125 0.484375 0.0125 0.0390625
0 0.66875 0.48828125 0.015625 0.01953125
0 0.64921875 0.4912109375 0.0109375 0.021484375
0 0.634375 0.4921875 0.0125 0.0234375
0 0.28984375 0.4853515625 0.0078125 0.025390625
0 0.4140625 0.486328125 0.009375 0.01953125
0 0.42109375 0.4892578125 0.0078125 0.021484375
2 0.55703125 0.4990234375 0.0296875 0.029296875
2 0.5140625 0.4990234375 0.021875 0.025390625
2 0.528125 0.4951171875 0.015625 0.021484375
2 0.5328125 0.490234375 0.015625 0.0234375
