0 0.11328125 0.5537109375 0.0203125 0.060546875
0 0.37734375 0.533203125 0.0078125 0.01953125
0 0.36796875 0.53515625 0.0078125 0.015625
0 0.73671875 0.5390625 0.0140625 0.0390625
0 0.7484375 0.541015625 0.0125 0.03515625
0 0.64765625 0.5322265625 0.0078125 0.021484375
0 0.6 0.5361328125 0.00625 0.029296875
0 0.6078125 0.53515625 0.00625 0.03125
0 0.62109375 0.53125 0.0046875 0.01953125
0 0.55234375 0.52734375 0.0078125 0.015625
2 0.32734375 0.603515625 0.1359375 0.12109375
2 0.4671875 0.5322265625 0.0125 0.013671875
2 0.4859375 0.53125 0.0125 0.015625
2 0.496875 0.53125 0.0125 0.01171875
2 0.784375 0.6064453125 0.146875 0.119140625
