0 0.65625 0.45703125 0.0125 0.046875
0 0.6453125 0.453125 0.0125 0.05078125
0 0.63359375 0.4541015625 0.0109375 0.048828125
0 0.6140625 0.44921875 0.009375 0.03125
0 0.696875 0.466796875 0.015625 0.04296875
0 0.4 0.443359375 0.0125 0.0234375
1 0.72890625 0.5146484375 0.0765625 0.087890625
2 0.30546875 0.458984375 0.0859375 0.078125
2 0.3609375 0.4619140625 0.03125 0.048828125
2 0.26640625 0.4404296875 0.0265625 0.029296875
2 0.43203125 0.46484375 0.0765625 0.0625
2 0.475 0.4482421875 0.021875 0.021484375
2 0.4984375 0.4453125 0.015625 0.015625
2 0.51953125 0.4501953125 0.0203125 0.021484375
2 0.53359375 0.4453125 0.0109375 0.01171875
2 0.5109375 0.443359375 0.0125 0.015625
1 0.68515625 0.484375 0.0359375 0.02734375
