0 0.67265625 0.4619140625 0.0453125 0.158203125
0 0.62734375 0.4111328125 0.0234375 0.060546875
0 0.59765625 0.458984375 0.0515625 0.16796875
0 0.546875 0.48046875 0.05625 0.16015625
0 0.5015625 0.4912109375 0.05 0.146484375
0 0.31796875 0.451171875 0.0296875 0.1015625
0 0.2703125 0.458984375 0.03125 0.109375
2 0.8671875 0.4970703125 0.265625 0.154296875
2 0.20703125 0.462890625 0.0578125 0.05859375
2 0.15390625 0.4501953125 0.0203125 0.021484375
2 0.12265625 0.4521484375 0.0203125 0.021484375
2 0.05625 0.4541015625 0.0375 0.033203125
2 0.1796875 0.451171875 0.0125 0.01953125
