0 0.1265625 0.4697265625 0.015625 0.068359375
0 0.24296875 0.46484375 0.0140625 0.05859375
0 0.315625 0.4716796875 0.025 0.060546875
0 0.34296875 0.462890625 0.0140625 0.0546875
1 0.0140625 0.509765625 0.028125 0.0859375
1 0.94375 0.5107421875 0.078125 0.146484375
1 0.9140625 0.5029296875 0.053125 0.130859375
1 0.78203125 0.501953125 0.0546875 0.109375
1 0.71484375 0.5078125 0.0453125 0.1015625
1 0.709375 0.505859375 0.059375 0.08203125
1 0.21171875 0.50390625 0.0296875 0.06640625
1 0.36015625 0.4892578125 0.0234375 0.052734375
2 0.5 0.5185546875 0.2 0.185546875
2 0.659375 0.48828125 0.14375 0.07421875
