0 0.73671875 0.484375 0.0234375 0.0625
0 0.815625 0.5224609375 0.0375 0.060546875
0 0.89296875 0.501953125 0.0328125 0.13671875
1 0.68203125 0.498046875 0.0171875 0.04296875
2 0.0359375 0.4990234375 0.071875 0.119140625
2 0.10859375 0.4931640625 0.0921875 0.091796875
2 0.1734375 0.4892578125 0.071875 0.076171875
2 0.2359375 0.4951171875 0.0875 0.072265625
2 0.321875 0.48828125 0.046875 0.046875
2 0.35390625 0.4912109375 0.0265625 0.029296875
2 0.3734375 0.490234375 0.025 0.03125
2 0.45859375 0.4892578125 0.0359375 0.037109375
