0 0.2140625 0.4462890625 0.040625 0.123046875
1 0.53046875 0.443359375 0.0265625 0.0390625
1 0.48203125 0.4501953125 0.0234375 0.033203125
1 0.4578125 0.447265625 0.021875 0.03515625
1 0.41015625 0.451171875 0.0328125 0.04296875
1 0.3640625 0.4560546875 0.028125 0.044921875
1 0.26328125 0.4599609375 0.0546875 0.068359375
1 0.15234375 0.4765625 0.0421875 0.0625
1 0.1875 0.470703125 0.053125 0.0703125
1 0.1171875 0.4814453125 0.03125 0.056640625
1 0.0828125 0.482421875 0.04375 0.07421875
1 0.02890625 0.482421875 0.0578125 0.08203125
2 0.0640625 0.4169921875 0.128125 0.083984375
2 0.496875 0.4267578125 0.025 0.029296875
2 0.7828125 0.4267578125 0.06875 0.076171875
2 0.89296875 0.4365234375 0.2015625 0.103515625
2 0.60703125 0.4267578125 0.0421875 0.025390625
2 0.53671875 0.419921875 0.0734375 0.0390625
