0 0.20625 0.4814453125 0.0125 0.052734375
0 0.2265625 0.478515625 0.015625 0.05859375
0 0.6859375 0.4677734375 0.01875 0.060546875
0 0.665625 0.4658203125 0.015625 0.064453125
0 0.64375 0.46875 0.021875 0.05859375
0 0.55390625 0.4482421875 0.0078125 0.021484375
0 0.59140625 0.447265625 0.0109375 0.0234375
1 0.90546875 0.5439453125 0.0640625 0.072265625
2 0.27109375 0.47265625 0.0453125 0.0546875
2 0.353125 0.505859375 0.08125 0.0703125
2 0.334375 0.4619140625 0.0375 0.017578125
2 0.31484375 0.4638671875 0.0171875 0.025390625
2 0.44140625 0.4755859375 0.0421875 0.041015625
2 0.42265625 0.466796875 0.0328125 0.0390625
2 0.4 0.46484375 0.025 0.02734375
2 0.3859375 0.4638671875 0.015625 0.025390625
2 0.37421875 0.4619140625 0.0203125 0.021484375
2 0.30078125 0.4638671875 0.0171875 0.033203125
2 0.97421875 0.552734375 0.0515625 0.1484375
2 0.88828125 0.501953125 0.1546875 0.07421875
2 0.57421875 0.478515625 0.1078125 0.046875
2 0.6296875 0.4638671875 0.0625 0.044921875
2 0.94921875 0.8857421875 0.1078125 0.240234375
