0 0.159375 0.4384765625 0.009375 0.033203125
0 0.32421875 0.4609375 0.0171875 0.0625
0 0.3375 0.458984375 0.01875 0.06640625
0 0.53203125 0.4609375 0.0171875 0.07421875
0 0.59453125 0.5029296875 0.0234375 0.103515625
1 0.15546875 0.4755859375 0.0203125 0.041015625
1 0.6703125 0.4892578125 0.053125 0.048828125
1 0.68671875 0.48828125 0.0546875 0.05078125
1 0.30078125 0.4794921875 0.0390625 0.048828125
1 0.28359375 0.4833984375 0.0359375 0.052734375
1 0.25703125 0.4736328125 0.0296875 0.052734375
1 0.775 0.5087890625 0.06875 0.056640625
2 0.065625 0.4541015625 0.06875 0.052734375
2 0.11640625 0.4619140625 0.0640625 0.044921875
2 0.2109375 0.46875 0.090625 0.0546875
