0 0.846875 0.458984375 0.040625 0.10546875
0 0.77578125 0.462890625 0.0390625 0.10546875
0 0.78828125 0.4111328125 0.0171875 0.029296875
0 0.8171875 0.4580078125 0.03125 0.115234375
0 0.8296875 0.462890625 0.01875 0.09765625
0 0.6015625 0.4130859375 0.009375 0.033203125
0 0.071875 0.4423828125 0.01875 0.076171875
0 0.10703125 0.443359375 0.0265625 0.07421875
0 0.65703125 0.4140625 0.0171875 0.03125
2 0.6453125 0.46875 0.1875 0.078125
2 0.21953125 0.4775390625 0.1078125 0.103515625
2 0.73125 0.455078125 0.078125 0.07421875
2 0.434375 0.4462890625 0.0625 0.060546875
2 0.4171875 0.4326171875 0.05 0.048828125
2 0.39140625 0.427734375 0.0203125 0.03515625
2 0.3765625 0.4248046875 0.01875 0.029296875
2 0.36875 0.4208984375 0.015625 0.025390625
2 0.359375 0.419921875 0.0125 0.01953125
2 0.35234375 0.416015625 0.0109375 0.015625
2 0.346875 0.4150390625 0.009375 0.017578125
2 0.32890625 0.412109375 0.0140625 0.015625
2 0.31171875 0.4091796875 0.0171875 0.013671875
2 0.2890625 0.4267578125 0.040625 0.041015625
2 0.25625 0.416015625 0.025 0.02734375
2 0.165625 0.4296875 0.053125 0.0390625
2 0.18046875 0.416015625 0.0546875 0.03125
2 0.209375 0.4140625 0.025 0.02734375
2 0.228125 0.4111328125 0.028125 0.029296875
