0 0.8484375 0.5419921875 0.015625 0.029296875
0 0.75703125 0.5439453125 0.0140625 0.037109375
0 0.771875 0.5439453125 0.015625 0.037109375
0 0.6234375 0.5556640625 0.01875 0.060546875
0 0.53515625 0.546875 0.0078125 0.02734375
0 0.53984375 0.544921875 0.0078125 0.03515625
0 0.54609375 0.544921875 0.0078125 0.03125
0 0.553125 0.5458984375 0.009375 0.029296875
0 0.5609375 0.5458984375 0.00625 0.025390625
0 0.6859375 0.5439453125 0.01875 0.025390625
0 0.65546875 0.5439453125 0.0109375 0.025390625
0 0.6671875 0.5419921875 0.009375 0.025390625
0 0.70078125 0.54296875 0.0078125 0.015625
0 0.6375 0.5390625 0.00625 0.015625
6 0.23125 0.5849609375 0.196875 0.220703125
2 0.0984375 0.572265625 0.053125 0.046875
2 0.434375 0.8037109375 0.45 0.392578125
2 0.46953125 0.5830078125 0.1859375 0.068359375
2 0.51171875 0.5625 0.0890625 0.046875
2 0.6484375 0.58984375 0.06875 0.06640625
2 0.7546875 0.6806640625 0.28125 0.255859375
2 0.9296875 0.6513671875 0.13125 0.177734375
2 0.934375 0.5556640625 0.13125 0.107421875
