1 0.38203125 0.4638671875 0.0109375 0.017578125
2 0.80625 0.4384765625 0.040625 0.021484375
2 0.7578125 0.4228515625 0.015625 0.009765625
2 0.46484375 0.45703125 0.0109375 0.01171875
2 0.44765625 0.4443359375 0.0046875 0.005859375
2 0.4421875 0.447265625 0.003125 0.00390625
2 0.42265625 0.455078125 0.0078125 0.0078125
2 0.40859375 0.4580078125 0.0078125 0.005859375
2 0.39296875 0.458984375 0.0109375 0.01171875
2 0.35625 0.4619140625 0.01875 0.017578125
2 0.33984375 0.4619140625 0.0171875 0.017578125
2 0.30390625 0.4658203125 0.0203125 0.017578125
2 0.25078125 0.470703125 0.0359375 0.02734375
