0 0.053125 0.4609375 0.01875 0.078125
0 0.09296875 0.462890625 0.0140625 0.0859375
0 0.1046875 0.462890625 0.015625 0.08203125
0 0.12421875 0.4609375 0.0140625 0.0859375
0 0.14453125 0.455078125 0.0109375 0.0546875
0 0.1609375 0.462890625 0.015625 0.078125
0 0.17578125 0.462890625 0.0140625 0.05859375
0 0.60703125 0.4677734375 0.0171875 0.064453125
0 0.6203125 0.4697265625 0.0125 0.060546875
0 0.63125 0.4697265625 0.015625 0.064453125
0 0.64765625 0.46484375 0.0109375 0.05078125
0 0.65859375 0.46484375 0.0109375 0.046875
0 0.67734375 0.4619140625 0.0140625 0.041015625
2 0.4546875 0.453125 0.009375 0.0078125
2 0.4671875 0.4560546875 0.015625 0.017578125
2 0.48125 0.4580078125 0.015625 0.025390625
2 0.5046875 0.4599609375 0.0375 0.041015625
2 0.43359375 0.4560546875 0.0203125 0.021484375
2 0.4015625 0.455078125 0.009375 0.01171875
2 0.4125 0.4541015625 0.0125 0.013671875
2 0.38984375 0.455078125 0.0140625 0.015625
2 0.3234375 0.4560546875 0.040625 0.041015625
2 0.303125 0.4765625 0.078125 0.07421875
