0 0.51484375 0.529296875 0.0109375 0.03515625
0 0.52578125 0.5283203125 0.0109375 0.041015625
0 0.95859375 0.56640625 0.0203125 0.07421875
0 0.8640625 0.5517578125 0.015625 0.041015625
0 0.7484375 0.359375 0.015625 0.046875
2 0.91640625 0.5732421875 0.0671875 0.080078125
2 0.8078125 0.615234375 0.190625 0.15234375
2 0.4640625 0.5166015625 0.021875 0.025390625
2 0.48671875 0.513671875 0.0109375 0.01171875
2 0.41171875 0.5146484375 0.0296875 0.029296875
2 0.38671875 0.51171875 0.0203125 0.0234375
2 0.3125 0.509765625 0.03125 0.03515625
2 0.2109375 0.548828125 0.13125 0.07421875
2 0.0625 0.5341796875 0.075 0.052734375
2 0.01015625 0.53515625 0.0203125 0.06640625
2 0.34296875 0.5146484375 0.0234375 0.017578125
2 0.36015625 0.5107421875 0.0140625 0.017578125
2 0.37109375 0.51171875 0.0109375 0.015625
2 0.43046875 0.50390625 0.0140625 0.01171875
