0 0.9453125 0.4345703125 0.03125 0.083984375
0 0.921875 0.4541015625 0.01875 0.060546875
0 0.715625 0.46875 0.034375 0.1171875
0 0.68359375 0.4697265625 0.0234375 0.083984375
0 0.5875 0.458984375 0.0125 0.0390625
2 0.45625 0.4765625 0.146875 0.15625
2 0.36796875 0.46484375 0.0296875 0.0390625
2 0.31953125 0.4619140625 0.0265625 0.029296875
2 0.2953125 0.46484375 0.034375 0.0390625
2 0.2703125 0.4658203125 0.025 0.037109375
2 0.24375 0.466796875 0.040625 0.0390625
2 0.196875 0.4833984375 0.078125 0.072265625
2 0.09140625 0.478515625 0.1640625 0.12890625
