2 0.546875 0.4755859375 0.03125 0.037109375
2 0.52890625 0.4599609375 0.0140625 0.013671875
2 0.51015625 0.46484375 0.0140625 0.01953125
2 0.49296875 0.4658203125 0.0234375 0.033203125
2 0.43984375 0.46875 0.0265625 0.02734375
2 0.56640625 0.4609375 0.0140625 0.015625
2 0.546875 0.4482421875 0.009375 0.009765625
2 0.57890625 0.451171875 0.0078125 0.0078125
2 0.59296875 0.455078125 0.0078125 0.01171875
2 0.56171875 0.4453125 0.0078125 0.0078125
2 0.56875 0.447265625 0.009375 0.0078125
2 0.57734375 0.4443359375 0.0078125 0.005859375
