0 0.24765625 0.4833984375 0.0140625 0.052734375
0 0.178125 0.4853515625 0.01875 0.072265625
2 0.88046875 0.537109375 0.2390625 0.20703125
2 0.7390625 0.5205078125 0.134375 0.119140625
2 0.6640625 0.5009765625 0.090625 0.095703125
2 0.60390625 0.4931640625 0.0609375 0.060546875
2 0.5640625 0.4873046875 0.04375 0.044921875
2 0.5421875 0.48828125 0.01875 0.03515625
2 0.50078125 0.48828125 0.0234375 0.0234375
2 0.45234375 0.4853515625 0.0171875 0.021484375
2 0.42890625 0.486328125 0.0203125 0.01953125
2 0.4015625 0.4892578125 0.028125 0.021484375
2 0.37734375 0.490234375 0.0234375 0.015625
