0 0.39453125 0.44921875 0.0109375 0.01171875
2 0.90390625 0.7529296875 0.1921875 0.455078125
2 0.84765625 0.578125 0.3046875 0.28515625
2 0.72421875 0.54296875 0.1171875 0.19140625
2 0.65234375 0.5078125 0.0703125 0.078125
2 0.69140625 0.4736328125 0.0515625 0.052734375
2 0.6625 0.458984375 0.028125 0.0234375
2 0.64296875 0.4580078125 0.0171875 0.021484375
2 0.6234375 0.4677734375 0.028125 0.029296875
2 0.55859375 0.4560546875 0.0109375 0.017578125
2 0.54921875 0.4521484375 0.0109375 0.013671875
2 0.5421875 0.44921875 0.009375 0.01171875
2 0.5140625 0.4462890625 0.00625 0.009765625
2 0.50546875 0.447265625 0.0109375 0.01171875
2 0.4953125 0.447265625 0.0125 0.015625
2 0.49140625 0.453125 0.0109375 0.015625
2 0.478125 0.453125 0.021875 0.02734375
2 0.4640625 0.458984375 0.021875 0.02734375
2 0.45 0.46484375 0.01875 0.03515625
2 0.42890625 0.4658203125 0.0328125 0.044921875
2 0.42265625 0.4736328125 0.0265625 0.037109375
2 0.39453125 0.4755859375 0.0484375 0.041015625
2 0.33671875 0.486328125 0.0578125 0.0625
2 0.27265625 0.501953125 0.1078125 0.08984375
2 0.07578125 0.5478515625 0.1515625 0.173828125
2 0.25625 0.4638671875 0.06875 0.060546875
2 0.37890625 0.4462890625 0.0296875 0.017578125
14 0.60234375 0.5791015625 0.0171875 0.013671875
14 0.54453125 0.5380859375 0.0109375 0.009765625
14 0.57265625 0.525390625 0.0140625 0.0078125
