0 0.68125 0.447265625 0.025 0.0546875
0 0.7171875 0.455078125 0.025 0.03515625
0 0.746875 0.447265625 0.025 0.05078125
0 0.14609375 0.455078125 0.0109375 0.02734375
0 0.0921875 0.45703125 0.0125 0.02734375
0 0.11015625 0.4609375 0.0171875 0.03125
0 0.934375 0.4384765625 0.021875 0.044921875
1 0.04921875 0.5302734375 0.0421875 0.091796875
2 0.3625 0.474609375 0.01875 0.03125
2 0.340625 0.4775390625 0.040625 0.044921875
2 0.2765625 0.484375 0.1 0.10546875
2 0.45390625 0.4814453125 0.1265625 0.146484375
