2 0.44296875 0.455078125 0.0109375 0.01171875
2 0.46015625 0.453125 0.0109375 0.015625
2 0.44609375 0.4521484375 0.0109375 0.013671875
2 0.4828125 0.474609375 0.034375 0.0390625
2 0.49765625 0.4638671875 0.0296875 0.029296875
2 0.5203125 0.4755859375 0.021875 0.037109375
2 0.54140625 0.4755859375 0.0359375 0.064453125
2 0.5984375 0.4775390625 0.109375 0.111328125
2 0.4234375 0.458984375 0.01875 0.015625
2 0.74375 0.5009765625 0.18125 0.181640625
2 0.86015625 0.5478515625 0.2796875 0.232421875
2 0.271875 0.490234375 0.153125 0.15625
