0 0.809375 0.4228515625 0.028125 0.068359375
0 0.8484375 0.4462890625 0.028125 0.095703125
0 0.44296875 0.455078125 0.0078125 0.01953125
0 0.46171875 0.474609375 0.0109375 0.0390625
2 0.3515625 0.404296875 0.015625 0.015625
2 0.334375 0.41796875 0.015625 0.01953125
2 0.36953125 0.4228515625 0.0203125 0.021484375
2 0.35 0.466796875 0.03125 0.03515625
2 0.25234375 0.4716796875 0.0359375 0.044921875
2 0.17265625 0.4794921875 0.0421875 0.048828125
2 0.21875 0.4912109375 0.053125 0.048828125
2 0.33515625 0.48828125 0.0578125 0.0625
2 0.42578125 0.5009765625 0.0828125 0.080078125
