4 0.56953125 0.515625 0.0234375 0.03515625
0 0.9375 0.5234375 0.009375 0.0234375
0 0.84921875 0.5244140625 0.0078125 0.017578125
0 0.925 0.5244140625 0.009375 0.021484375
0 0.1296875 0.5478515625 0.009375 0.029296875
0 0.1484375 0.552734375 0.0125 0.0390625
0 0.1625 0.5458984375 0.00625 0.025390625
0 0.20625 0.54296875 0.00625 0.015625
2 0.709375 0.5654296875 0.084375 0.076171875
2 0.64140625 0.5458984375 0.0390625 0.037109375
2 0.53046875 0.5634765625 0.0828125 0.091796875
2 0.453125 0.5537109375 0.05 0.052734375
2 0.409375 0.5810546875 0.075 0.080078125
2 0.2609375 0.5634765625 0.078125 0.083984375
2 0.184375 0.5712890625 0.05625 0.056640625
2 0.0703125 0.5947265625 0.140625 0.126953125
2 0.36640625 0.552734375 0.0328125 0.03125
2 0.59140625 0.552734375 0.0328125 0.0390625
