4 0.840625 0.431640625 0.31875 0.47265625
0 0.05546875 0.55078125 0.0203125 0.05859375
2 0.14453125 0.5693359375 0.1484375 0.130859375
2 0.2296875 0.5224609375 0.04375 0.029296875
2 0.29453125 0.6123046875 0.2703125 0.201171875
2 0.3578125 0.5126953125 0.0625 0.052734375
2 0.42109375 0.5087890625 0.0453125 0.044921875
2 0.45859375 0.494140625 0.0171875 0.01953125
2 0.59375 0.619140625 0.25625 0.296875
2 0.74609375 0.509765625 0.0765625 0.07421875
2 0.71875 0.48046875 0.034375 0.03125
2 0.7609375 0.470703125 0.03125 0.02734375
2 0.57890625 0.4638671875 0.1046875 0.017578125
2 0.496875 0.4951171875 0.028125 0.029296875
2 0.30859375 0.50390625 0.0296875 0.01953125
