0 0.665625 0.4873046875 0.025 0.080078125
0 0.6390625 0.4873046875 0.021875 0.076171875
0 0.58671875 0.4794921875 0.0234375 0.064453125
0 0.5640625 0.4794921875 0.021875 0.064453125
0 0.1734375 0.4755859375 0.028125 0.119140625
0 0.1328125 0.474609375 0.046875 0.12890625
2 0.8484375 0.5283203125 0.303125 0.216796875
2 0.53046875 0.4716796875 0.0453125 0.033203125
2 0.49296875 0.4697265625 0.0296875 0.029296875
2 0.4671875 0.4716796875 0.05 0.033203125
2 0.42578125 0.466796875 0.0453125 0.04296875
2 0.06484375 0.4775390625 0.1296875 0.126953125
2 0.36328125 0.4609375 0.0640625 0.03515625
2 0.30859375 0.46484375 0.0453125 0.0390625
14 0.28671875 0.46875 0.2984375 0.078125
