0 0.16171875 0.470703125 0.0203125 0.0703125
0 0.14921875 0.4716796875 0.0140625 0.072265625
0 0.19296875 0.49609375 0.0546875 0.17578125
0 0.265625 0.498046875 0.08125 0.16796875
0 0.328125 0.49609375 0.075 0.1796875
0 0.378125 0.4931640625 0.04375 0.173828125
0 0.85546875 0.455078125 0.0609375 0.2578125
2 0.03203125 0.494140625 0.0640625 0.078125
2 0.23828125 0.4697265625 0.0390625 0.052734375
2 0.42578125 0.4560546875 0.0296875 0.037109375
2 0.48046875 0.455078125 0.0078125 0.0078125
2 0.465625 0.4560546875 0.009375 0.005859375
2 0.5015625 0.458984375 0.040625 0.04296875
