0 0.65546875 0.453125 0.0078125 0.03515625
0 0.7984375 0.44921875 0.015625 0.046875
0 0.4203125 0.4462890625 0.00625 0.021484375
1 0.51953125 0.462890625 0.0109375 0.02734375
2 0.79765625 0.5771484375 0.2453125 0.224609375
2 0.6609375 0.521484375 0.103125 0.1015625
2 0.615625 0.4931640625 0.0625 0.072265625
2 0.590625 0.482421875 0.0375 0.05859375
2 0.55 0.4521484375 0.03125 0.041015625
2 0.528125 0.4443359375 0.0125 0.017578125
2 0.44765625 0.44921875 0.0203125 0.0234375
2 0.471875 0.4541015625 0.028125 0.033203125
2 0.61796875 0.4462890625 0.0234375 0.025390625
2 0.43046875 0.443359375 0.0140625 0.015625
2 0.35859375 0.4814453125 0.0265625 0.060546875
2 0.31015625 0.501953125 0.1015625 0.10546875
2 0.57109375 0.4404296875 0.0109375 0.013671875
2 0.490625 0.4423828125 0.0125 0.013671875
