0 0.58359375 0.46484375 0.0484375 0.12890625
0 0.2609375 0.4560546875 0.021875 0.064453125
0 0.23125 0.447265625 0.009375 0.03125
0 0.2453125 0.453125 0.009375 0.01953125
0 0.01328125 0.4306640625 0.0265625 0.162109375
1 0.1484375 0.455078125 0.05 0.04296875
1 0.1125 0.44921875 0.046875 0.05078125
2 0.80078125 0.4912109375 0.3984375 0.208984375
2 0.68984375 0.4365234375 0.0828125 0.037109375
2 0.5546875 0.4560546875 0.040625 0.064453125
2 0.53125 0.4658203125 0.01875 0.033203125
2 0.50703125 0.46484375 0.0203125 0.02734375
2 0.48203125 0.4619140625 0.0328125 0.033203125
2 0.4609375 0.4619140625 0.0125 0.025390625
2 0.4390625 0.4580078125 0.015625 0.017578125
2 0.39375 0.4619140625 0.025 0.041015625
2 0.41015625 0.4599609375 0.0171875 0.029296875
2 0.37421875 0.4560546875 0.0234375 0.060546875
2 0.35390625 0.4560546875 0.0484375 0.064453125
2 0.3203125 0.4677734375 0.090625 0.068359375
