0 0.23125 0.4912109375 0.021875 0.068359375
0 0.771875 0.4658203125 0.0125 0.044921875
0 0.85390625 0.4677734375 0.0109375 0.033203125
0 0.7921875 0.4638671875 0.009375 0.048828125
1 0.71796875 0.4912109375 0.0234375 0.033203125
2 0.55859375 0.47265625 0.0328125 0.03125
2 0.53984375 0.4599609375 0.0109375 0.025390625
2 0.525 0.4619140625 0.025 0.029296875
2 0.56875 0.466796875 0.021875 0.02734375
2 0.625 0.44921875 0.0125 0.01171875
2 0.6125 0.4462890625 0.009375 0.009765625
2 0.64453125 0.4521484375 0.0171875 0.017578125
