4 0.45390625 0.4609375 0.0265625 0.0390625
0 0.778125 0.458984375 0.021875 0.09375
0 0.80625 0.4287109375 0.0375 0.076171875
0 0.10390625 0.4609375 0.0203125 0.0390625
2 0.4078125 0.462890625 0.009375 0.0078125
2 0.39765625 0.4619140625 0.0078125 0.009765625
2 0.3921875 0.4658203125 0.0125 0.013671875
2 0.3640625 0.4716796875 0.015625 0.017578125
2 0.421875 0.470703125 0.0125 0.01171875
2 0.33359375 0.4638671875 0.0421875 0.048828125
2 0.05703125 0.494140625 0.1140625 0.09765625
2 0.88359375 0.546875 0.2328125 0.48828125
