0 0.47265625 0.4619140625 0.0078125 0.029296875
0 0.4671875 0.458984375 0.00625 0.0234375
0 0.45078125 0.4541015625 0.0046875 0.013671875
0 0.44140625 0.4599609375 0.0078125 0.021484375
0 0.4359375 0.458984375 0.00625 0.0234375
0 0.42890625 0.458984375 0.0078125 0.0234375
0 0.38671875 0.46484375 0.0078125 0.03515625
0 0.38046875 0.4638671875 0.0078125 0.033203125
0 0.37109375 0.4638671875 0.0078125 0.033203125
2 0.74453125 0.546875 0.1265625 0.109375
2 0.690625 0.5224609375 0.06875 0.083984375
2 0.6609375 0.5 0.075 0.078125
2 0.71328125 0.4697265625 0.0390625 0.021484375
2 0.6171875 0.4892578125 0.040625 0.052734375
2 0.6046875 0.484375 0.025 0.04296875
2 0.60078125 0.4794921875 0.0265625 0.037109375
2 0.5953125 0.4736328125 0.040625 0.044921875
2 0.56484375 0.46484375 0.0203125 0.0234375
2 0.5546875 0.462890625 0.0125 0.01953125
2 0.5484375 0.4599609375 0.009375 0.013671875
2 0.5390625 0.4599609375 0.009375 0.013671875
2 0.53515625 0.455078125 0.0109375 0.01171875
2 0.525 0.4521484375 0.009375 0.009765625
2 0.5125 0.4619140625 0.021875 0.021484375
2 0.49609375 0.455078125 0.0109375 0.0078125
2 0.74140625 0.466796875 0.0171875 0.0234375
