0 0.1265625 0.494140625 0.0125 0.04296875
0 0.1421875 0.4931640625 0.015625 0.052734375
0 0.2046875 0.4873046875 0.009375 0.037109375
0 0.215625 0.4931640625 0.009375 0.033203125
0 0.2234375 0.4931640625 0.009375 0.033203125
0 0.23671875 0.4921875 0.0109375 0.0390625
0 0.709375 0.455078125 0.015625 0.046875
0 0.7234375 0.455078125 0.015625 0.05078125
0 0.7375 0.45703125 0.0125 0.04296875
0 0.7515625 0.4521484375 0.015625 0.052734375
0 0.78828125 0.4521484375 0.0109375 0.037109375
0 0.615625 0.474609375 0.009375 0.03125
6 0.4546875 0.466796875 0.065625 0.08984375
2 0.41015625 0.48828125 0.0265625 0.04296875
2 0.3875 0.4931640625 0.01875 0.029296875
2 0.35234375 0.4892578125 0.0359375 0.037109375
14 0.65 0.4638671875 0.08125 0.048828125
2 0.5015625 0.48828125 0.01875 0.046875
2 0.55390625 0.50390625 0.1109375 0.1171875
