0 0.2578125 0.482421875 0.015625 0.0390625
0 0.3 0.4765625 0.0125 0.02734375
0 0.18203125 0.4892578125 0.0203125 0.052734375
0 0.3671875 0.478515625 0.009375 0.015625
0 0.37421875 0.48046875 0.0078125 0.01953125
0 0.86171875 0.490234375 0.0328125 0.078125
0 0.75390625 0.48046875 0.0140625 0.03125
0 0.68046875 0.482421875 0.0203125 0.03125
0 0.64140625 0.482421875 0.0140625 0.0234375
0 0.3953125 0.48046875 0.00625 0.015625
2 0.34921875 0.5126953125 0.0703125 0.060546875
2 0.55078125 0.4931640625 0.0359375 0.041015625
2 0.52109375 0.4892578125 0.0171875 0.017578125
2 0.51484375 0.48046875 0.0078125 0.0078125
2 0.528125 0.482421875 0.009375 0.01171875
2 0.47578125 0.4912109375 0.0234375 0.021484375
