0 0.9796875 0.5625 0.040625 0.3125
2 0.88359375 0.5009765625 0.1859375 0.142578125
2 0.83203125 0.466796875 0.0609375 0.0234375
2 0.74921875 0.4677734375 0.0640625 0.017578125
2 0.59609375 0.4677734375 0.0796875 0.017578125
2 0.64140625 0.4638671875 0.0515625 0.017578125
2 0.54453125 0.4638671875 0.0421875 0.009765625
2 0.3578125 0.4619140625 0.015625 0.021484375
2 0.3390625 0.4599609375 0.028125 0.037109375
2 0.31015625 0.4736328125 0.0484375 0.044921875
2 0.11796875 0.4736328125 0.0734375 0.056640625
2 0.1609375 0.4697265625 0.05 0.048828125
2 0.21171875 0.447265625 0.0453125 0.02734375
2 0.2421875 0.4501953125 0.015625 0.013671875
2 0.0234375 0.451171875 0.046875 0.0390625
2 0.41953125 0.4765625 0.0734375 0.08203125
2 0.06484375 0.453125 0.0265625 0.01953125
