0 0.83671875 0.509765625 0.1359375 0.4140625
0 0.73203125 0.50390625 0.1171875 0.4453125
0 0.67890625 0.5 0.0609375 0.33984375
0 0.625 0.5009765625 0.0875 0.349609375
0 0.584375 0.48046875 0.040625 0.21484375
0 0.54296875 0.4833984375 0.0671875 0.220703125
0 0.3765625 0.4521484375 0.040625 0.119140625
0 0.33125 0.4501953125 0.040625 0.126953125
0 0.271875 0.451171875 0.01875 0.046875
0 0.05859375 0.447265625 0.0078125 0.0234375
0 0.05078125 0.4462890625 0.0078125 0.021484375
0 0.04453125 0.4443359375 0.0046875 0.017578125
2 0.9265625 0.4892578125 0.146875 0.146484375
2 0.20859375 0.458984375 0.0578125 0.05859375
2 0.17265625 0.4482421875 0.0203125 0.021484375
2 0.15546875 0.447265625 0.0171875 0.01953125
2 0.1234375 0.4482421875 0.025 0.025390625
2 0.0203125 0.453125 0.040625 0.04296875
