0 0.10078125 0.4990234375 0.0046875 0.013671875
0 0.10703125 0.5029296875 0.0078125 0.025390625
0 0.12734375 0.5078125 0.0078125 0.03125
0 0.13828125 0.5048828125 0.0078125 0.033203125
0 0.20546875 0.5361328125 0.0234375 0.087890625
0 0.225 0.5068359375 0.00625 0.021484375
0 0.23125 0.505859375 0.00625 0.0234375
0 0.575 0.5205078125 0.00625 0.025390625
0 0.60625 0.521484375 0.00625 0.0234375
0 0.6171875 0.5185546875 0.00625 0.025390625
0 0.62890625 0.5205078125 0.0046875 0.021484375
0 0.6609375 0.5205078125 0.00625 0.021484375
0 0.671875 0.521484375 0.00625 0.01953125
0 0.79296875 0.525390625 0.0078125 0.02734375
0 0.7828125 0.5244140625 0.00625 0.029296875
0 0.7734375 0.5224609375 0.00625 0.029296875
0 0.64296875 0.5234375 0.0046875 0.01953125
6 0.47890625 0.478515625 0.1421875 0.16015625
2 0.37734375 0.591796875 0.1828125 0.19921875
2 0.63125 0.6328125 0.153125 0.16015625
2 0.44921875 0.7138671875 0.3296875 0.326171875
2 0.20546875 0.5458984375 0.1046875 0.080078125
