0 0.54140625 0.4873046875 0.0078125 0.044921875
1 0.746875 0.54296875 0.05625 0.1015625
1 0.66953125 0.5283203125 0.0203125 0.064453125
1 0.62265625 0.515625 0.0140625 0.03515625
1 0.58984375 0.505859375 0.0078125 0.03515625
1 0.5796875 0.505859375 0.0125 0.05078125
1 0.5546875 0.501953125 0.009375 0.03125
1 0.534375 0.5009765625 0.009375 0.025390625
2 0.45234375 0.4853515625 0.0171875 0.013671875
2 0.31796875 0.48046875 0.0640625 0.06640625
2 0.20390625 0.490234375 0.1015625 0.09375
2 0.06015625 0.5263671875 0.1203125 0.150390625
