1 0.86796875 0.49609375 0.0546875 0.078125
6 0.52578125 0.4375 0.0265625 0.0390625
2 0.6421875 0.458984375 0.075 0.0546875
2 0.60546875 0.455078125 0.0328125 0.046875
2 0.590625 0.45703125 0.01875 0.03515625
2 0.58125 0.4501953125 0.03125 0.041015625
2 0.54375 0.447265625 0.028125 0.02734375
2 0.475 0.4462890625 0.0125 0.013671875
2 0.46640625 0.4462890625 0.0109375 0.009765625
2 0.446875 0.44921875 0.015625 0.01171875
2 0.36328125 0.47265625 0.1328125 0.125
2 0.48671875 0.443359375 0.0078125 0.0078125
