0 0.6140625 0.4755859375 0.0125 0.033203125
0 0.59140625 0.474609375 0.0109375 0.0390625
0 0.60078125 0.47265625 0.0109375 0.03515625
0 0.58125 0.4765625 0.009375 0.02734375
0 0.57109375 0.47265625 0.0109375 0.03125
0 0.56171875 0.4775390625 0.0109375 0.037109375
0 0.55234375 0.4755859375 0.0109375 0.029296875
0 0.05625 0.4775390625 0.025 0.068359375
0 0.1 0.4814453125 0.0125 0.044921875
0 0.125 0.4833984375 0.0125 0.044921875
2 0.453125 0.4912109375 0.08125 0.080078125
2 0.37265625 0.474609375 0.0234375 0.0234375
2 0.28203125 0.486328125 0.0671875 0.0625
