0 0.70078125 0.494140625 0.0359375 0.10546875
0 0.746875 0.4931640625 0.046875 0.107421875
0 0.825 0.4833984375 0.046875 0.115234375
2 0.49453125 0.466796875 0.0078125 0.0078125
2 0.5 0.470703125 0.009375 0.01171875
2 0.509375 0.470703125 0.009375 0.01171875
2 0.4765625 0.47265625 0.009375 0.01171875
2 0.075 0.5126953125 0.06875 0.060546875
2 0.03046875 0.5283203125 0.0609375 0.095703125
2 0.13203125 0.5068359375 0.0609375 0.064453125
2 0.17734375 0.51171875 0.1015625 0.08203125
2 0.4046875 0.515625 0.153125 0.09765625
