0 0.13203125 0.5595703125 0.0390625 0.060546875
0 0.0953125 0.5634765625 0.034375 0.052734375
0 0.4265625 0.5419921875 0.00625 0.021484375
2 0.2421875 0.6240234375 0.046875 0.048828125
2 0.12890625 0.724609375 0.2578125 0.26171875
2 0.4921875 0.5458984375 0.021875 0.021484375
2 0.4625 0.5439453125 0.046875 0.025390625
2 0.47265625 0.5634765625 0.0734375 0.037109375
2 0.47890625 0.5908203125 0.0859375 0.064453125
2 0.4015625 0.7119140625 0.275 0.310546875
2 0.51953125 0.55078125 0.0328125 0.03125
2 0.53046875 0.5634765625 0.0390625 0.041015625
2 0.5484375 0.5732421875 0.034375 0.052734375
2 0.58203125 0.5888671875 0.0703125 0.083984375
2 0.61875 0.59765625 0.084375 0.08203125
2 0.65390625 0.6455078125 0.1515625 0.154296875
2 0.85078125 0.701171875 0.2984375 0.35546875
2 0.975 0.8994140625 0.05 0.201171875
