0 0.87421875 0.4326171875 0.0109375 0.041015625
0 0.88125 0.4306640625 0.0125 0.041015625
0 0.89609375 0.43359375 0.0109375 0.03515625
0 0.90859375 0.447265625 0.0109375 0.02734375
0 0.93359375 0.4501953125 0.0140625 0.033203125
0 0.04609375 0.4619140625 0.0171875 0.033203125
0 0.05546875 0.46484375 0.0140625 0.03125
0 0.27578125 0.44921875 0.0109375 0.0390625
0 0.2859375 0.4501953125 0.015625 0.044921875
0 0.42734375 0.43359375 0.0078125 0.01953125
1 0.14140625 0.490234375 0.0265625 0.05078125
1 0.17109375 0.4853515625 0.0203125 0.044921875
1 0.190625 0.4873046875 0.028125 0.044921875
1 0.65234375 0.4677734375 0.0203125 0.044921875
1 0.753125 0.4912109375 0.025 0.068359375
1 0.76484375 0.494140625 0.0203125 0.05859375
1 0.7953125 0.486328125 0.040625 0.078125
2 0.471875 0.435546875 0.009375 0.01171875
2 0.4625 0.4345703125 0.015625 0.017578125
2 0.53125 0.4306640625 0.021875 0.021484375
2 0.51484375 0.4423828125 0.0515625 0.033203125
2 0.5515625 0.455078125 0.025 0.0390625
2 0.5734375 0.4638671875 0.040625 0.056640625
2 0.6078125 0.4833984375 0.06875 0.076171875
2 0.05546875 0.4580078125 0.0796875 0.041015625
