0 0.978125 0.5244140625 0.04375 0.115234375
0 0.83671875 0.4873046875 0.0296875 0.091796875
0 0.81171875 0.4912109375 0.0203125 0.087890625
0 0.75390625 0.4951171875 0.0234375 0.119140625
0 0.175 0.4736328125 0.0125 0.041015625
0 0.12421875 0.482421875 0.0109375 0.06640625
0 0.10625 0.4833984375 0.021875 0.072265625
0 0.01328125 0.4873046875 0.0171875 0.076171875
0 0.0515625 0.48046875 0.01875 0.06640625
0 0.06875 0.4775390625 0.021875 0.072265625
0 0.61328125 0.4775390625 0.0109375 0.033203125
1 0.725 0.48828125 0.015625 0.0390625
2 0.471875 0.5263671875 0.184375 0.197265625
2 0.24140625 0.5185546875 0.1453125 0.119140625
