1 0.8671875 0.55859375 0.025 0.03515625
2 0.0984375 0.5703125 0.1 0.05859375
2 0.14453125 0.5546875 0.0515625 0.046875
2 0.2015625 0.5595703125 0.0625 0.048828125
2 0.2984375 0.5703125 0.0625 0.0546875
2 0.34296875 0.55859375 0.0390625 0.04296875
2 0.38203125 0.55859375 0.0515625 0.046875
2 0.42265625 0.55078125 0.0296875 0.03125
2 0.4859375 0.5517578125 0.059375 0.044921875
2 0.55703125 0.58203125 0.0984375 0.1015625
2 0.6203125 0.5576171875 0.04375 0.048828125
2 0.67578125 0.55859375 0.0703125 0.08984375
2 0.74453125 0.6025390625 0.1515625 0.154296875
2 0.96875 0.865234375 0.0625 0.26953125
