0 0.2234375 0.44921875 0.021875 0.07421875
0 0.24375 0.451171875 0.021875 0.078125
0 0.2671875 0.455078125 0.021875 0.0703125
0 0.31015625 0.453125 0.0234375 0.07421875
0 0.33203125 0.451171875 0.0265625 0.078125
0 0.36328125 0.451171875 0.0203125 0.078125
0 0.37578125 0.4580078125 0.0234375 0.091796875
0 0.39375 0.4599609375 0.01875 0.091796875
0 0.41015625 0.46875 0.0328125 0.1171875
0 0.45859375 0.46875 0.0234375 0.1015625
0 0.4796875 0.4736328125 0.034375 0.115234375
0 0.528125 0.466796875 0.028125 0.09765625
0 0.8390625 0.4755859375 0.053125 0.208984375
0 0.80078125 0.4853515625 0.0609375 0.197265625
0 0.67421875 0.443359375 0.0296875 0.078125
2 0.51328125 0.4521484375 0.1796875 0.080078125
2 0.1078125 0.55078125 0.215625 0.2734375
14 0.69765625 0.4716796875 0.1546875 0.185546875
