4 0.71484375 0.4619140625 0.0796875 0.119140625
4 0.66875 0.4599609375 0.021875 0.048828125
4 0.95546875 0.4140625 0.0890625 0.2109375
2 0.09140625 0.5615234375 0.1484375 0.099609375
2 0.2296875 0.5439453125 0.071875 0.060546875
2 0.3015625 0.5419921875 0.1125 0.087890625
2 0.3953125 0.5185546875 0.078125 0.076171875
2 0.4421875 0.5068359375 0.01875 0.033203125
2 0.4703125 0.5087890625 0.05 0.048828125
2 0.49921875 0.4990234375 0.0140625 0.025390625
2 0.51875 0.4912109375 0.01875 0.017578125
2 0.5390625 0.4873046875 0.021875 0.017578125
2 0.54921875 0.4853515625 0.0140625 0.017578125
2 0.56875 0.482421875 0.0125 0.015625
2 0.5578125 0.4833984375 0.009375 0.013671875
2 0.890625 0.564453125 0.21875 0.2265625
2 0.60234375 0.515625 0.0609375 0.0859375
2 0.77109375 0.478515625 0.0296875 0.03125
