0 0.1125 0.5625 0.034375 0.046875
0 0.14765625 0.560546875 0.0328125 0.05078125
2 0.13828125 0.70703125 0.2765625 0.24609375
2 0.4078125 0.7216796875 0.26875 0.283203125
2 0.94453125 0.86328125 0.1109375 0.2734375
2 0.84375 0.685546875 0.3125 0.32421875
2 0.6453125 0.6435546875 0.140625 0.142578125
2 0.6171875 0.595703125 0.084375 0.0703125
2 0.58359375 0.5859375 0.0671875 0.07421875
2 0.54921875 0.576171875 0.0296875 0.0546875
2 0.53203125 0.5634765625 0.0421875 0.044921875
2 0.51640625 0.5556640625 0.0359375 0.037109375
2 0.4609375 0.58984375 0.1 0.0703125
2 0.46171875 0.5458984375 0.0453125 0.025390625
2 0.49453125 0.556640625 0.0265625 0.03515625
