0 0.734375 0.46875 0.0125 0.0390625
0 0.72421875 0.470703125 0.0078125 0.03125
0 0.76953125 0.44921875 0.0078125 0.02734375
0 0.83515625 0.44140625 0.0078125 0.015625
2 0.103125 0.4931640625 0.04375 0.041015625
2 0.18203125 0.498046875 0.1015625 0.05078125
2 0.284375 0.50390625 0.128125 0.09375
2 0.39609375 0.4892578125 0.0421875 0.037109375
2 0.42890625 0.490234375 0.0328125 0.0390625
2 0.4609375 0.484375 0.053125 0.046875
2 0.6390625 0.4814453125 0.021875 0.025390625
2 0.61328125 0.4736328125 0.0359375 0.041015625
2 0.57734375 0.4765625 0.0578125 0.0625
2 0.80625 0.46875 0.109375 0.046875
