4 0.609375 0.4482421875 0.128125 0.166015625
0 0.16875 0.5146484375 0.01875 0.044921875
2 0.04375 0.5576171875 0.0875 0.087890625
2 0.2140625 0.50390625 0.046875 0.01953125
2 0.2171875 0.556640625 0.146875 0.109375
2 0.3375 0.5126953125 0.065625 0.056640625
2 0.41953125 0.5068359375 0.0578125 0.056640625
2 0.47578125 0.5205078125 0.0765625 0.095703125
2 0.58828125 0.5791015625 0.1859375 0.220703125
2 0.71484375 0.4921875 0.0359375 0.0703125
2 0.75625 0.5009765625 0.078125 0.095703125
2 0.80078125 0.5224609375 0.1078125 0.119140625
2 0.8578125 0.564453125 0.096875 0.1953125
2 0.97265625 0.4833984375 0.0546875 0.107421875
2 0.88359375 0.455078125 0.0421875 0.03515625
2 0.275 0.5224609375 0.028125 0.041015625
2 0.296875 0.5087890625 0.021875 0.029296875
2 0.51796875 0.48046875 0.0140625 0.015625
