0 0.590625 0.4658203125 0.009375 0.025390625
0 0.56328125 0.4638671875 0.0078125 0.029296875
1 0.68359375 0.5556640625 0.0203125 0.076171875
2 0.33515625 0.4716796875 0.0515625 0.044921875
2 0.3625 0.4638671875 0.04375 0.044921875
2 0.390625 0.4658203125 0.021875 0.037109375
2 0.46875 0.466796875 0.0375 0.03515625
2 0.446875 0.4638671875 0.015625 0.017578125
2 0.4078125 0.46875 0.021875 0.03125
2 0.4203125 0.4658203125 0.01875 0.029296875
2 0.50859375 0.4658203125 0.0140625 0.013671875
2 0.49296875 0.4677734375 0.0109375 0.009765625
1 0.5421875 0.4697265625 0.009375 0.021484375
