2 0.86328125 0.5126953125 0.2734375 0.205078125
2 0.61171875 0.451171875 0.0921875 0.09765625
2 0.05625 0.4912109375 0.1125 0.181640625
2 0.19609375 0.478515625 0.1171875 0.0859375
2 0.253125 0.466796875 0.065625 0.06640625
2 0.28671875 0.4609375 0.0609375 0.05859375
2 0.321875 0.455078125 0.028125 0.046875
2 0.521875 0.4423828125 0.025 0.021484375
2 0.48671875 0.435546875 0.0140625 0.015625
2 0.425 0.435546875 0.01875 0.01953125
2 0.43984375 0.43359375 0.0109375 0.015625
2 0.4453125 0.427734375 0.009375 0.0078125
2 0.38671875 0.439453125 0.0234375 0.0234375
14 0.59375 0.419921875 0.09375 0.11328125
