0 0.0875 0.5625 0.009375 0.03125
0 0.1015625 0.560546875 0.00625 0.0234375
0 0.16015625 0.5654296875 0.0140625 0.029296875
0 0.18984375 0.5654296875 0.0140625 0.029296875
0 0.2703125 0.5654296875 0.009375 0.033203125
0 0.27734375 0.5654296875 0.0078125 0.029296875
0 0.29296875 0.5634765625 0.0109375 0.029296875
0 0.409375 0.5869140625 0.015625 0.044921875
0 0.42109375 0.5869140625 0.0171875 0.041015625
0 0.43984375 0.583984375 0.0109375 0.03125
0 0.4484375 0.5859375 0.0125 0.02734375
0 0.07109375 0.5615234375 0.0078125 0.021484375
2 0.2171875 0.5537109375 0.015625 0.013671875
2 0.1984375 0.552734375 0.0125 0.01171875
2 0.14609375 0.5615234375 0.0140625 0.021484375
