4 0.55078125 0.384765625 0.0546875 0.08984375
4 0.4453125 0.37890625 0.115625 0.13671875
4 0.78046875 0.3955078125 0.0265625 0.044921875
2 0.97109375 0.6162109375 0.0578125 0.248046875
2 0.97734375 0.43359375 0.0453125 0.03515625
2 0.79140625 0.4169921875 0.0234375 0.025390625
2 0.703125 0.4462890625 0.115625 0.099609375
2 0.6328125 0.4306640625 0.06875 0.068359375
2 0.61640625 0.4169921875 0.0484375 0.052734375
2 0.5390625 0.4169921875 0.053125 0.056640625
2 0.50234375 0.40625 0.0171875 0.03125
2 0.7375 0.3994140625 0.01875 0.017578125
2 0.61484375 0.3876953125 0.0390625 0.009765625
2 0.584375 0.4052734375 0.01875 0.017578125
2 0.1234375 0.56640625 0.246875 0.4921875
2 0.51171875 0.40234375 0.0140625 0.0234375
