0 0.15859375 0.5029296875 0.0515625 0.208984375
0 0.209375 0.5146484375 0.059375 0.181640625
0 0.37421875 0.5107421875 0.0984375 0.228515625
0 0.49453125 0.5 0.0734375 0.19140625
0 0.58515625 0.4951171875 0.0796875 0.189453125
0 0.6890625 0.46875 0.040625 0.1328125
0 0.71171875 0.4599609375 0.0203125 0.119140625
0 0.7578125 0.4697265625 0.040625 0.134765625
0 0.80859375 0.4462890625 0.0109375 0.044921875
2 0.44453125 0.458984375 0.0109375 0.01171875
2 0.51875 0.4658203125 0.025 0.048828125
2 0.6203125 0.4638671875 0.184375 0.103515625
2 0.25234375 0.470703125 0.0578125 0.05078125
