0 0.4234375 0.439453125 0.00625 0.01953125
0 0.27265625 0.4560546875 0.0109375 0.041015625
0 0.2875 0.4580078125 0.0125 0.044921875
0 0.06171875 0.46875 0.0265625 0.03515625
0 0.8859375 0.44140625 0.015625 0.04296875
0 0.8671875 0.439453125 0.015625 0.04296875
1 0.78046875 0.501953125 0.0265625 0.06640625
1 0.746875 0.498046875 0.025 0.0625
1 0.734375 0.5009765625 0.025 0.056640625
1 0.190625 0.48828125 0.040625 0.046875
1 0.1515625 0.4921875 0.021875 0.046875
1 0.1234375 0.5107421875 0.059375 0.056640625
1 0.7921875 0.4755859375 0.04375 0.037109375
2 0.546875 0.4609375 0.025 0.0390625
2 0.56796875 0.466796875 0.0421875 0.05078125
2 0.59921875 0.48828125 0.0671875 0.0703125
2 0.52421875 0.4462890625 0.0296875 0.029296875
2 0.4796875 0.447265625 0.04375 0.02734375
2 0.4578125 0.4384765625 0.015625 0.017578125
2 0.50625 0.439453125 0.0125 0.015625
2 0.43203125 0.443359375 0.0109375 0.01171875
2 0.06796875 0.4638671875 0.0828125 0.041015625
