0 0.38203125 0.478515625 0.0171875 0.02734375
0 0.3359375 0.490234375 0.015625 0.0703125
0 0.3546875 0.4912109375 0.01875 0.068359375
2 0.5640625 0.4892578125 0.0375 0.037109375
2 0.528125 0.50390625 0.05625 0.09765625
2 0.64921875 0.478515625 0.1421875 0.125
2 0.453125 0.5078125 0.140625 0.16015625
2 0.71484375 0.5029296875 0.1859375 0.162109375
2 0.7859375 0.513671875 0.140625 0.1484375
2 0.82421875 0.5283203125 0.0953125 0.166015625
2 0.9171875 0.51953125 0.165625 0.23046875
2 0.96875 0.5419921875 0.0625 0.271484375
