0 0.7078125 0.46484375 0.025 0.1171875
0 0.67109375 0.4697265625 0.0296875 0.126953125
0 0.63359375 0.435546875 0.0140625 0.05859375
0 0.64453125 0.474609375 0.0390625 0.140625
0 0.58359375 0.466796875 0.0328125 0.1328125
0 0.55625 0.4765625 0.03125 0.12890625
0 0.52578125 0.4609375 0.0296875 0.1015625
0 0.49609375 0.4521484375 0.0296875 0.095703125
0 0.4734375 0.455078125 0.021875 0.08984375
0 0.42734375 0.45703125 0.0296875 0.0859375
0 0.3859375 0.4521484375 0.021875 0.083984375
0 0.40234375 0.4521484375 0.0328125 0.091796875
2 0.6953125 0.451171875 0.203125 0.09375
2 0.915625 0.455078125 0.16875 0.10546875
2 0.0125 0.4423828125 0.025 0.044921875
2 0.11015625 0.5107421875 0.1859375 0.185546875
14 0.9328125 0.5078125 0.1 0.13671875
