0 0.9625 0.5908203125 0.021875 0.056640625
0 0.81015625 0.583984375 0.0078125 0.01953125
0 0.828125 0.59765625 0.009375 0.03515625
0 0.834375 0.5947265625 0.009375 0.037109375
0 0.8671875 0.5908203125 0.009375 0.041015625
0 0.859375 0.591796875 0.009375 0.04296875
0 0.85 0.59375 0.0125 0.046875
0 0.840625 0.595703125 0.009375 0.04296875
6 0.13046875 0.552734375 0.0921875 0.046875
2 0.2625 0.6484375 0.20625 0.15625
2 0.44375 0.6015625 0.08125 0.078125
2 0.52265625 0.6162109375 0.1046875 0.103515625
2 0.57890625 0.603515625 0.0484375 0.07421875
2 0.6109375 0.5966796875 0.034375 0.037109375
2 0.634375 0.59765625 0.015625 0.01953125
2 0.66015625 0.5986328125 0.0140625 0.021484375
