0 0.54375 0.458984375 0.0125 0.03515625
0 0.49609375 0.447265625 0.0046875 0.015625
0 0.43515625 0.455078125 0.0140625 0.04296875
0 0.41796875 0.453125 0.0140625 0.04296875
0 0.40859375 0.4521484375 0.0140625 0.041015625
0 0.13828125 0.4599609375 0.0328125 0.107421875
0 0.18203125 0.4580078125 0.0359375 0.119140625
0 0.6046875 0.4599609375 0.015625 0.044921875
0 0.62890625 0.458984375 0.0140625 0.05078125
0 0.64609375 0.4619140625 0.0140625 0.048828125
0 0.659375 0.455078125 0.00625 0.03125
0 0.69765625 0.466796875 0.0109375 0.0390625
0 0.72734375 0.48046875 0.0109375 0.05078125
0 0.71640625 0.4765625 0.0109375 0.0546875
0 0.70546875 0.4677734375 0.0109375 0.033203125
0 0.91875 0.50390625 0.0375 0.13671875
0 0.8734375 0.4931640625 0.0375 0.111328125
0 0.8484375 0.4912109375 0.0375 0.103515625
1 0.48125 0.46484375 0.0125 0.0234375
1 0.1046875 0.4853515625 0.0375 0.076171875
1 0.2078125 0.4765625 0.03125 0.0625
1 0.284375 0.455078125 0.034375 0.03125
1 0.715625 0.5302734375 0.034375 0.103515625
1 0.68046875 0.5078125 0.0359375 0.0859375
1 0.7484375 0.53125 0.059375 0.10546875
1 0.81015625 0.5595703125 0.0703125 0.158203125
1 0.878125 0.5712890625 0.103125 0.166015625
1 0.9578125 0.6025390625 0.084375 0.189453125
2 0.53359375 0.453125 0.0140625 0.01953125
2 0.4625 0.4482421875 0.0125 0.013671875
2 0.4484375 0.4482421875 0.01875 0.021484375
