0 0.06484375 0.595703125 0.0265625 0.0703125
0 0.09765625 0.5947265625 0.0203125 0.068359375
0 0.13359375 0.5908203125 0.0203125 0.068359375
0 0.153125 0.591796875 0.021875 0.06640625
0 0.2671875 0.564453125 0.009375 0.0390625
0 0.28046875 0.564453125 0.0078125 0.03515625
0 0.290625 0.56640625 0.0125 0.0390625
0 0.765625 0.5791015625 0.021875 0.080078125
0 0.69453125 0.5693359375 0.0140625 0.048828125
0 0.68203125 0.5634765625 0.0140625 0.044921875
0 0.67734375 0.5751953125 0.0171875 0.044921875
0 0.6578125 0.57421875 0.015625 0.05078125
0 0.6359375 0.5703125 0.01875 0.05078125
0 0.5765625 0.5517578125 0.009375 0.025390625
0 0.56484375 0.5537109375 0.0078125 0.025390625
0 0.56015625 0.552734375 0.0078125 0.02734375
2 0.3765625 0.56640625 0.034375 0.03125
2 0.50703125 0.5478515625 0.0203125 0.017578125
2 0.48671875 0.5439453125 0.0109375 0.013671875
