0 0.60234375 0.4140625 0.0140625 0.0390625
0 0.70859375 0.4306640625 0.0140625 0.037109375
0 0.69296875 0.423828125 0.0140625 0.05078125
0 0.784375 0.435546875 0.01875 0.06640625
0 0.25625 0.3896484375 0.0125 0.021484375
1 0.3515625 0.4189453125 0.0125 0.025390625
1 0.37578125 0.4140625 0.0078125 0.01953125
1 0.6453125 0.4560546875 0.028125 0.052734375
2 0.3875 0.4091796875 0.0125 0.013671875
2 0.434375 0.40234375 0.0375 0.03515625
2 0.4453125 0.42578125 0.065625 0.06640625
2 0.48359375 0.404296875 0.0296875 0.03515625
