0 0.09921875 0.4951171875 0.0296875 0.056640625
0 0.15078125 0.4990234375 0.0234375 0.080078125
0 0.190625 0.4931640625 0.01875 0.060546875
0 0.2125 0.4873046875 0.025 0.041015625
0 0.82109375 0.470703125 0.0109375 0.0625
0 0.79296875 0.462890625 0.0140625 0.0390625
2 0.43515625 0.48828125 0.0546875 0.046875
2 0.57421875 0.45703125 0.0203125 0.01953125
2 0.55546875 0.44921875 0.0171875 0.015625
2 0.5921875 0.4423828125 0.0125 0.013671875
2 0.58359375 0.4326171875 0.0078125 0.009765625
2 0.59921875 0.4326171875 0.0078125 0.009765625
2 0.60390625 0.4267578125 0.0046875 0.005859375
2 0.61640625 0.4326171875 0.0109375 0.009765625
0 0.87890625 0.4541015625 0.0109375 0.052734375
