0 0.3578125 0.474609375 0.009375 0.01953125
0 0.49375 0.4814453125 0.009375 0.033203125
0 0.50546875 0.478515625 0.0109375 0.0390625
0 0.61875 0.4873046875 0.021875 0.076171875
0 0.578125 0.4912109375 0.021875 0.064453125
2 0.01796875 0.4638671875 0.0359375 0.048828125
2 0.0484375 0.46484375 0.0625 0.04296875
2 0.15546875 0.5205078125 0.2578125 0.130859375
2 0.3 0.5185546875 0.1375 0.107421875
2 0.39140625 0.474609375 0.0328125 0.02734375
2 0.4453125 0.4814453125 0.084375 0.041015625
2 0.25546875 0.4599609375 0.0828125 0.021484375
