0 0.70234375 0.48046875 0.0203125 0.078125
0 0.6703125 0.4873046875 0.01875 0.072265625
0 0.1375 0.4853515625 0.028125 0.052734375
1 0.375 0.4921875 0.015625 0.02734375
1 0.29296875 0.509765625 0.0171875 0.04296875
1 0.04609375 0.5224609375 0.0484375 0.091796875
1 0.0859375 0.5283203125 0.0375 0.080078125
1 0.15390625 0.517578125 0.0390625 0.0703125
1 0.11796875 0.5166015625 0.0390625 0.068359375
1 0.2140625 0.5048828125 0.034375 0.056640625
2 0.5703125 0.5048828125 0.103125 0.099609375
2 0.5140625 0.498046875 0.046875 0.07421875
2 0.49296875 0.4931640625 0.0296875 0.056640625
2 0.47578125 0.486328125 0.0296875 0.0390625
2 0.41796875 0.4892578125 0.0484375 0.044921875
