0 0.79609375 0.46875 0.0234375 0.05078125
0 0.68203125 0.451171875 0.0078125 0.01953125
0 0.69609375 0.453125 0.0046875 0.01953125
0 0.4015625 0.4619140625 0.00625 0.017578125
0 0.415625 0.4638671875 0.00625 0.013671875
0 0.465625 0.4541015625 0.003125 0.009765625
0 0.4609375 0.455078125 0.003125 0.0078125
2 0.603125 0.43359375 0.00625 0.0078125
2 0.5875 0.4326171875 0.00625 0.005859375
2 0.58046875 0.4443359375 0.0078125 0.009765625
2 0.5734375 0.4375 0.009375 0.01171875
2 0.59453125 0.439453125 0.0078125 0.01171875
2 0.5578125 0.4482421875 0.009375 0.009765625
2 0.525 0.4619140625 0.015625 0.017578125
2 0.45625 0.50390625 0.084375 0.09375
2 0.3671875 0.5556640625 0.15 0.130859375
0 0.6078125 0.4501953125 0.00625 0.013671875
