0 0.0234375 0.4853515625 0.025 0.080078125
0 0.07265625 0.482421875 0.0140625 0.0703125
0 0.19296875 0.494140625 0.0453125 0.11328125
0 0.3234375 0.5224609375 0.1125 0.271484375
2 0.9015625 0.55078125 0.196875 0.234375
2 0.64375 0.5126953125 0.284375 0.193359375
2 0.48359375 0.517578125 0.0890625 0.12890625
2 0.2328125 0.4892578125 0.046875 0.083984375
2 0.175 0.4873046875 0.078125 0.068359375
2 0.125 0.48828125 0.04375 0.05859375
2 0.1046875 0.4853515625 0.059375 0.060546875
2 0.0484375 0.484375 0.040625 0.046875
2 0.0078125 0.482421875 0.015625 0.0390625
14 0.35390625 0.474609375 0.2265625 0.1328125
