4 0.86328125 0.4619140625 0.2734375 0.275390625
4 0.67265625 0.4482421875 0.0296875 0.033203125
0 0.11875 0.5068359375 0.01875 0.052734375
0 0.13125 0.501953125 0.015625 0.0625
0 0.21484375 0.49609375 0.0171875 0.046875
0 0.19375 0.49609375 0.015625 0.05078125
0 0.47890625 0.5029296875 0.0234375 0.068359375
0 0.49609375 0.498046875 0.0203125 0.06640625
0 0.51953125 0.4921875 0.0203125 0.07421875
0 0.43515625 0.47265625 0.0078125 0.03125
0 0.44453125 0.4697265625 0.0078125 0.029296875
1 0.3765625 0.5458984375 0.03125 0.068359375
2 0.6515625 0.5244140625 0.1125 0.123046875
2 0.65546875 0.453125 0.0109375 0.015625
2 0.64296875 0.4521484375 0.0171875 0.021484375
2 0.58046875 0.4619140625 0.0140625 0.021484375
2 0.6 0.5048828125 0.021875 0.052734375
2 0.62578125 0.4521484375 0.0203125 0.021484375
2 0.5578125 0.4755859375 0.021875 0.033203125
