0 0.94765625 0.4794921875 0.0328125 0.111328125
0 0.97890625 0.4814453125 0.0328125 0.107421875
0 0.61328125 0.4404296875 0.0140625 0.037109375
0 0.6625 0.4453125 0.021875 0.03125
0 0.01875 0.46875 0.03125 0.09375
0 0.09609375 0.4560546875 0.0203125 0.052734375
0 0.203125 0.4697265625 0.015625 0.068359375
0 0.18515625 0.4501953125 0.0140625 0.021484375
0 0.26015625 0.4560546875 0.0078125 0.033203125
1 0.60625 0.48046875 0.021875 0.046875
1 0.11328125 0.5537109375 0.0484375 0.115234375
1 0.04453125 0.490234375 0.0296875 0.05859375
1 0.24375 0.4873046875 0.025 0.044921875
2 0.5046875 0.5654296875 0.3 0.236328125
