0 0.9046875 0.46484375 0.040625 0.14453125
0 0.8734375 0.4736328125 0.03125 0.134765625
0 0.84765625 0.470703125 0.0328125 0.13671875
0 0.7796875 0.4755859375 0.028125 0.123046875
0 0.74375 0.4736328125 0.03125 0.115234375
0 0.70859375 0.45703125 0.0234375 0.078125
0 0.665625 0.4375 0.021875 0.0390625
0 0.7609375 0.470703125 0.01875 0.1171875
0 0.61875 0.4853515625 0.046875 0.123046875
0 0.5984375 0.4814453125 0.04375 0.123046875
0 0.56171875 0.4619140625 0.0140625 0.044921875
0 0.48515625 0.4609375 0.0109375 0.02734375
0 0.0078125 0.4619140625 0.015625 0.056640625
0 0.01796875 0.462890625 0.0171875 0.05078125
1 0.01796875 0.484375 0.0359375 0.05078125
1 0.02265625 0.478515625 0.0453125 0.05078125
2 0.4140625 0.4658203125 0.03125 0.033203125
2 0.39609375 0.46484375 0.0078125 0.015625
2 0.38515625 0.46484375 0.0140625 0.0234375
2 0.37109375 0.4658203125 0.0203125 0.021484375
2 0.29140625 0.4736328125 0.0234375 0.056640625
2 0.259375 0.4736328125 0.059375 0.072265625
2 0.190625 0.4814453125 0.090625 0.091796875
