0 0.78046875 0.5849609375 0.0234375 0.072265625
0 0.2828125 0.5634765625 0.015625 0.048828125
0 0.2625 0.5634765625 0.015625 0.048828125
0 0.1 0.611328125 0.04375 0.1484375
0 0.06484375 0.5849609375 0.0234375 0.103515625
0 0.41484375 0.5654296875 0.0078125 0.021484375
0 0.49609375 0.5498046875 0.0046875 0.017578125
0 0.575 0.5615234375 0.00625 0.025390625
1 0.3484375 0.5830078125 0.01875 0.037109375
2 0.4796875 0.7861328125 0.384375 0.380859375
2 0.52421875 0.5791015625 0.0484375 0.048828125
2 0.4609375 0.5673828125 0.03125 0.037109375
2 0.43125 0.546875 0.00625 0.0078125
