0 0.18359375 0.4560546875 0.0203125 0.037109375
0 0.465625 0.458984375 0.00625 0.01953125
0 0.50390625 0.4609375 0.0046875 0.015625
0 0.5734375 0.4599609375 0.00625 0.017578125
0 0.6265625 0.482421875 0.01875 0.08203125
0 0.753125 0.4599609375 0.015625 0.021484375
1 0.13984375 0.5029296875 0.0265625 0.068359375
1 0.08671875 0.498046875 0.0453125 0.0625
2 0.23046875 0.48828125 0.1609375 0.0703125
2 0.5578125 0.462890625 0.0125 0.01171875
2 0.5859375 0.462890625 0.0125 0.015625
2 0.60546875 0.4677734375 0.0265625 0.025390625
2 0.64453125 0.482421875 0.0265625 0.04296875
2 0.65859375 0.4921875 0.0453125 0.0625
2 0.68515625 0.50390625 0.0546875 0.078125
2 0.73671875 0.5205078125 0.1109375 0.107421875
1 0.80390625 0.5048828125 0.0296875 0.044921875
