1 0.5796875 0.4423828125 0.0125 0.025390625
1 0.55 0.4404296875 0.015625 0.037109375
1 0.5140625 0.4462890625 0.015625 0.033203125
1 0.47890625 0.44921875 0.0203125 0.03515625
1 0.43125 0.4580078125 0.01875 0.025390625
1 0.41328125 0.451171875 0.0328125 0.046875
1 0.36796875 0.4580078125 0.0296875 0.041015625
1 0.28203125 0.46484375 0.0359375 0.046875
1 0.196875 0.4697265625 0.053125 0.068359375
1 0.2328125 0.4658203125 0.0375 0.052734375
1 0.12109375 0.4794921875 0.0296875 0.068359375
1 0.0296875 0.4814453125 0.059375 0.087890625
1 0.5640625 0.4404296875 0.0125 0.029296875
2 0.7828125 0.4287109375 0.071875 0.076171875
2 0.49609375 0.4287109375 0.0328125 0.029296875
2 0.065625 0.427734375 0.13125 0.10546875
2 0.6078125 0.4287109375 0.0375 0.029296875
