1 0.10390625 0.50390625 0.0828125 0.05859375
2 0.8625 0.5419921875 0.275 0.220703125
2 0.53046875 0.4677734375 0.0609375 0.068359375
2 0.49453125 0.46484375 0.0265625 0.046875
2 0.47890625 0.4677734375 0.0109375 0.025390625
2 0.46796875 0.466796875 0.0109375 0.01953125
2 0.46171875 0.462890625 0.0140625 0.01953125
2 0.45 0.4619140625 0.009375 0.013671875
2 0.4390625 0.4619140625 0.0125 0.013671875
2 0.4 0.4638671875 0.0125 0.013671875
2 0.3921875 0.4638671875 0.009375 0.013671875
2 0.38671875 0.462890625 0.0109375 0.015625
2 0.375 0.4638671875 0.015625 0.017578125
2 0.34921875 0.47265625 0.0390625 0.03125
2 0.32109375 0.4716796875 0.0171875 0.041015625
2 0.30390625 0.4736328125 0.0359375 0.041015625
2 0.29375 0.4775390625 0.028125 0.041015625
2 0.2625 0.4794921875 0.05625 0.048828125
2 0.21640625 0.4677734375 0.0359375 0.025390625
2 0.17265625 0.4658203125 0.0328125 0.037109375
2 0.1328125 0.46484375 0.06875 0.0390625
2 0.984375 0.625 0.053125 0.23828125
