2 0.71328125 0.5498046875 0.1765625 0.146484375
2 0.04921875 0.5205078125 0.0984375 0.091796875
2 0.215625 0.5146484375 0.05 0.041015625
2 0.57109375 0.5185546875 0.0515625 0.099609375
2 0.62578125 0.5244140625 0.1203125 0.126953125
2 0.52578125 0.5087890625 0.0421875 0.044921875
2 0.50703125 0.498046875 0.0453125 0.046875
2 0.421875 0.4931640625 0.009375 0.009765625
2 0.4734375 0.5009765625 0.021875 0.021484375
2 0.44921875 0.494140625 0.0078125 0.0078125
2 0.440625 0.494140625 0.009375 0.0078125
2 0.40703125 0.4970703125 0.0140625 0.009765625
