0 0.4796875 0.4541015625 0.009375 0.041015625
0 0.153125 0.4501953125 0.015625 0.076171875
0 0.06484375 0.4501953125 0.0296875 0.087890625
0 0.57265625 0.4716796875 0.0140625 0.056640625
1 0.98125 0.537109375 0.0375 0.1015625
2 0.77421875 0.5146484375 0.1921875 0.130859375
2 0.4296875 0.455078125 0.03125 0.03125
2 0.40859375 0.4541015625 0.0203125 0.021484375
2 0.3921875 0.4482421875 0.015625 0.013671875
2 0.3828125 0.4482421875 0.00625 0.013671875
2 0.36953125 0.447265625 0.0140625 0.01171875
2 0.34921875 0.4453125 0.0109375 0.01171875
2 0.31875 0.4453125 0.0125 0.01171875
2 0.27265625 0.4443359375 0.0296875 0.025390625
2 0.3296875 0.447265625 0.009375 0.0078125
2 0.01484375 0.5146484375 0.0296875 0.134765625
0 0.10546875 0.44921875 0.0109375 0.0625
