0 0.14375 0.4921875 0.021875 0.06640625
0 0.73125 0.53125 0.03125 0.1171875
0 0.76171875 0.525390625 0.0265625 0.11328125
0 0.775 0.529296875 0.028125 0.12109375
0 0.33515625 0.4794921875 0.0109375 0.017578125
0 0.4203125 0.4853515625 0.00625 0.021484375
0 0.371875 0.48046875 0.00625 0.01953125
0 0.70390625 0.482421875 0.0140625 0.04296875
2 0.51328125 0.51171875 0.0515625 0.05078125
2 0.55703125 0.4990234375 0.0265625 0.025390625
2 0.540625 0.4873046875 0.009375 0.009765625
2 0.52265625 0.4912109375 0.0328125 0.021484375
