0 0.35859375 0.466796875 0.0140625 0.04296875
0 0.37265625 0.4658203125 0.0140625 0.044921875
0 0.8015625 0.4560546875 0.01875 0.037109375
1 0.2421875 0.490234375 0.025 0.015625
2 0.54765625 0.4658203125 0.0390625 0.037109375
2 0.57734375 0.4453125 0.0234375 0.0234375
2 0.534375 0.4443359375 0.021875 0.021484375
2 0.578125 0.42578125 0.0125 0.015625
2 0.5953125 0.427734375 0.009375 0.01171875
2 0.6125 0.4189453125 0.003125 0.005859375
2 0.6015625 0.4208984375 0.003125 0.005859375
2 0.621875 0.423828125 0.009375 0.01171875
