1 0.0375 0.4814453125 0.0625 0.080078125
1 0.1609375 0.4736328125 0.04375 0.064453125
1 0.25703125 0.4638671875 0.0390625 0.048828125
1 0.33359375 0.4609375 0.0328125 0.04296875
1 0.396875 0.4541015625 0.028125 0.041015625
1 0.48515625 0.4521484375 0.0171875 0.029296875
1 0.50546875 0.44921875 0.0140625 0.02734375
1 0.53046875 0.4462890625 0.0109375 0.025390625
1 0.55625 0.4482421875 0.015625 0.021484375
1 0.56953125 0.4423828125 0.0078125 0.021484375
1 0.5203125 0.4404296875 0.00625 0.017578125
2 0.78125 0.427734375 0.065625 0.07421875
2 0.06484375 0.4267578125 0.1296875 0.103515625
