0 0.30859375 0.484375 0.0078125 0.0234375
0 0.315625 0.4853515625 0.00625 0.021484375
0 0.2953125 0.4873046875 0.0125 0.033203125
0 0.40546875 0.4892578125 0.0140625 0.056640625
0 0.87578125 0.4609375 0.0109375 0.03125
0 0.84765625 0.4775390625 0.0078125 0.041015625
0 0.83828125 0.4716796875 0.0078125 0.029296875
0 0.834375 0.4833984375 0.009375 0.033203125
0 0.82578125 0.4833984375 0.0078125 0.037109375
0 0.81171875 0.482421875 0.0078125 0.0234375
0 0.80546875 0.4775390625 0.0078125 0.029296875
0 0.7984375 0.4775390625 0.00625 0.029296875
0 0.790625 0.4814453125 0.00625 0.021484375
0 0.784375 0.482421875 0.00625 0.0234375
0 0.76875 0.4814453125 0.00625 0.021484375
0 0.76171875 0.4853515625 0.0046875 0.017578125
2 0.05859375 0.4970703125 0.1171875 0.052734375
2 0.22421875 0.5009765625 0.1390625 0.064453125
2 0.34921875 0.498046875 0.1078125 0.05078125
2 0.4640625 0.4990234375 0.084375 0.072265625
2 0.5109375 0.4951171875 0.025 0.037109375
2 0.140625 0.478515625 0.04375 0.0234375
2 0.65078125 0.4912109375 0.0171875 0.017578125
2 0.621875 0.490234375 0.028125 0.0234375
2 0.7140625 0.4814453125 0.01875 0.033203125
2 0.68515625 0.4853515625 0.0515625 0.056640625
2 0.92734375 0.482421875 0.1296875 0.05078125
