4 0.5234375 0.4306640625 0.0375 0.013671875
0 0.22265625 0.4306640625 0.0203125 0.076171875
0 0.2984375 0.4267578125 0.0125 0.048828125
0 0.3109375 0.421875 0.009375 0.04296875
0 0.9421875 0.4423828125 0.034375 0.087890625
0 0.74453125 0.4384765625 0.0328125 0.083984375
0 0.8 0.455078125 0.028125 0.12109375
0 0.8296875 0.45703125 0.028125 0.1171875
1 0.01875 0.4521484375 0.0375 0.048828125
1 0.05078125 0.451171875 0.0453125 0.05078125
1 0.26875 0.501953125 0.053125 0.09375
1 0.48515625 0.4326171875 0.0078125 0.013671875
1 0.50078125 0.43359375 0.0109375 0.015625
2 0.42734375 0.427734375 0.0328125 0.0390625
2 0.45078125 0.4287109375 0.0265625 0.029296875
2 0.4671875 0.4306640625 0.009375 0.021484375
2 0.47578125 0.4287109375 0.0109375 0.017578125
2 0.56953125 0.435546875 0.0265625 0.02734375
