0 0.79921875 0.4970703125 0.0109375 0.029296875
0 0.73671875 0.4970703125 0.0171875 0.044921875
0 0.6796875 0.4970703125 0.0125 0.044921875
0 0.6578125 0.498046875 0.015625 0.05078125
0 0.640625 0.4990234375 0.009375 0.033203125
0 0.625 0.4970703125 0.0125 0.037109375
0 0.6109375 0.4990234375 0.0125 0.041015625
0 0.55703125 0.490234375 0.0046875 0.015625
0 0.34140625 0.4931640625 0.0078125 0.029296875
0 0.2859375 0.4833984375 0.0125 0.033203125
0 0.33203125 0.48828125 0.0109375 0.03125
1 0.5796875 0.53515625 0.021875 0.05078125
2 0.54296875 0.490234375 0.0078125 0.0078125
2 0.52578125 0.48828125 0.0078125 0.0078125
2 0.47890625 0.5390625 0.1171875 0.11328125
2 0.39609375 0.5146484375 0.0671875 0.060546875
2 0.19453125 0.498046875 0.0453125 0.03515625
2 0.4359375 0.494140625 0.015625 0.01953125
