0 0.96484375 0.4052734375 0.0265625 0.095703125
0 0.93984375 0.4091796875 0.0171875 0.091796875
0 0.62265625 0.4541015625 0.0265625 0.041015625
2 0.83515625 0.4091796875 0.2734375 0.115234375
2 0.503125 0.4228515625 0.01875 0.029296875
2 0.4671875 0.4296875 0.009375 0.0078125
2 0.4890625 0.4306640625 0.009375 0.009765625
2 0.47890625 0.4306640625 0.0109375 0.009765625
2 0.4359375 0.4375 0.025 0.0234375
2 0.41875 0.431640625 0.0125 0.01171875
2 0.21484375 0.4404296875 0.0265625 0.025390625
2 0.121875 0.4521484375 0.03125 0.021484375
2 0.0109375 0.4736328125 0.021875 0.044921875
2 0.346875 0.44140625 0.021875 0.01953125
2 0.36875 0.439453125 0.015625 0.015625
