0 0.67421875 0.421875 0.0140625 0.0234375
0 0.42578125 0.4609375 0.0265625 0.07421875
0 0.4234375 0.4619140625 0.03125 0.076171875
0 0.7921875 0.4443359375 0.0125 0.044921875
0 0.78125 0.431640625 0.009375 0.015625
2 0.50234375 0.4599609375 0.0390625 0.041015625
2 0.48125 0.4560546875 0.00625 0.005859375
2 0.4703125 0.45703125 0.009375 0.0078125
2 0.475 0.453125 0.00625 0.00390625
2 0.45546875 0.453125 0.0203125 0.0234375
2 0.4375 0.45703125 0.015625 0.015625
2 0.27578125 0.4794921875 0.1890625 0.095703125
