1 0.31328125 0.46875 0.0296875 0.0234375
1 0.5796875 0.53515625 0.084375 0.0625
2 0.6234375 0.4267578125 0.0125 0.013671875
2 0.6125 0.43359375 0.0125 0.015625
2 0.59921875 0.4375 0.0171875 0.01953125
2 0.5765625 0.439453125 0.01875 0.0234375
2 0.559375 0.44140625 0.015625 0.02734375
2 0.54140625 0.4453125 0.0265625 0.03515625
2 0.515625 0.4501953125 0.040625 0.037109375
2 0.5015625 0.439453125 0.015625 0.01953125
2 0.48828125 0.4560546875 0.0296875 0.037109375
2 0.46796875 0.45703125 0.0296875 0.04296875
2 0.44140625 0.462890625 0.0484375 0.05078125
2 0.3984375 0.43359375 0.05 0.015625
2 0.2578125 0.45703125 0.078125 0.07421875
2 0.171875 0.4375 0.10625 0.0390625
2 0.16796875 0.4560546875 0.0953125 0.044921875
2 0.6625 0.427734375 0.009375 0.01171875
2 0.65234375 0.451171875 0.0234375 0.03515625
2 0.63359375 0.458984375 0.0421875 0.046875
2 0.70625 0.443359375 0.05 0.02734375
2 0.725 0.46875 0.096875 0.06640625
