0 0.6 0.470703125 0.0125 0.05859375
2 0.9140625 0.4345703125 0.034375 0.017578125
2 0.39140625 0.4599609375 0.0140625 0.017578125
2 0.41796875 0.4560546875 0.0203125 0.029296875
14 0.309375 0.458984375 0.053125 0.06640625
2 0.26640625 0.4736328125 0.0328125 0.037109375
2 0.24765625 0.4775390625 0.0234375 0.037109375
2 0.21796875 0.4775390625 0.0515625 0.041015625
2 0.16328125 0.478515625 0.0484375 0.046875
2 0.10078125 0.4912109375 0.0515625 0.041015625
2 0.35390625 0.4658203125 0.0109375 0.013671875
2 0.47734375 0.482421875 0.1234375 0.140625
