0 0.003125 0.5009765625 0.00625 0.056640625
0 0.01875 0.5 0.01875 0.078125
0 0.028125 0.501953125 0.009375 0.06640625
0 0.03828125 0.5 0.0171875 0.07421875
0 0.04921875 0.498046875 0.0140625 0.0703125
0 0.06484375 0.498046875 0.0203125 0.06640625
0 0.07734375 0.4951171875 0.0171875 0.068359375
0 0.09375 0.49609375 0.015625 0.05078125
0 0.1203125 0.4931640625 0.0125 0.048828125
0 0.1375 0.5009765625 0.0125 0.044921875
0 0.13046875 0.4921875 0.0109375 0.046875
0 0.1515625 0.494140625 0.0125 0.04296875
0 0.16171875 0.4951171875 0.0140625 0.052734375
0 0.17578125 0.494140625 0.0171875 0.05078125
0 0.190625 0.4921875 0.015625 0.046875
0 0.2046875 0.4921875 0.015625 0.046875
0 0.2171875 0.490234375 0.0125 0.05078125
0 0.2390625 0.4921875 0.0125 0.03515625
0 0.25078125 0.4892578125 0.0109375 0.037109375
0 0.2609375 0.4912109375 0.0125 0.033203125
0 0.2765625 0.4921875 0.009375 0.02734375
0 0.28671875 0.4892578125 0.0109375 0.033203125
0 0.328125 0.490234375 0.00625 0.0234375
0 0.309375 0.48828125 0.00625 0.0234375
0 0.64375 0.455078125 0.009375 0.02734375
0 0.65703125 0.458984375 0.0078125 0.02734375
6 0.4796875 0.470703125 0.0375 0.0625
2 0.37734375 0.486328125 0.0359375 0.0390625
2 0.534375 0.4951171875 0.10625 0.107421875
2 0.453125 0.4892578125 0.015625 0.021484375
2 0.4390625 0.4931640625 0.0125 0.013671875
14 0.61015625 0.4658203125 0.0515625 0.029296875
