0 0.07734375 0.4892578125 0.0140625 0.033203125
0 0.19375 0.494140625 0.0125 0.04296875
0 0.20234375 0.49609375 0.0109375 0.04296875
0 0.221875 0.4931640625 0.009375 0.041015625
0 0.7640625 0.443359375 0.021875 0.0625
0 0.7796875 0.4482421875 0.01875 0.060546875
0 0.79453125 0.453125 0.0140625 0.04296875
0 0.80390625 0.4443359375 0.0140625 0.056640625
0 0.8515625 0.4482421875 0.015625 0.048828125
0 0.0953125 0.4921875 0.01875 0.0546875
6 0.4359375 0.4658203125 0.084375 0.095703125
14 0.6875 0.4560546875 0.1 0.041015625
2 0.4875 0.484375 0.021875 0.046875
2 0.375 0.4931640625 0.028125 0.033203125
2 0.31953125 0.4892578125 0.0484375 0.056640625
2 0.52578125 0.4853515625 0.0296875 0.056640625
2 0.58828125 0.5029296875 0.1234375 0.123046875
