0 0.0921875 0.5185546875 0.053125 0.173828125
0 0.0203125 0.5224609375 0.040625 0.181640625
2 0.94609375 0.849609375 0.1078125 0.30078125
2 0.7359375 0.48046875 0.059375 0.0625
2 0.65078125 0.47265625 0.0265625 0.03515625
2 0.73046875 0.462890625 0.0734375 0.046875
2 0.64296875 0.4580078125 0.0171875 0.017578125
2 0.628125 0.4609375 0.015625 0.01953125
2 0.61640625 0.4609375 0.0171875 0.01953125
2 0.61171875 0.462890625 0.0140625 0.01953125
2 0.596875 0.4638671875 0.025 0.021484375
2 0.58984375 0.4501953125 0.0171875 0.013671875
2 0.5734375 0.462890625 0.021875 0.02734375
2 0.5640625 0.48046875 0.015625 0.03515625
2 0.53671875 0.455078125 0.0234375 0.0234375
2 0.52890625 0.4658203125 0.0234375 0.029296875
2 0.51796875 0.4658203125 0.0265625 0.033203125
2 0.484375 0.462890625 0.053125 0.04296875
2 0.3125 0.4541015625 0.0875 0.064453125
2 0.21015625 0.4375 0.1046875 0.0546875
14 0.68203125 0.6142578125 0.0234375 0.017578125
14 0.5484375 0.564453125 0.015625 0.01171875
