0 0.0953125 0.4931640625 0.01875 0.068359375
0 0.3375 0.4814453125 0.009375 0.017578125
0 0.39296875 0.482421875 0.0109375 0.02734375
0 0.415625 0.4873046875 0.00625 0.017578125
0 0.421875 0.48828125 0.00625 0.01953125
0 0.63203125 0.490234375 0.0078125 0.0234375
0 0.6421875 0.4912109375 0.00625 0.017578125
0 0.65234375 0.4892578125 0.0046875 0.017578125
0 0.64765625 0.4912109375 0.0046875 0.017578125
0 0.671875 0.4892578125 0.009375 0.021484375
0 0.70546875 0.4873046875 0.0078125 0.021484375
0 0.871875 0.5166015625 0.01875 0.091796875
0 0.88515625 0.513671875 0.0296875 0.09375
0 0.459375 0.5166015625 0.028125 0.099609375
2 0.51953125 0.4970703125 0.0203125 0.025390625
2 0.55703125 0.4990234375 0.0265625 0.029296875
1 0.15625 0.5185546875 0.025 0.056640625
