0 0.09296875 0.4697265625 0.0203125 0.076171875
0 0.1015625 0.46484375 0.021875 0.08984375
0 0.14765625 0.4482421875 0.0203125 0.052734375
0 0.79140625 0.4609375 0.0109375 0.04296875
0 0.8015625 0.4619140625 0.009375 0.044921875
0 0.90078125 0.4755859375 0.0234375 0.080078125
0 0.95234375 0.4755859375 0.0203125 0.080078125
0 0.97421875 0.4736328125 0.0265625 0.080078125
0 0.56796875 0.4599609375 0.0078125 0.021484375
2 0.4953125 0.4580078125 0.015625 0.017578125
2 0.703125 0.5126953125 0.16875 0.169921875
