0 0.309375 0.46484375 0.009375 0.03125
0 0.3203125 0.4677734375 0.009375 0.033203125
0 0.3296875 0.4658203125 0.009375 0.025390625
0 0.5890625 0.451171875 0.0125 0.046875
0 0.8453125 0.458984375 0.025 0.09375
0 0.9171875 0.453125 0.03125 0.11328125
0 0.6390625 0.57421875 0.096875 0.4375
0 0.73125 0.572265625 0.14375 0.4765625
2 0.46484375 0.4658203125 0.0078125 0.009765625
2 0.45234375 0.4609375 0.0140625 0.015625
2 0.41796875 0.462890625 0.0203125 0.01953125
2 0.4984375 0.4716796875 0.046875 0.048828125
2 0.2765625 0.470703125 0.065625 0.05859375
2 0.18828125 0.4755859375 0.0703125 0.060546875
2 0.0921875 0.490234375 0.184375 0.12890625
