2 0.1984375 0.5283203125 0.06875 0.037109375
2 0.028125 0.5439453125 0.05625 0.052734375
2 0.32578125 0.513671875 0.0515625 0.02734375
2 0.36328125 0.4951171875 0.0140625 0.009765625
2 0.33984375 0.4990234375 0.0140625 0.009765625
2 0.39140625 0.4912109375 0.0109375 0.009765625
2 0.45625 0.4931640625 0.01875 0.017578125
2 0.47578125 0.4873046875 0.0140625 0.017578125
2 0.53203125 0.4892578125 0.0171875 0.017578125
2 0.52109375 0.509765625 0.0390625 0.04296875
2 0.57109375 0.478515625 0.0078125 0.0078125
2 0.56484375 0.4833984375 0.0109375 0.013671875
2 0.559375 0.48828125 0.015625 0.015625
2 0.584375 0.4951171875 0.021875 0.021484375
2 0.5828125 0.4755859375 0.009375 0.009765625
2 0.60859375 0.556640625 0.1140625 0.12109375
