0 0.10703125 0.4619140625 0.0140625 0.044921875
0 0.146875 0.4580078125 0.01875 0.064453125
0 0.58359375 0.4521484375 0.0109375 0.033203125
0 0.5984375 0.453125 0.01875 0.05859375
0 0.61484375 0.45703125 0.0109375 0.05078125
0 0.73515625 0.4287109375 0.0390625 0.142578125
0 0.76171875 0.470703125 0.0296875 0.265625
0 0.7890625 0.474609375 0.053125 0.296875
0 0.84296875 0.4599609375 0.0546875 0.185546875
0 0.9453125 0.44921875 0.040625 0.18359375
2 0.3296875 0.4658203125 0.0375 0.033203125
2 0.44765625 0.4755859375 0.1171875 0.126953125
