4 0.29140625 0.306640625 0.3109375 0.47265625
0 0.00859375 0.38671875 0.0171875 0.0859375
0 0.02734375 0.4013671875 0.0203125 0.095703125
0 0.046875 0.4169921875 0.034375 0.134765625
2 0.4453125 0.4267578125 0.034375 0.068359375
2 0.4671875 0.4208984375 0.028125 0.048828125
2 0.546875 0.5 0.1875 0.20703125
2 0.63359375 0.4462890625 0.0390625 0.056640625
2 0.740625 0.48828125 0.15 0.12890625
2 0.690625 0.4326171875 0.0375 0.037109375
2 0.8484375 0.4658203125 0.0625 0.044921875
2 0.94375 0.486328125 0.1125 0.078125
