0 0.14375 0.5576171875 0.0375 0.052734375
0 0.10390625 0.564453125 0.0359375 0.046875
0 0.4296875 0.54296875 0.009375 0.0234375
0 0.4375 0.541015625 0.00625 0.01953125
2 0.95 0.869140625 0.1 0.26171875
2 0.84375 0.685546875 0.3125 0.328125
2 0.646875 0.6396484375 0.14375 0.146484375
2 0.615625 0.595703125 0.08125 0.07421875
2 0.58203125 0.587890625 0.0671875 0.08203125
2 0.54921875 0.576171875 0.0328125 0.05859375
2 0.534375 0.5634765625 0.0375 0.044921875
2 0.49375 0.55078125 0.028125 0.02734375
2 0.46328125 0.54296875 0.0390625 0.0234375
2 0.47421875 0.5859375 0.0734375 0.0703125
2 0.40703125 0.720703125 0.2671875 0.296875
2 0.13515625 0.7099609375 0.2703125 0.251953125
