6 0.509375 0.48046875 0.015625 0.015625
2 0.2546875 0.5146484375 0.05 0.025390625
2 0.353125 0.5419921875 0.134375 0.134765625
2 0.49375 0.49609375 0.01875 0.01953125
2 0.56953125 0.5107421875 0.0484375 0.048828125
2 0.54453125 0.4892578125 0.0109375 0.013671875
2 0.4546875 0.4912109375 0.0125 0.009765625
2 0.4703125 0.4892578125 0.009375 0.005859375
2 0.440625 0.4931640625 0.009375 0.009765625
2 0.53125 0.490234375 0.015625 0.01953125
2 0.571875 0.4794921875 0.0125 0.013671875
2 0.5234375 0.4892578125 0.003125 0.013671875
