0 0.91875 0.576171875 0.025 0.08203125
0 0.89375 0.580078125 0.01875 0.0703125
0 0.64453125 0.54296875 0.0078125 0.0234375
0 0.63671875 0.54296875 0.0078125 0.0234375
0 0.53828125 0.541015625 0.0078125 0.0234375
0 0.53203125 0.5390625 0.0046875 0.01953125
2 0.28203125 0.5927734375 0.0921875 0.076171875
2 0.32265625 0.576171875 0.0609375 0.0625
2 0.3578125 0.5703125 0.04375 0.0625
2 0.38125 0.5654296875 0.021875 0.048828125
2 0.39921875 0.5546875 0.0328125 0.0390625
2 0.4140625 0.5517578125 0.01875 0.033203125
2 0.42578125 0.5458984375 0.0203125 0.029296875
2 0.46171875 0.5439453125 0.0140625 0.021484375
2 0.48125 0.5439453125 0.03125 0.025390625
2 0.490625 0.576171875 0.0625 0.0625
2 0.50859375 0.541015625 0.0140625 0.01953125
