0 0.56875 0.4853515625 0.01875 0.044921875
2 0.3953125 0.5224609375 0.115625 0.119140625
2 0.2578125 0.619140625 0.315625 0.26953125
2 0.10390625 0.5341796875 0.0546875 0.044921875
2 0.93125 0.455078125 0.034375 0.01953125
2 0.92265625 0.68359375 0.1546875 0.44140625
2 0.86796875 0.5615234375 0.1796875 0.197265625
2 0.66328125 0.498046875 0.1109375 0.0234375
2 0.6359375 0.6748046875 0.3125 0.337890625
2 0.68828125 0.47265625 0.0515625 0.02734375
2 0.640625 0.4697265625 0.034375 0.029296875
2 0.60546875 0.4697265625 0.0296875 0.025390625
