0 0.01796875 0.4931640625 0.0203125 0.080078125
0 0.1203125 0.4814453125 0.015625 0.056640625
0 0.140625 0.4814453125 0.015625 0.060546875
0 0.15703125 0.4775390625 0.0109375 0.048828125
0 0.1875 0.48046875 0.009375 0.0390625
0 0.19765625 0.478515625 0.0078125 0.0390625
0 0.20859375 0.4775390625 0.0078125 0.041015625
0 0.228125 0.4775390625 0.009375 0.037109375
0 0.23203125 0.4755859375 0.0078125 0.041015625
0 0.24375 0.474609375 0.009375 0.0390625
0 0.26171875 0.4755859375 0.0078125 0.037109375
0 0.2703125 0.4736328125 0.009375 0.037109375
0 0.3265625 0.4755859375 0.00625 0.025390625
0 0.3328125 0.4755859375 0.00625 0.025390625
1 0.05625 0.5029296875 0.034375 0.044921875
1 0.10078125 0.50390625 0.0203125 0.03515625
2 0.50625 0.498046875 0.109375 0.12109375
2 0.4421875 0.478515625 0.015625 0.01171875
