2 0.48671875 0.478515625 0.0453125 0.04296875
2 0.53515625 0.4638671875 0.0296875 0.029296875
2 0.55 0.4619140625 0.0125 0.021484375
2 0.5890625 0.4580078125 0.0125 0.017578125
2 0.5609375 0.4609375 0.0125 0.015625
2 0.57734375 0.4501953125 0.0109375 0.013671875
2 0.6171875 0.4521484375 0.00625 0.005859375
2 0.5953125 0.4482421875 0.00625 0.005859375
2 0.61328125 0.447265625 0.0046875 0.00390625
2 0.60703125 0.4462890625 0.0046875 0.005859375
0 0.43671875 0.4716796875 0.0171875 0.048828125
2 0.56796875 0.4609375 0.0078125 0.015625
2 0.01640625 0.53515625 0.0390625 0.03515625
