0 0.21484375 0.4609375 0.0109375 0.0390625
0 0.25390625 0.466796875 0.0203125 0.05859375
0 0.27578125 0.4716796875 0.0171875 0.048828125
0 0.30625 0.474609375 0.021875 0.0625
0 0.42890625 0.4697265625 0.0359375 0.083984375
0 0.57421875 0.4541015625 0.0109375 0.041015625
0 0.61796875 0.4619140625 0.0203125 0.076171875
0 0.91953125 0.4482421875 0.0140625 0.076171875
0 0.83515625 0.4609375 0.0328125 0.078125
0 0.70703125 0.4619140625 0.0234375 0.072265625
0 0.68671875 0.4697265625 0.0203125 0.083984375
0 0.725 0.4658203125 0.01875 0.080078125
0 0.03046875 0.474609375 0.0265625 0.09765625
1 0.30625 0.4873046875 0.040625 0.029296875
1 0.90234375 0.5078125 0.0515625 0.1015625
1 0.834375 0.5 0.05 0.1171875
2 0.35 0.46875 0.046875 0.0390625
2 0.3671875 0.4638671875 0.0375 0.044921875
2 0.40703125 0.455078125 0.0265625 0.02734375
2 0.49375 0.4873046875 0.1 0.095703125
