0 0.090625 0.4619140625 0.01875 0.064453125
0 0.1265625 0.4716796875 0.03125 0.080078125
0 0.915625 0.4814453125 0.03125 0.087890625
0 0.8890625 0.4716796875 0.025 0.087890625
0 0.63359375 0.462890625 0.0109375 0.05078125
0 0.7234375 0.46875 0.021875 0.07421875
0 0.746875 0.4521484375 0.015625 0.021484375
0 0.06953125 0.451171875 0.0140625 0.03125
0 0.34140625 0.455078125 0.0109375 0.03125
0 0.39375 0.458984375 0.015625 0.05078125
0 0.46875 0.4501953125 0.00625 0.017578125
1 0.6359375 0.51171875 0.0875 0.06640625
2 0.1578125 0.4462890625 0.040625 0.021484375
2 0.22265625 0.490234375 0.1953125 0.0859375
2 0.4375 0.453125 0.025 0.03125
2 0.5359375 0.4736328125 0.05 0.048828125
2 0.515625 0.4697265625 0.01875 0.037109375
2 0.50625 0.466796875 0.01875 0.03515625
2 0.49765625 0.46484375 0.0171875 0.03125
2 0.5 0.4541015625 0.025 0.025390625
2 0.48359375 0.4541015625 0.0171875 0.021484375
