4 0.4015625 0.376953125 0.021875 0.06640625
4 0.434375 0.3740234375 0.046875 0.091796875
4 0.4765625 0.3779296875 0.01875 0.025390625
0 0.31875 0.3955078125 0.015625 0.048828125
0 0.37578125 0.3994140625 0.0078125 0.025390625
0 0.58203125 0.3916015625 0.0109375 0.017578125
0 0.94296875 0.462890625 0.0484375 0.1328125
0 0.71796875 0.4111328125 0.0171875 0.048828125
0 0.61640625 0.4052734375 0.0078125 0.037109375
0 0.621875 0.40234375 0.009375 0.02734375
2 0.490625 0.4697265625 0.13125 0.130859375
2 0.484375 0.3984375 0.053125 0.015625
2 0.67265625 0.4560546875 0.1203125 0.126953125
2 0.5828125 0.4287109375 0.0625 0.056640625
2 0.5484375 0.4169921875 0.034375 0.044921875
