0 0.71484375 0.5888671875 0.0109375 0.025390625
0 0.70078125 0.595703125 0.0109375 0.03515625
0 0.67578125 0.607421875 0.0203125 0.0390625
0 0.6484375 0.59765625 0.009375 0.0390625
0 0.63515625 0.5947265625 0.0078125 0.029296875
0 0.621875 0.5908203125 0.009375 0.033203125
0 0.58828125 0.59375 0.0078125 0.03125
0 0.55078125 0.5849609375 0.0046875 0.017578125
0 0.54609375 0.5849609375 0.0078125 0.025390625
0 0.53984375 0.5869140625 0.0078125 0.025390625
0 0.25625 0.5810546875 0.009375 0.033203125
0 0.34921875 0.5751953125 0.0078125 0.017578125
2 0.75390625 0.658203125 0.1640625 0.12109375
2 0.4 0.5732421875 0.009375 0.009765625
2 0.38671875 0.57421875 0.0109375 0.01171875
2 0.37421875 0.57421875 0.0109375 0.01171875
2 0.4140625 0.57421875 0.009375 0.01171875
2 0.42421875 0.57421875 0.0078125 0.01171875
2 0.153125 0.6611328125 0.2 0.162109375
