0 0.67578125 0.443359375 0.0109375 0.03125
0 0.73984375 0.4404296875 0.0109375 0.033203125
0 0.58046875 0.4560546875 0.0140625 0.044921875
0 0.590625 0.455078125 0.009375 0.03125
0 0.025 0.4658203125 0.0125 0.033203125
1 0.82890625 0.484375 0.0265625 0.04296875
2 0.990625 0.4736328125 0.01875 0.033203125
2 0.96015625 0.470703125 0.0453125 0.03515625
2 0.8875 0.4599609375 0.046875 0.021484375
2 0.45390625 0.4736328125 0.0796875 0.083984375
2 0.4015625 0.4677734375 0.021875 0.017578125
2 0.36015625 0.4716796875 0.0453125 0.033203125
2 0.26328125 0.466796875 0.0453125 0.04296875
