0 0.00390625 0.5166015625 0.0078125 0.056640625
0 0.01015625 0.505859375 0.0140625 0.05859375
0 0.0234375 0.5078125 0.025 0.078125
0 0.0421875 0.5087890625 0.021875 0.072265625
0 0.05390625 0.5068359375 0.0203125 0.056640625
0 0.071875 0.5029296875 0.01875 0.068359375
0 0.08828125 0.5029296875 0.0171875 0.064453125
0 0.1046875 0.501953125 0.015625 0.0625
0 0.12109375 0.501953125 0.0171875 0.06640625
0 0.13359375 0.5048828125 0.0171875 0.056640625
0 0.14765625 0.505859375 0.0140625 0.0546875
0 0.1640625 0.5029296875 0.0125 0.041015625
0 0.171875 0.4990234375 0.0125 0.048828125
0 0.228125 0.498046875 0.009375 0.03125
6 0.4671875 0.4716796875 0.04375 0.064453125
2 0.2734375 0.4912109375 0.08125 0.076171875
2 0.53046875 0.50390625 0.0984375 0.109375
2 0.43515625 0.4931640625 0.0265625 0.037109375
2 0.41171875 0.498046875 0.0203125 0.0234375
14 0.61640625 0.4716796875 0.0609375 0.033203125
0 0.66171875 0.4599609375 0.0109375 0.037109375
