4 0.55 0.5029296875 0.03125 0.044921875
0 0.08046875 0.57421875 0.0296875 0.09375
0 0.0609375 0.5859375 0.034375 0.08984375
0 0.7640625 0.53125 0.01875 0.0546875
0 0.70859375 0.5087890625 0.0078125 0.021484375
2 0.290625 0.5537109375 0.071875 0.056640625
2 0.3734375 0.5498046875 0.06875 0.068359375
2 0.9453125 0.5517578125 0.075 0.064453125
2 0.8328125 0.533203125 0.065625 0.0546875
2 0.6359375 0.5302734375 0.0375 0.041015625
2 0.60390625 0.5234375 0.0265625 0.02734375
2 0.58359375 0.5107421875 0.0203125 0.029296875
2 0.57109375 0.5126953125 0.0109375 0.013671875
