0 0.89375 0.443359375 0.021875 0.08984375
2 0.01875 0.4990234375 0.0375 0.060546875
2 0.8234375 0.4609375 0.090625 0.0703125
2 0.5671875 0.4697265625 0.05625 0.056640625
2 0.52578125 0.466796875 0.0390625 0.046875
2 0.465625 0.4658203125 0.05 0.052734375
2 0.4 0.458984375 0.0125 0.01171875
2 0.3765625 0.46484375 0.01875 0.015625
2 0.34765625 0.4658203125 0.0203125 0.017578125
2 0.24609375 0.47265625 0.0640625 0.0546875
2 0.20859375 0.4794921875 0.0328125 0.048828125
14 0.4203125 0.453125 0.021875 0.02734375
