1 0.51640625 0.451171875 0.0234375 0.05078125
1 0.48359375 0.45703125 0.0234375 0.04296875
1 0.44296875 0.45703125 0.0265625 0.046875
1 0.41875 0.45703125 0.025 0.0546875
1 0.3921875 0.4619140625 0.021875 0.052734375
1 0.346875 0.462890625 0.0375 0.06640625
1 0.278125 0.47265625 0.059375 0.0703125
1 0.3109375 0.4775390625 0.01875 0.044921875
1 0.2328125 0.4765625 0.034375 0.06640625
1 0.19453125 0.4765625 0.0421875 0.08203125
1 0.12890625 0.4853515625 0.0609375 0.080078125
1 0.0859375 0.486328125 0.05625 0.08203125
1 0.00703125 0.5068359375 0.0140625 0.044921875
2 0.5796875 0.4306640625 0.046875 0.029296875
2 0.88203125 0.427734375 0.0734375 0.078125
2 0.10078125 0.427734375 0.2015625 0.109375
2 0.628125 0.4150390625 0.05625 0.029296875
