0 0.20390625 0.5029296875 0.0234375 0.060546875
0 0.09609375 0.482421875 0.0109375 0.03125
0 0.10859375 0.4755859375 0.0078125 0.025390625
0 0.121875 0.4736328125 0.009375 0.017578125
0 0.0796875 0.4814453125 0.009375 0.025390625
0 0.6203125 0.4873046875 0.00625 0.017578125
0 0.62890625 0.4892578125 0.0046875 0.013671875
0 0.63671875 0.490234375 0.0078125 0.0234375
0 0.64453125 0.4892578125 0.0078125 0.021484375
0 0.65390625 0.4892578125 0.0078125 0.025390625
0 0.66640625 0.4873046875 0.0109375 0.033203125
0 0.68046875 0.484375 0.0078125 0.03125
0 0.67421875 0.48828125 0.0046875 0.0234375
0 0.6875 0.4873046875 0.00625 0.025390625
0 0.7203125 0.494140625 0.0125 0.04296875
0 0.73359375 0.48828125 0.0140625 0.05078125
0 0.74609375 0.4765625 0.0109375 0.03125
0 0.7765625 0.4658203125 0.015625 0.033203125
2 0.56640625 0.48828125 0.0484375 0.0546875
2 0.5109375 0.4951171875 0.021875 0.025390625
2 0.4609375 0.4951171875 0.034375 0.033203125
2 0.33046875 0.5029296875 0.0640625 0.048828125
2 0.27890625 0.5087890625 0.0484375 0.044921875
2 0.1390625 0.5068359375 0.109375 0.060546875
2 0.046875 0.533203125 0.09375 0.171875
2 0.8140625 0.49609375 0.15625 0.06640625
2 0.98671875 0.5087890625 0.0265625 0.048828125
