4 0.56953125 0.5341796875 0.0171875 0.025390625
0 0.92265625 0.5966796875 0.0359375 0.083984375
0 0.890625 0.5908203125 0.028125 0.091796875
0 0.821875 0.580078125 0.021875 0.0703125
0 0.796875 0.5830078125 0.021875 0.068359375
0 0.9828125 0.587890625 0.034375 0.125
0 0.37421875 0.576171875 0.0109375 0.02734375
0 0.3640625 0.578125 0.009375 0.03125
0 0.071875 0.529296875 0.025 0.03125
0 0.071875 0.470703125 0.028125 0.0234375
0 0.6046875 0.5458984375 0.00625 0.025390625
0 0.6 0.546875 0.00625 0.01953125
0 0.6125 0.546875 0.009375 0.02734375
0 0.13671875 0.58203125 0.0171875 0.04296875
2 0.0859375 0.642578125 0.171875 0.12890625
2 0.32578125 0.595703125 0.0671875 0.05859375
2 0.415625 0.59375 0.059375 0.0546875
2 0.46796875 0.5673828125 0.0203125 0.021484375
2 0.509375 0.5947265625 0.05625 0.060546875
2 0.57734375 0.560546875 0.0203125 0.0234375
2 0.571875 0.5439453125 0.0125 0.013671875
2 0.47578125 0.556640625 0.0203125 0.01953125
2 0.49921875 0.55859375 0.0171875 0.01953125
2 0.51015625 0.5439453125 0.0140625 0.017578125
2 0.5375 0.5419921875 0.0125 0.013671875
2 0.52421875 0.541015625 0.0140625 0.01171875
