0 0.09921875 0.4931640625 0.0234375 0.056640625
0 0.265625 0.5009765625 0.009375 0.056640625
0 0.2734375 0.4990234375 0.0125 0.056640625
0 0.32734375 0.48046875 0.0109375 0.01953125
0 0.36875 0.49609375 0.009375 0.0390625
0 0.81875 0.4970703125 0.021875 0.060546875
0 0.78828125 0.4921875 0.0234375 0.05859375
0 0.8421875 0.4931640625 0.01875 0.056640625
0 0.89921875 0.49609375 0.0234375 0.0390625
0 0.63046875 0.4853515625 0.0078125 0.021484375
2 0.390625 0.5 0.040625 0.0390625
2 0.40703125 0.498046875 0.0171875 0.03125
2 0.484375 0.51953125 0.125 0.1171875
2 0.54140625 0.615234375 0.2640625 0.26953125
