0 0.14375 0.48828125 0.01875 0.0546875
0 0.37265625 0.48046875 0.0078125 0.01953125
0 0.42109375 0.486328125 0.0078125 0.0234375
0 0.39375 0.4833984375 0.0125 0.033203125
0 0.72265625 0.5283203125 0.0296875 0.111328125
0 0.753125 0.5234375 0.021875 0.109375
0 0.7640625 0.52734375 0.025 0.11328125
0 0.69921875 0.4833984375 0.0171875 0.044921875
2 0.50546875 0.517578125 0.0578125 0.05859375
2 0.52265625 0.501953125 0.0328125 0.04296875
2 0.55703125 0.4970703125 0.0265625 0.029296875
2 0.54140625 0.48828125 0.0109375 0.01171875
