2 0.89921875 0.5107421875 0.2015625 0.111328125
2 0.50546875 0.501953125 0.1515625 0.17578125
2 0.41875 0.48046875 0.05 0.05859375
2 0.37421875 0.45703125 0.0203125 0.01953125
2 0.33203125 0.4521484375 0.0203125 0.021484375
2 0.35078125 0.44921875 0.0203125 0.01953125
2 0.29453125 0.4443359375 0.0140625 0.013671875
2 0.28671875 0.470703125 0.0359375 0.03515625
2 0.25859375 0.447265625 0.0140625 0.015625
2 0.234375 0.453125 0.015625 0.015625
2 0.215625 0.4580078125 0.01875 0.021484375
2 0.18984375 0.466796875 0.0234375 0.0234375
2 0.09140625 0.4765625 0.0453125 0.03515625
2 0.19296875 0.431640625 0.0078125 0.0078125
2 0.20546875 0.435546875 0.0109375 0.01171875
2 0.2171875 0.4365234375 0.0125 0.013671875
2 0.22578125 0.4443359375 0.0171875 0.013671875
14 0.28203125 0.4345703125 0.0234375 0.029296875
