4 0.61328125 0.462890625 0.0484375 0.07421875
0 0.33984375 0.4892578125 0.0140625 0.029296875
0 0.33125 0.5078125 0.01875 0.0625
0 0.3953125 0.484375 0.0125 0.0234375
0 0.76171875 0.49609375 0.0234375 0.08203125
0 0.765625 0.4599609375 0.015625 0.029296875
0 0.5109375 0.4794921875 0.00625 0.017578125
2 0.665625 0.4736328125 0.0375 0.048828125
2 0.6859375 0.4921875 0.040625 0.05078125
2 0.5671875 0.482421875 0.025 0.03125
2 0.57734375 0.4755859375 0.0140625 0.021484375
2 0.54921875 0.482421875 0.0171875 0.03125
2 0.52890625 0.48828125 0.0390625 0.04296875
2 0.4921875 0.50390625 0.021875 0.05078125
2 0.47109375 0.5107421875 0.0484375 0.064453125
2 0.44296875 0.5185546875 0.0609375 0.064453125
2 0.37265625 0.54296875 0.1015625 0.09375
