0 0.79609375 0.5673828125 0.0484375 0.119140625
0 0.75390625 0.5380859375 0.0453125 0.080078125
0 0.26953125 0.5283203125 0.0453125 0.142578125
2 0.63046875 0.615234375 0.3734375 0.21484375
2 0.68046875 0.5087890625 0.0953125 0.052734375
2 0.596875 0.5 0.0375 0.0234375
2 0.56640625 0.5009765625 0.0296875 0.021484375
2 0.50078125 0.498046875 0.0109375 0.015625
2 0.49375 0.5 0.009375 0.015625
2 0.48515625 0.5 0.0109375 0.01953125
2 0.47421875 0.5 0.0171875 0.0234375
2 0.45234375 0.501953125 0.0296875 0.0390625
2 0.44296875 0.5068359375 0.0234375 0.037109375
2 0.4171875 0.5107421875 0.040625 0.044921875
2 0.38671875 0.515625 0.0390625 0.0546875
2 0.359375 0.515625 0.034375 0.05859375
2 0.32109375 0.5224609375 0.0828125 0.072265625
2 0.17421875 0.5380859375 0.1703125 0.126953125
2 0.23359375 0.4951171875 0.0484375 0.044921875
2 0.034375 0.4638671875 0.06875 0.080078125
