0 0.2609375 0.556640625 0.0125 0.03125
0 0.7578125 0.5634765625 0.01875 0.029296875
0 0.6921875 0.5732421875 0.015625 0.037109375
0 0.67734375 0.5703125 0.0109375 0.04296875
0 0.62890625 0.5712890625 0.0078125 0.033203125
0 0.6203125 0.568359375 0.009375 0.03125
0 0.57734375 0.5625 0.0078125 0.02734375
2 0.759375 0.6318359375 0.1625 0.119140625
2 0.171875 0.6328125 0.1875 0.15234375
2 0.41953125 0.5478515625 0.0109375 0.009765625
2 0.4359375 0.546875 0.0125 0.01171875
2 0.446875 0.546875 0.009375 0.01171875
2 0.40703125 0.546875 0.0140625 0.01171875
