0 0.07734375 0.431640625 0.0296875 0.1015625
0 0.1203125 0.431640625 0.025 0.09765625
0 0.33671875 0.4267578125 0.0140625 0.072265625
0 0.35546875 0.4052734375 0.0140625 0.029296875
0 0.54921875 0.40234375 0.0078125 0.02734375
0 0.5859375 0.427734375 0.028125 0.1015625
0 0.65 0.4365234375 0.01875 0.068359375
0 0.3953125 0.404296875 0.0125 0.0390625
0 0.40625 0.4013671875 0.009375 0.033203125
1 0.4171875 0.4501953125 0.015625 0.048828125
1 0.46484375 0.4482421875 0.0328125 0.068359375
1 0.55390625 0.4443359375 0.0296875 0.072265625
1 0.60234375 0.44140625 0.0390625 0.078125
2 0.8 0.4375 0.225 0.109375
2 0.95078125 0.4521484375 0.0984375 0.099609375
