0 0.44921875 0.55078125 0.0109375 0.03515625
0 0.4625 0.55078125 0.009375 0.03515625
0 0.47734375 0.55078125 0.0109375 0.03515625
0 0.515625 0.5546875 0.009375 0.03125
2 0.078125 0.58984375 0.15625 0.140625
2 0.165625 0.576171875 0.090625 0.10546875
2 0.2546875 0.5625 0.090625 0.07421875
2 0.3078125 0.5576171875 0.05 0.064453125
2 0.33828125 0.552734375 0.0484375 0.05078125
2 0.36640625 0.552734375 0.0453125 0.05078125
2 0.38671875 0.5498046875 0.0203125 0.044921875
2 0.40859375 0.552734375 0.0328125 0.0390625
2 0.42890625 0.552734375 0.0140625 0.0234375
2 0.49453125 0.5537109375 0.0203125 0.021484375
2 0.63984375 0.6181640625 0.1546875 0.150390625
2 0.58125 0.5751953125 0.09375 0.095703125
2 0.55 0.5556640625 0.04375 0.068359375
2 0.5265625 0.5576171875 0.0125 0.029296875
