0 0.984375 0.486328125 0.03125 0.25
0 0.4265625 0.5126953125 0.053125 0.193359375
2 0.7 0.50390625 0.203125 0.17578125
2 0.596875 0.4951171875 0.075 0.130859375
2 0.5203125 0.4853515625 0.040625 0.044921875
2 0.45234375 0.4853515625 0.0140625 0.025390625
2 0.40625 0.486328125 0.01875 0.03125
2 0.35078125 0.4951171875 0.0421875 0.033203125
2 0.3640625 0.4921875 0.028125 0.03515625
2 0.38203125 0.4931640625 0.0171875 0.029296875
2 0.390625 0.490234375 0.009375 0.0234375
2 0.21171875 0.5078125 0.1203125 0.1015625
1 0.5515625 0.4970703125 0.034375 0.033203125
