0 0.796875 0.5234375 0.01875 0.07421875
0 0.6859375 0.49609375 0.0125 0.01953125
0 0.6984375 0.4970703125 0.0125 0.017578125
0 0.58125 0.501953125 0.009375 0.03515625
0 0.59609375 0.50390625 0.0109375 0.03515625
0 0.6109375 0.49609375 0.0125 0.0390625
0 0.32421875 0.484375 0.0109375 0.01171875
0 0.2109375 0.501953125 0.0125 0.0546875
0 0.22890625 0.4931640625 0.0140625 0.044921875
0 0.11328125 0.4921875 0.0203125 0.0625
0 0.09375 0.494140625 0.01875 0.05859375
0 0.3984375 0.4912109375 0.00625 0.017578125
1 0.13984375 0.517578125 0.0328125 0.046875
2 0.51640625 0.505859375 0.0296875 0.0390625
2 0.5328125 0.49609375 0.025 0.0234375
2 0.4921875 0.5244140625 0.065625 0.064453125
2 0.3125 0.517578125 0.075 0.05859375
