0 0.23359375 0.4658203125 0.0171875 0.048828125
0 0.3734375 0.4755859375 0.028125 0.072265625
0 0.45859375 0.4755859375 0.0296875 0.068359375
0 0.55 0.4599609375 0.009375 0.037109375
0 0.49140625 0.4619140625 0.0078125 0.025390625
0 0.3359375 0.45703125 0.01875 0.05078125
1 0.91171875 0.5224609375 0.0578125 0.154296875
1 0.8375 0.5234375 0.040625 0.12109375
1 0.73359375 0.51171875 0.0703125 0.1484375
1 0.7875 0.5078125 0.05 0.14453125
1 0.1375 0.4931640625 0.03125 0.072265625
1 0.10234375 0.4921875 0.0421875 0.078125
1 0.0546875 0.49609375 0.05 0.09765625
1 0.021875 0.5068359375 0.04375 0.107421875
6 0.421875 0.453125 0.01875 0.0234375
2 0.39453125 0.4677734375 0.0265625 0.037109375
2 0.69296875 0.462890625 0.1109375 0.06640625
