0 0.46015625 0.4921875 0.0421875 0.08984375
0 0.47890625 0.48828125 0.0421875 0.09765625
0 0.45859375 0.4775390625 0.0203125 0.107421875
0 0.8921875 0.5546875 0.11875 0.29296875
0 0.7953125 0.6259765625 0.1375 0.384765625
0 0.7375 0.5419921875 0.090625 0.337890625
2 0.22109375 0.4833984375 0.1015625 0.087890625
2 0.27890625 0.4619140625 0.0453125 0.048828125
2 0.309375 0.4677734375 0.01875 0.029296875
2 0.33046875 0.4658203125 0.0234375 0.025390625
2 0.34453125 0.4619140625 0.0203125 0.021484375
2 0.36015625 0.458984375 0.0140625 0.01953125
2 0.3703125 0.45703125 0.009375 0.015625
2 0.3921875 0.453125 0.021875 0.015625
2 0.421875 0.4453125 0.00625 0.0078125
2 0.740625 0.4462890625 0.490625 0.216796875
2 0.44296875 0.4619140625 0.0171875 0.021484375
2 0.43828125 0.4482421875 0.0140625 0.013671875
2 0.434375 0.4384765625 0.00625 0.005859375
2 0.44140625 0.4541015625 0.0171875 0.021484375
14 0.98359375 0.6416015625 0.0328125 0.181640625
