0 0.628125 0.453125 0.0125 0.02734375
1 0.22578125 0.466796875 0.0234375 0.0390625
1 0.25 0.4677734375 0.03125 0.033203125
1 0.6828125 0.5263671875 0.0375 0.083984375
1 0.7296875 0.5341796875 0.06875 0.091796875
1 0.90859375 0.5205078125 0.0453125 0.060546875
1 0.62578125 0.6181640625 0.0703125 0.142578125
1 0.353125 0.46484375 0.028125 0.02734375
2 0.06328125 0.4599609375 0.0640625 0.041015625
2 0.1171875 0.46484375 0.065625 0.046875
2 0.99453125 0.466796875 0.0109375 0.05859375
2 0.978125 0.4677734375 0.03125 0.044921875
2 0.95234375 0.470703125 0.0390625 0.046875
2 0.90703125 0.47265625 0.0640625 0.04296875
