4 0.66953125 0.5361328125 0.1609375 0.138671875
0 0.0109375 0.576171875 0.021875 0.1484375
0 0.1234375 0.5703125 0.028125 0.09765625
0 0.96171875 0.5830078125 0.0328125 0.107421875
0 0.928125 0.544921875 0.015625 0.05859375
0 0.24609375 0.544921875 0.0140625 0.0546875
0 0.28046875 0.55078125 0.0203125 0.05859375
0 0.3125 0.5478515625 0.015625 0.052734375
0 0.34375 0.5673828125 0.015625 0.056640625
0 0.34921875 0.537109375 0.0171875 0.0390625
0 0.36484375 0.5400390625 0.0109375 0.037109375
0 0.37421875 0.5341796875 0.0109375 0.025390625
0 0.38671875 0.5400390625 0.0109375 0.037109375
0 0.39765625 0.5400390625 0.0109375 0.029296875
0 0.4140625 0.5380859375 0.009375 0.029296875
0 0.42578125 0.529296875 0.0078125 0.0234375
0 0.409375 0.5302734375 0.00625 0.021484375
0 0.41953125 0.5234375 0.0046875 0.01953125
0 0.45390625 0.5224609375 0.0078125 0.013671875
0 0.43515625 0.525390625 0.0046875 0.01171875
0 0.46015625 0.5234375 0.0046875 0.01171875
0 0.5875 0.5322265625 0.00625 0.021484375
0 0.56484375 0.5283203125 0.0046875 0.017578125
6 0.525 0.51171875 0.05625 0.05859375
2 0.53515625 0.595703125 0.0984375 0.1171875
2 0.44921875 0.5673828125 0.0796875 0.080078125
2 0.478125 0.546875 0.028125 0.0390625
2 0.4765625 0.521484375 0.015625 0.015625
