0 0.70546875 0.421875 0.0171875 0.0390625
0 0.73984375 0.4248046875 0.0203125 0.037109375
0 0.778125 0.4267578125 0.028125 0.041015625
0 0.81875 0.4296875 0.034375 0.0703125
0 0.859375 0.427734375 0.034375 0.05859375
0 0.60078125 0.4609375 0.0171875 0.08984375
0 0.5875 0.4619140625 0.021875 0.087890625
0 0.65859375 0.4462890625 0.0109375 0.060546875
0 0.4640625 0.455078125 0.009375 0.01953125
2 0.4921875 0.4609375 0.046875 0.0546875
2 0.43203125 0.4580078125 0.0265625 0.025390625
2 0.409375 0.453125 0.009375 0.01171875
2 0.38828125 0.455078125 0.0078125 0.01953125
2 0.3765625 0.4541015625 0.01875 0.025390625
2 0.340625 0.455078125 0.01875 0.0234375
2 0.29921875 0.470703125 0.0703125 0.0625
2 0.14921875 0.462890625 0.0765625 0.1015625
2 0.071875 0.47265625 0.1 0.10546875
2 0.02109375 0.4775390625 0.0421875 0.126953125
