0 0.0890625 0.466796875 0.01875 0.06640625
0 0.11328125 0.4638671875 0.0078125 0.033203125
0 0.184375 0.462890625 0.0125 0.046875
0 0.20234375 0.4658203125 0.0140625 0.052734375
0 0.2078125 0.466796875 0.009375 0.046875
0 0.278125 0.4619140625 0.009375 0.033203125
0 0.290625 0.4677734375 0.015625 0.080078125
0 0.30078125 0.46875 0.0140625 0.07421875
0 0.53203125 0.4609375 0.0140625 0.0625
0 0.546875 0.4599609375 0.028125 0.072265625
0 0.65390625 0.44921875 0.0171875 0.07421875
0 0.671875 0.447265625 0.015625 0.0703125
0 0.79140625 0.4453125 0.0109375 0.05078125
0 0.7140625 0.453125 0.01875 0.06640625
0 0.8109375 0.453125 0.01875 0.0625
2 0.4796875 0.455078125 0.009375 0.0078125
2 0.4390625 0.4560546875 0.015625 0.009765625
2 0.2453125 0.466796875 0.05625 0.046875
2 0.503125 0.4599609375 0.0375 0.041015625
