0 0.0125 0.4951171875 0.015625 0.068359375
0 0.06640625 0.498046875 0.0171875 0.05078125
0 0.08203125 0.494140625 0.0171875 0.0546875
0 0.09765625 0.5 0.0140625 0.046875
0 0.10703125 0.494140625 0.0140625 0.0546875
0 0.13359375 0.4912109375 0.0140625 0.056640625
0 0.14921875 0.4921875 0.0109375 0.046875
0 0.1578125 0.4892578125 0.0125 0.052734375
0 0.178125 0.4892578125 0.0125 0.048828125
0 0.1890625 0.490234375 0.009375 0.046875
0 0.19921875 0.4873046875 0.0109375 0.048828125
0 0.2140625 0.490234375 0.009375 0.0390625
0 0.2875 0.486328125 0.00625 0.03125
0 0.3328125 0.48828125 0.00625 0.0234375
0 0.31640625 0.4873046875 0.0078125 0.025390625
0 0.278125 0.486328125 0.009375 0.03515625
0 0.30703125 0.4892578125 0.0078125 0.025390625
0 0.29765625 0.4873046875 0.0078125 0.029296875
0 0.2546875 0.4873046875 0.009375 0.037109375
0 0.2390625 0.4873046875 0.009375 0.037109375
6 0.4828125 0.47265625 0.028125 0.05078125
2 0.534375 0.501953125 0.10625 0.109375
2 0.41796875 0.4873046875 0.0234375 0.021484375
0 0.87734375 0.40234375 0.0203125 0.0625
0 0.8546875 0.4033203125 0.01875 0.060546875
