4 0.4984375 0.5166015625 0.046875 0.064453125
0 0.04296875 0.568359375 0.0203125 0.1015625
0 0.09296875 0.5595703125 0.0203125 0.080078125
0 0.0640625 0.5908203125 0.065625 0.150390625
0 0.13046875 0.587890625 0.0640625 0.14453125
0 0.21875 0.541015625 0.03125 0.06640625
0 0.246875 0.5400390625 0.028125 0.068359375
1 0.95625 0.59765625 0.0875 0.10546875
1 0.7984375 0.58984375 0.028125 0.0625
2 0.3671875 0.5322265625 0.03125 0.029296875
2 0.3234375 0.537109375 0.025 0.02734375
2 0.43203125 0.5283203125 0.0203125 0.021484375
2 0.45234375 0.5302734375 0.0234375 0.025390625
