4 0.36796875 0.5595703125 0.0359375 0.021484375
0 0.6453125 0.5458984375 0.009375 0.033203125
0 0.6359375 0.548828125 0.009375 0.02734375
0 0.62421875 0.54296875 0.0109375 0.03515625
0 0.58671875 0.5517578125 0.0078125 0.021484375
0 0.5703125 0.5537109375 0.00625 0.021484375
0 0.48046875 0.560546875 0.0046875 0.01953125
0 0.50078125 0.556640625 0.0046875 0.01953125
0 0.50546875 0.5595703125 0.0046875 0.017578125
0 0.47578125 0.560546875 0.0046875 0.015625
0 0.3109375 0.5654296875 0.009375 0.029296875
0 0.33125 0.55859375 0.009375 0.01171875
2 0.853125 0.732421875 0.29375 0.28515625
