0 0.2859375 0.375 0.00625 0.03125
0 0.27890625 0.375 0.0078125 0.02734375
0 0.12421875 0.3740234375 0.0140625 0.068359375
0 0.07109375 0.3720703125 0.0171875 0.060546875
0 0.1 0.376953125 0.01875 0.0625
2 0.71640625 0.4560546875 0.1828125 0.130859375
2 0.57265625 0.41796875 0.0859375 0.05859375
2 0.4875 0.3994140625 0.065625 0.060546875
2 0.44765625 0.3955078125 0.0453125 0.048828125
2 0.40546875 0.388671875 0.0421875 0.0390625
2 0.35625 0.3828125 0.040625 0.0390625
2 0.38203125 0.38671875 0.0171875 0.0234375
2 0.3203125 0.37890625 0.025 0.0234375
2 0.25234375 0.3779296875 0.0390625 0.041015625
2 0.18828125 0.369140625 0.0328125 0.02734375
