0 0.71640625 0.50390625 0.0453125 0.13671875
0 0.74453125 0.5400390625 0.0296875 0.076171875
0 0.7671875 0.5087890625 0.034375 0.134765625
0 0.91015625 0.5302734375 0.1046875 0.322265625
2 0.9296875 0.517578125 0.140625 0.12890625
2 0.82265625 0.484375 0.0921875 0.0703125
2 0.7453125 0.4775390625 0.0375 0.048828125
2 0.65390625 0.4755859375 0.0796875 0.064453125
2 0.5 0.4765625 0.090625 0.0625
2 0.4453125 0.4765625 0.09375 0.0703125
2 0.33203125 0.46875 0.1609375 0.08203125
2 0.22421875 0.462890625 0.0828125 0.0703125
2 0.1625 0.4599609375 0.1375 0.083984375
2 0.04296875 0.447265625 0.0453125 0.04296875
2 0.08203125 0.455078125 0.0453125 0.06640625
