1 0.07109375 0.4853515625 0.0328125 0.080078125
1 0.13828125 0.482421875 0.0203125 0.0625
1 0.853125 0.51171875 0.078125 0.19140625
1 0.60078125 0.4765625 0.0328125 0.078125
1 0.56640625 0.478515625 0.0234375 0.05859375
1 0.396875 0.5751953125 0.084375 0.181640625
1 0.45390625 0.5185546875 0.0484375 0.130859375
1 0.53828125 0.5205078125 0.0671875 0.123046875
1 0.71015625 0.5986328125 0.1015625 0.236328125
2 0.33515625 0.45703125 0.0359375 0.03515625
2 0.27734375 0.462890625 0.0515625 0.05078125
