0 0.32578125 0.443359375 0.0109375 0.02734375
0 0.3375 0.451171875 0.0125 0.04296875
0 0.578125 0.53125 0.040625 0.1328125
1 0.3515625 0.46484375 0.0125 0.03125
1 0.39609375 0.470703125 0.0140625 0.03125
1 0.45859375 0.5498046875 0.0421875 0.103515625
2 0.10546875 0.5908203125 0.2109375 0.197265625
2 0.23515625 0.541015625 0.1265625 0.1328125
2 0.28125 0.513671875 0.0875 0.1015625
2 0.3171875 0.4990234375 0.065625 0.083984375
2 0.365625 0.447265625 0.021875 0.03125
2 0.40078125 0.4580078125 0.0421875 0.041015625
2 0.421875 0.4521484375 0.021875 0.041015625
2 0.43828125 0.4521484375 0.0171875 0.029296875
2 0.48671875 0.45703125 0.0265625 0.03125
2 0.55546875 0.4658203125 0.0390625 0.041015625
2 0.53359375 0.4560546875 0.0171875 0.037109375
2 0.5203125 0.455078125 0.01875 0.03125
2 0.509375 0.4521484375 0.01875 0.025390625
2 0.66953125 0.5126953125 0.1046875 0.087890625
2 0.77109375 0.576171875 0.2015625 0.15234375
2 0.89609375 0.6640625 0.2078125 0.234375
2 0.92265625 0.4765625 0.1046875 0.0625
2 0.8515625 0.4736328125 0.05625 0.048828125
14 0.55234375 0.4423828125 0.0296875 0.025390625
14 0.575 0.5888671875 0.01875 0.021484375
