0 0.1609375 0.435546875 0.025 0.1328125
0 0.23984375 0.416015625 0.0234375 0.08203125
0 0.25625 0.4150390625 0.025 0.091796875
0 0.30078125 0.427734375 0.0234375 0.11328125
0 0.31875 0.4189453125 0.028125 0.083984375
0 0.35390625 0.416015625 0.0140625 0.05859375
0 0.36953125 0.41015625 0.0140625 0.05859375
0 0.38125 0.4169921875 0.0125 0.056640625
0 0.3890625 0.4130859375 0.0125 0.056640625
0 0.59609375 0.4052734375 0.0078125 0.033203125
0 0.72734375 0.41015625 0.0109375 0.02734375
0 0.7546875 0.4091796875 0.009375 0.029296875
6 0.61953125 0.3916015625 0.0421875 0.064453125
2 0.4859375 0.400390625 0.053125 0.0703125
2 0.55625 0.423828125 0.05 0.07421875
2 0.6796875 0.4462890625 0.103125 0.111328125
2 0.5515625 0.3828125 0.028125 0.01171875
