1 0.75234375 0.462890625 0.1046875 0.0703125
1 0.84609375 0.45703125 0.0859375 0.06640625
6 0.61875 0.416015625 0.0625 0.07421875
2 0.32109375 0.4482421875 0.0828125 0.072265625
2 0.32265625 0.41015625 0.0671875 0.0390625
2 0.3640625 0.43359375 0.028125 0.05078125
2 0.37890625 0.4287109375 0.0296875 0.052734375
2 0.390625 0.396484375 0.0125 0.01171875
2 0.42265625 0.373046875 0.0109375 0.01171875
2 0.425 0.3984375 0.0125 0.015625
2 0.4453125 0.3974609375 0.0125 0.017578125
2 0.453125 0.412109375 0.01875 0.01953125
2 0.459375 0.4287109375 0.015625 0.025390625
2 0.4828125 0.4306640625 0.040625 0.044921875
