1 0.20703125 0.5283203125 0.0421875 0.087890625
2 0.84140625 0.5556640625 0.3171875 0.275390625
2 0.66640625 0.498046875 0.1828125 0.19921875
2 0.578125 0.505859375 0.0375 0.0859375
2 0.54921875 0.4892578125 0.0546875 0.056640625
2 0.53203125 0.4794921875 0.0515625 0.060546875
2 0.50390625 0.4775390625 0.0203125 0.044921875
2 0.4890625 0.4765625 0.015625 0.03125
2 0.4765625 0.4697265625 0.015625 0.021484375
2 0.465625 0.45703125 0.0125 0.015625
2 0.47421875 0.462890625 0.0203125 0.015625
2 0.434375 0.462890625 0.009375 0.0078125
2 0.425 0.4677734375 0.01875 0.025390625
2 0.4046875 0.4755859375 0.034375 0.033203125
2 0.36953125 0.4765625 0.0296875 0.03125
2 0.340625 0.4814453125 0.0375 0.037109375
2 0.30546875 0.490234375 0.0484375 0.04296875
2 0.26328125 0.4921875 0.0421875 0.0703125
2 0.209375 0.49609375 0.103125 0.1015625
2 0.14296875 0.5185546875 0.0984375 0.099609375
2 0.05234375 0.521484375 0.1046875 0.18359375
