2 0.4625 0.5283203125 0.0625 0.064453125
2 0.54921875 0.541015625 0.0796875 0.08984375
2 0.61640625 0.49609375 0.0203125 0.01953125
2 0.575 0.4990234375 0.021875 0.021484375
2 0.6953125 0.482421875 0.0125 0.015625
2 0.67109375 0.486328125 0.0109375 0.01171875
2 0.47890625 0.49609375 0.0203125 0.01171875
2 0.50703125 0.49609375 0.0140625 0.01171875
2 0.51640625 0.4951171875 0.0109375 0.009765625
2 0.52578125 0.494140625 0.0078125 0.0078125
2 0.62890625 0.48828125 0.0109375 0.0078125
2 0.64921875 0.4853515625 0.0109375 0.009765625
2 0.6390625 0.4873046875 0.009375 0.009765625
