4 0.2859375 0.4365234375 0.028125 0.033203125
0 0.4890625 0.4619140625 0.0125 0.056640625
0 0.51015625 0.4560546875 0.0109375 0.052734375
0 0.5796875 0.42578125 0.00625 0.01171875
0 0.5890625 0.423828125 0.00625 0.01171875
0 0.5953125 0.4248046875 0.00625 0.009765625
0 0.6328125 0.427734375 0.00625 0.01953125
0 0.86171875 0.4345703125 0.0140625 0.041015625
0 0.01328125 0.4833984375 0.0265625 0.107421875
0 0.09375 0.470703125 0.015625 0.0546875
2 0.37890625 0.439453125 0.0140625 0.015625
2 0.359375 0.4375 0.015625 0.015625
2 0.34296875 0.4404296875 0.0109375 0.009765625
2 0.32578125 0.439453125 0.0140625 0.01171875
2 0.39921875 0.443359375 0.0265625 0.0234375
2 0.428125 0.4609375 0.109375 0.05078125
2 0.26796875 0.4482421875 0.0265625 0.025390625
2 0.69921875 0.4384765625 0.0578125 0.017578125
