0 0.95703125 0.5 0.0359375 0.13671875
0 0.90234375 0.509765625 0.0484375 0.13671875
0 0.8640625 0.484375 0.03125 0.125
0 0.79375 0.4814453125 0.03125 0.099609375
0 0.7625 0.484375 0.028125 0.1015625
0 0.778125 0.4599609375 0.01875 0.072265625
0 0.7296875 0.4736328125 0.025 0.072265625
0 0.69296875 0.474609375 0.0203125 0.078125
0 0.74765625 0.4580078125 0.0171875 0.091796875
2 0.2046875 0.48828125 0.10625 0.09375
2 0.921875 0.4560546875 0.059375 0.056640625
2 0.85 0.4609375 0.05 0.04296875
2 0.78671875 0.4462890625 0.0640625 0.064453125
