0 0.1109375 0.4892578125 0.06875 0.193359375
0 0.1390625 0.46875 0.034375 0.140625
0 0.91484375 0.4560546875 0.0703125 0.201171875
0 0.87578125 0.46484375 0.0546875 0.171875
0 0.60546875 0.486328125 0.0640625 0.171875
0 0.546875 0.4619140625 0.01875 0.056640625
0 0.559375 0.458984375 0.009375 0.03515625
0 0.64296875 0.4501953125 0.0140625 0.048828125
0 0.6609375 0.453125 0.015625 0.046875
2 0.8125 0.4580078125 0.1125 0.068359375
2 0.125 0.4697265625 0.146875 0.087890625
2 0.35546875 0.6201171875 0.5015625 0.470703125
1 0.01484375 0.48828125 0.0171875 0.03515625
