0 0.76015625 0.5087890625 0.0421875 0.216796875
2 0.05859375 0.5087890625 0.1171875 0.142578125
2 0.2015625 0.4306640625 0.06875 0.056640625
2 0.20078125 0.4794921875 0.1296875 0.099609375
2 0.271875 0.4482421875 0.065625 0.087890625
2 0.31796875 0.453125 0.0421875 0.05078125
2 0.3578125 0.453125 0.028125 0.02734375
2 0.446875 0.4501953125 0.140625 0.068359375
2 0.5109375 0.4521484375 0.071875 0.056640625
2 0.6125 0.4521484375 0.128125 0.064453125
2 0.91484375 0.4501953125 0.0828125 0.041015625
