0 0.2328125 0.470703125 0.0125 0.05859375
0 0.2578125 0.478515625 0.021875 0.0546875
0 0.41328125 0.482421875 0.0453125 0.09765625
0 0.39765625 0.482421875 0.0171875 0.0859375
0 0.59921875 0.4609375 0.0109375 0.04296875
0 0.6234375 0.470703125 0.034375 0.0625
0 0.934375 0.47265625 0.025 0.078125
1 0.36328125 0.4921875 0.0359375 0.03515625
1 0.68125 0.474609375 0.025 0.03125
1 0.75625 0.5 0.053125 0.08984375
1 0.79375 0.4912109375 0.028125 0.099609375
1 0.815625 0.5 0.040625 0.11328125
1 0.971875 0.5244140625 0.05625 0.166015625
2 0.296875 0.4765625 0.05 0.05078125
2 0.3609375 0.48046875 0.05 0.04296875
2 0.52265625 0.5048828125 0.1296875 0.115234375
