0 0.22890625 0.48046875 0.0203125 0.05859375
0 0.3203125 0.4599609375 0.009375 0.029296875
0 0.525 0.494140625 0.034375 0.14453125
2 0.1296875 0.46875 0.05 0.05859375
2 0.096875 0.470703125 0.090625 0.0546875
2 0.07578125 0.4775390625 0.1078125 0.060546875
2 0.2359375 0.474609375 0.14375 0.06640625
14 0.38515625 0.45703125 0.0328125 0.03125
2 0.45390625 0.4658203125 0.0796875 0.052734375
2 0.50390625 0.466796875 0.1171875 0.06640625
2 0.60234375 0.4873046875 0.0640625 0.068359375
14 0.76875 0.44140625 0.3125 0.19140625
