0 0.703125 0.544921875 0.009375 0.0390625
0 0.63515625 0.5498046875 0.0078125 0.037109375
0 0.64140625 0.55078125 0.0078125 0.0390625
0 0.9109375 0.5595703125 0.009375 0.044921875
0 0.9296875 0.560546875 0.015625 0.05078125
0 0.77421875 0.537109375 0.0078125 0.0234375
0 0.8109375 0.537109375 0.009375 0.01953125
0 0.86171875 0.537109375 0.0109375 0.01953125
0 0.8296875 0.5390625 0.009375 0.015625
0 0.79375 0.537109375 0.009375 0.01953125
0 0.1203125 0.548828125 0.009375 0.03515625
0 0.21015625 0.5498046875 0.0078125 0.029296875
2 0.0375 0.5634765625 0.075 0.056640625
2 0.24765625 0.5556640625 0.0609375 0.048828125
2 0.565625 0.5498046875 0.025 0.029296875
2 0.534375 0.556640625 0.046875 0.046875
2 0.4171875 0.6962890625 0.275 0.310546875
2 0.33046875 0.560546875 0.0421875 0.03515625
2 0.315625 0.546875 0.028125 0.03125
2 0.41875 0.53515625 0.028125 0.015625
2 0.45703125 0.5341796875 0.0171875 0.013671875
2 0.28828125 0.5517578125 0.0234375 0.029296875
