0 0.80703125 0.46484375 0.0359375 0.125
0 0.7890625 0.4599609375 0.025 0.107421875
0 0.771875 0.4580078125 0.0375 0.119140625
0 0.5734375 0.4521484375 0.0125 0.033203125
0 0.559375 0.44921875 0.0125 0.03125
1 0.803125 0.4921875 0.046875 0.08203125
2 0.503125 0.47265625 0.05 0.046875
2 0.49609375 0.4599609375 0.0421875 0.060546875
2 0.47109375 0.4599609375 0.0171875 0.044921875
2 0.4578125 0.4619140625 0.01875 0.021484375
2 0.42265625 0.4638671875 0.0296875 0.033203125
2 0.3984375 0.4599609375 0.01875 0.025390625
2 0.36953125 0.46484375 0.0140625 0.01953125
2 0.35546875 0.4677734375 0.0234375 0.021484375
2 0.33203125 0.470703125 0.0109375 0.03125
2 0.32265625 0.46875 0.0140625 0.0390625
2 0.27109375 0.4765625 0.0546875 0.05078125
2 0.2875 0.46484375 0.05625 0.05859375
