0 0.76328125 0.46484375 0.0234375 0.0703125
0 0.76875 0.462890625 0.015625 0.06640625
0 0.78203125 0.4794921875 0.0203125 0.087890625
0 0.7421875 0.4794921875 0.021875 0.103515625
0 0.5796875 0.4765625 0.015625 0.078125
0 0.3890625 0.4453125 0.009375 0.03125
0 0.28203125 0.4501953125 0.0109375 0.033203125
0 0.2109375 0.474609375 0.021875 0.07421875
0 0.2265625 0.4873046875 0.028125 0.072265625
0 0.3078125 0.4833984375 0.025 0.072265625
0 0.15 0.4501953125 0.009375 0.021484375
0 0.16875 0.4599609375 0.015625 0.037109375
0 0.13984375 0.4716796875 0.0171875 0.056640625
0 0.10625 0.462890625 0.0125 0.03515625
0 0.07890625 0.4638671875 0.0171875 0.037109375
0 0.0484375 0.46484375 0.0125 0.03515625
0 0.05859375 0.4638671875 0.0140625 0.033203125
0 0.025 0.4736328125 0.015625 0.037109375
1 0.67890625 0.5146484375 0.0703125 0.068359375
2 0.04921875 0.4921875 0.0828125 0.0546875
2 0.44453125 0.435546875 0.0109375 0.01171875
2 0.453125 0.435546875 0.009375 0.01171875
2 0.4671875 0.435546875 0.009375 0.0078125
2 0.490625 0.43359375 0.009375 0.01171875
2 0.4984375 0.4375 0.0125 0.01953125
2 0.50703125 0.439453125 0.0203125 0.0234375
2 0.52265625 0.451171875 0.0171875 0.03125
2 0.53984375 0.455078125 0.0296875 0.0390625
2 0.55703125 0.466796875 0.0390625 0.0546875
