2 0.47109375 0.453125 0.0046875 0.0078125
2 0.4671875 0.45703125 0.00625 0.0078125
2 0.4859375 0.4658203125 0.0125 0.013671875
2 0.43203125 0.4638671875 0.0046875 0.009765625
2 0.42109375 0.46484375 0.0046875 0.0078125
2 0.40859375 0.4677734375 0.0171875 0.013671875
2 0.39453125 0.466796875 0.0109375 0.01171875
2 0.34375 0.4716796875 0.021875 0.021484375
2 0.01796875 0.525390625 0.0359375 0.06640625
2 0.37734375 0.4677734375 0.0109375 0.013671875
2 0.440625 0.4658203125 0.00625 0.005859375
2 0.4484375 0.462890625 0.003125 0.00390625
