4 0.52734375 0.3916015625 0.0265625 0.029296875
0 0.4046875 0.400390625 0.009375 0.02734375
0 0.36953125 0.4140625 0.0265625 0.078125
0 0.425 0.41015625 0.015625 0.04296875
0 0.26328125 0.421875 0.0234375 0.078125
0 0.01640625 0.4365234375 0.0328125 0.138671875
1 0.4796875 0.4404296875 0.01875 0.048828125
1 0.50859375 0.4296875 0.0140625 0.0390625
1 0.03203125 0.5478515625 0.0640625 0.087890625
6 0.58515625 0.3955078125 0.0953125 0.166015625
2 0.528125 0.4189453125 0.025 0.033203125
2 0.6203125 0.4697265625 0.15 0.158203125
2 0.8 0.4736328125 0.1625 0.158203125
