0 0.75390625 0.5576171875 0.0203125 0.064453125
0 0.659375 0.55078125 0.015625 0.04296875
0 0.68125 0.568359375 0.009375 0.06640625
0 0.70859375 0.5595703125 0.0171875 0.048828125
0 0.2265625 0.5478515625 0.0125 0.044921875
0 0.2453125 0.533203125 0.0125 0.01953125
0 0.64375 0.55078125 0.015625 0.0390625
0 0.59765625 0.548828125 0.0109375 0.0234375
2 0.45859375 0.6455078125 0.1609375 0.162109375
2 0.459375 0.55078125 0.05 0.02734375
2 0.39609375 0.5634765625 0.0484375 0.060546875
2 0.35078125 0.5859375 0.0796875 0.08203125
2 0.425 0.5419921875 0.028125 0.033203125
