0 0.771875 0.4609375 0.01875 0.0703125
0 0.59765625 0.4609375 0.0140625 0.046875
1 0.7828125 0.5107421875 0.09375 0.095703125
1 0.76328125 0.4931640625 0.0984375 0.103515625
2 0.40390625 0.4755859375 0.0453125 0.041015625
2 0.378125 0.470703125 0.028125 0.03125
2 0.3390625 0.47265625 0.0375 0.046875
2 0.35859375 0.46875 0.0140625 0.02734375
2 0.29375 0.4931640625 0.096875 0.083984375
2 0.1671875 0.4755859375 0.0375 0.033203125
2 0.10859375 0.4873046875 0.0953125 0.083984375
2 0.046875 0.5380859375 0.09375 0.259765625
