0 0.01015625 0.4306640625 0.0203125 0.162109375
0 0.2671875 0.455078125 0.01875 0.0625
0 0.2203125 0.4482421875 0.009375 0.041015625
0 0.24453125 0.4541015625 0.0078125 0.017578125
0 0.88046875 0.4833984375 0.0328125 0.142578125
0 0.96328125 0.46875 0.0484375 0.1328125
0 0.928125 0.4755859375 0.01875 0.107421875
0 0.94453125 0.4775390625 0.0234375 0.095703125
0 0.78515625 0.4794921875 0.0390625 0.130859375
1 0.15078125 0.453125 0.0421875 0.0390625
1 0.11796875 0.4462890625 0.0578125 0.048828125
2 0.31953125 0.46875 0.0921875 0.06640625
2 0.35 0.4599609375 0.05625 0.072265625
2 0.37421875 0.45703125 0.0234375 0.05859375
2 0.39375 0.466796875 0.01875 0.03125
2 0.41015625 0.4609375 0.0203125 0.02734375
2 0.9890625 0.46484375 0.021875 0.0546875
2 0.68984375 0.470703125 0.1046875 0.1015625
2 0.6203125 0.474609375 0.053125 0.0546875
2 0.5953125 0.466796875 0.046875 0.0546875
2 0.565625 0.4560546875 0.059375 0.060546875
2 0.5296875 0.4658203125 0.01875 0.029296875
2 0.51953125 0.4638671875 0.0140625 0.029296875
2 0.490625 0.462890625 0.04375 0.04296875
