0 0.04765625 0.51953125 0.0359375 0.09375
0 0.0921875 0.5048828125 0.025 0.095703125
0 0.0703125 0.498046875 0.021875 0.0859375
0 0.05 0.4921875 0.015625 0.04296875
0 0.3359375 0.4765625 0.0125 0.04296875
0 0.584375 0.4609375 0.00625 0.0234375
0 0.94765625 0.4892578125 0.0203125 0.080078125
0 0.98671875 0.5126953125 0.0265625 0.103515625
2 0.45546875 0.4755859375 0.0390625 0.041015625
2 0.4796875 0.466796875 0.015625 0.0234375
2 0.50703125 0.4970703125 0.0453125 0.052734375
2 0.47890625 0.5078125 0.0671875 0.0625
2 0.621875 0.458984375 0.01875 0.01953125
2 0.60546875 0.453125 0.0109375 0.01171875
2 0.59453125 0.453125 0.0078125 0.0078125
2 0.5703125 0.453125 0.009375 0.0078125
