0 0.01640625 0.6357421875 0.0328125 0.166015625
0 0.2796875 0.453125 0.0125 0.046875
0 0.3796875 0.4384765625 0.009375 0.025390625
0 0.525 0.458984375 0.01875 0.046875
0 0.57734375 0.4365234375 0.0109375 0.033203125
0 0.8953125 0.4609375 0.01875 0.078125
0 0.86484375 0.4599609375 0.0203125 0.080078125
0 0.71953125 0.46484375 0.0203125 0.04296875
0 0.73671875 0.45703125 0.0140625 0.03125
0 0.71015625 0.45703125 0.0203125 0.03515625
0 0.64765625 0.4501953125 0.0171875 0.029296875
0 0.66171875 0.4501953125 0.0171875 0.041015625
0 0.690625 0.45703125 0.0125 0.04296875
0 0.5203125 0.4267578125 0.00625 0.009765625
1 0.234375 0.4853515625 0.015625 0.044921875
1 0.20859375 0.482421875 0.0171875 0.03515625
1 0.30546875 0.482421875 0.0171875 0.0390625
1 0.3890625 0.439453125 0.00625 0.01171875
1 0.58203125 0.4609375 0.0171875 0.03515625
2 0.56171875 0.61328125 0.2390625 0.26953125
2 0.5375 0.4541015625 0.053125 0.048828125
2 0.5109375 0.451171875 0.01875 0.0390625
2 0.5046875 0.4462890625 0.0125 0.029296875
2 0.50234375 0.4443359375 0.0140625 0.029296875
2 0.48984375 0.4326171875 0.0234375 0.025390625
2 0.475 0.4296875 0.0125 0.015625
2 0.46640625 0.427734375 0.0078125 0.01171875
2 0.42734375 0.427734375 0.0140625 0.015625
2 0.446875 0.427734375 0.015625 0.01171875
2 0.4375 0.427734375 0.009375 0.01171875
