0 0.61875 0.4794921875 0.0125 0.052734375
0 0.6328125 0.4814453125 0.015625 0.052734375
0 0.65390625 0.478515625 0.0140625 0.05078125
0 0.66640625 0.4775390625 0.0140625 0.056640625
0 0.684375 0.478515625 0.015625 0.05078125
0 0.69609375 0.4765625 0.0140625 0.0546875
0 0.70625 0.482421875 0.0125 0.0390625
0 0.5921875 0.46484375 0.009375 0.03125
1 0.6046875 0.4931640625 0.015625 0.033203125
2 0.2328125 0.4931640625 0.08125 0.068359375
2 0.36484375 0.4541015625 0.0203125 0.021484375
2 0.45546875 0.48828125 0.0703125 0.0703125
2 0.47578125 0.4521484375 0.0171875 0.017578125
2 0.45390625 0.4443359375 0.0140625 0.017578125
2 0.4640625 0.4384765625 0.009375 0.009765625
