0 0.4578125 0.47265625 0.0125 0.03515625
0 0.390625 0.4765625 0.0125 0.02734375
0 0.5609375 0.4580078125 0.0125 0.017578125
2 0.92890625 0.5458984375 0.1421875 0.248046875
2 0.8140625 0.529296875 0.225 0.1796875
2 0.69765625 0.5 0.1296875 0.125
2 0.62734375 0.490234375 0.0828125 0.10546875
2 0.58046875 0.4970703125 0.0328125 0.064453125
2 0.56015625 0.4921875 0.0390625 0.0546875
2 0.540625 0.486328125 0.03125 0.046875
2 0.48359375 0.46875 0.0203125 0.0234375
2 0.471875 0.4638671875 0.015625 0.021484375
2 0.4375 0.4716796875 0.028125 0.033203125
2 0.37109375 0.4775390625 0.0234375 0.021484375
2 0.34453125 0.474609375 0.0140625 0.01953125
2 0.31875 0.48046875 0.04375 0.0390625
2 0.35703125 0.4697265625 0.0109375 0.013671875
2 0.2765625 0.484375 0.01875 0.03515625
2 0.26171875 0.4853515625 0.0265625 0.033203125
2 0.23984375 0.48828125 0.0390625 0.0390625
2 0.22421875 0.4931640625 0.0359375 0.037109375
2 0.1921875 0.494140625 0.040625 0.05078125
2 0.15546875 0.4970703125 0.0609375 0.056640625
2 0.103125 0.50390625 0.06875 0.06640625
2 0.03671875 0.509765625 0.0734375 0.0859375
2 0.378125 0.47265625 0.01875 0.01953125
2 0.41328125 0.4619140625 0.0140625 0.013671875
