0 0.95546875 0.4306640625 0.0171875 0.048828125
0 0.6546875 0.4677734375 0.015625 0.056640625
2 0.875 0.44140625 0.04375 0.0390625
2 0.74921875 0.4521484375 0.0359375 0.037109375
2 0.646875 0.46484375 0.04375 0.03515625
2 0.51875 0.4736328125 0.03125 0.033203125
2 0.5015625 0.4736328125 0.015625 0.021484375
2 0.45078125 0.4755859375 0.0484375 0.056640625
2 0.4203125 0.46875 0.01875 0.0234375
2 0.40078125 0.466796875 0.0109375 0.01171875
2 0.38671875 0.466796875 0.0140625 0.01171875
2 0.37421875 0.4697265625 0.0171875 0.017578125
2 0.353125 0.4736328125 0.025 0.017578125
2 0.328125 0.470703125 0.025 0.01953125
2 0.34609375 0.4638671875 0.0140625 0.013671875
2 0.28828125 0.4794921875 0.0453125 0.037109375
2 0.2578125 0.4814453125 0.034375 0.033203125
2 0.15390625 0.494140625 0.0828125 0.07421875
