0 0.03046875 0.560546875 0.0265625 0.13671875
0 0.896875 0.599609375 0.0375 0.109375
0 0.875 0.5849609375 0.025 0.107421875
0 0.84140625 0.5361328125 0.0140625 0.037109375
0 0.9765625 0.376953125 0.0125 0.0390625
0 0.76171875 0.5302734375 0.0109375 0.025390625
0 0.62265625 0.52734375 0.0078125 0.02734375
0 0.66875 0.52734375 0.009375 0.0234375
0 0.06875 0.51953125 0.009375 0.02734375
0 0.05546875 0.5205078125 0.0078125 0.025390625
0 0.096875 0.5185546875 0.009375 0.033203125
0 0.10625 0.51953125 0.009375 0.03125
0 0.07890625 0.517578125 0.0078125 0.02734375
0 0.12265625 0.5166015625 0.0046875 0.021484375
0 0.265625 0.51953125 0.00625 0.0234375
0 0.240625 0.513671875 0.00625 0.01171875
0 0.171875 0.5205078125 0.00625 0.025390625
0 0.0125 0.541015625 0.025 0.09375
0 0.81640625 0.525390625 0.0078125 0.0234375
0 0.82421875 0.52734375 0.0078125 0.0234375
0 0.68125 0.5283203125 0.009375 0.025390625
0 0.6421875 0.52734375 0.00625 0.0234375
0 0.63125 0.5283203125 0.00625 0.021484375
0 0.63515625 0.5283203125 0.0046875 0.021484375
0 0.65390625 0.5283203125 0.0078125 0.025390625
0 0.78125 0.529296875 0.00625 0.02734375
6 0.4625 0.5078125 0.1125 0.16796875
2 0.34765625 0.5947265625 0.1578125 0.189453125
2 0.53828125 0.6826171875 0.2328125 0.259765625
2 0.5890625 0.5966796875 0.125 0.107421875
2 0.2296875 0.52734375 0.028125 0.0234375
2 0.20703125 0.515625 0.0328125 0.03515625
2 0.603125 0.533203125 0.021875 0.01953125
2 0.15859375 0.5126953125 0.0140625 0.017578125
2 0.1734375 0.5126953125 0.015625 0.013671875
2 0.528125 0.5361328125 0.034375 0.029296875
2 0.56875 0.533203125 0.025 0.015625
2 0.3625 0.4921875 0.08125 0.02734375
2 0.5578125 0.533203125 0.01875 0.01953125
