0 0.978125 0.62109375 0.04375 0.1640625
0 0.925 0.6259765625 0.03125 0.146484375
0 0.865625 0.6181640625 0.0375 0.150390625
0 0.82734375 0.58984375 0.0265625 0.0859375
0 0.7671875 0.5869140625 0.01875 0.064453125
0 0.65 0.56640625 0.015625 0.05078125
0 0.6328125 0.572265625 0.015625 0.05078125
0 0.6171875 0.572265625 0.015625 0.0546875
0 0.58828125 0.5576171875 0.0078125 0.037109375
0 0.196875 0.59765625 0.040625 0.17578125
0 0.0265625 0.5771484375 0.034375 0.162109375
0 0.47265625 0.533203125 0.0078125 0.015625
2 0.5609375 0.5654296875 0.046875 0.060546875
2 0.4984375 0.5400390625 0.015625 0.017578125
2 0.48828125 0.53515625 0.0078125 0.01171875
