0 0.875 0.4287109375 0.04375 0.123046875
0 0.91328125 0.423828125 0.0296875 0.09375
0 0.93671875 0.4384765625 0.0265625 0.111328125
0 0.7828125 0.423828125 0.03125 0.05078125
0 0.803125 0.4189453125 0.021875 0.056640625
1 0.57109375 0.482421875 0.0546875 0.05078125
2 0.42265625 0.447265625 0.0109375 0.01171875
2 0.37734375 0.451171875 0.0109375 0.01171875
2 0.3359375 0.455078125 0.01875 0.01953125
2 0.2921875 0.4619140625 0.025 0.025390625
2 0.2125 0.47265625 0.0375 0.04296875
2 0.18515625 0.478515625 0.0421875 0.0390625
2 0.10234375 0.541015625 0.2046875 0.2578125
2 0.49296875 0.4677734375 0.0203125 0.033203125
