0 0.1671875 0.55859375 0.034375 0.04296875
0 0.12734375 0.5625 0.0296875 0.046875
0 0.4296875 0.541015625 0.00625 0.01953125
2 0.9203125 0.8173828125 0.159375 0.365234375
2 0.82578125 0.6728515625 0.3078125 0.291015625
2 0.634375 0.6337890625 0.13125 0.130859375
2 0.61328125 0.5859375 0.0796875 0.0546875
2 0.5796875 0.5869140625 0.06875 0.080078125
2 0.5453125 0.5771484375 0.03125 0.056640625
2 0.5328125 0.564453125 0.040625 0.046875
2 0.51953125 0.556640625 0.0359375 0.04296875
2 0.49296875 0.5556640625 0.0265625 0.033203125
2 0.4625 0.54296875 0.046875 0.01953125
2 0.47265625 0.5830078125 0.0734375 0.060546875
2 0.4109375 0.705078125 0.265625 0.3046875
2 0.14921875 0.689453125 0.2921875 0.22265625
2 0.475 0.533203125 0.01875 0.01171875
