0 0.45859375 0.4853515625 0.0109375 0.021484375
0 0.43125 0.5029296875 0.0125 0.044921875
0 0.42109375 0.482421875 0.0109375 0.0390625
0 0.41484375 0.50390625 0.0140625 0.05078125
0 0.39296875 0.5048828125 0.0203125 0.056640625
0 0.34609375 0.5224609375 0.0234375 0.068359375
0 0.2515625 0.5595703125 0.021875 0.091796875
0 0.28515625 0.5361328125 0.0296875 0.107421875
0 0.065625 0.568359375 0.03125 0.140625
0 0.109375 0.5615234375 0.028125 0.126953125
0 0.13671875 0.564453125 0.0390625 0.1484375
0 0.18046875 0.5517578125 0.0328125 0.134765625
0 0.18203125 0.5693359375 0.0296875 0.130859375
2 0.4796875 0.5087890625 0.078125 0.033203125
2 0.58515625 0.5478515625 0.1453125 0.150390625
2 0.6453125 0.5185546875 0.040625 0.080078125
2 0.6515625 0.4833984375 0.0625 0.080078125
2 0.7203125 0.4482421875 0.059375 0.068359375
2 0.7828125 0.548828125 0.178125 0.19140625
2 0.93046875 0.46875 0.1328125 0.046875
2 0.88984375 0.63671875 0.2203125 0.30859375
2 0.4390625 0.7275390625 0.434375 0.404296875
