1 0.559375 0.4912109375 0.025 0.033203125
1 0.5796875 0.490234375 0.01875 0.03125
1 0.60625 0.4912109375 0.01875 0.033203125
1 0.62421875 0.4912109375 0.0140625 0.021484375
1 0.67734375 0.4873046875 0.0171875 0.021484375
1 0.653125 0.48828125 0.01875 0.0234375
1 0.6375 0.4912109375 0.0125 0.021484375
2 0.909375 0.470703125 0.18125 0.1015625
2 0.7703125 0.478515625 0.159375 0.07421875
2 0.35703125 0.5 0.1859375 0.18359375
2 0.23671875 0.4921875 0.0359375 0.03515625
2 0.1078125 0.4853515625 0.04375 0.048828125
2 0.12578125 0.478515625 0.0390625 0.0546875
