0 0.01875 0.5146484375 0.0375 0.169921875
0 0.17890625 0.462890625 0.0140625 0.05078125
0 0.2078125 0.4658203125 0.015625 0.052734375
0 0.24609375 0.4697265625 0.0234375 0.080078125
0 0.28359375 0.4619140625 0.0109375 0.033203125
0 0.49375 0.4619140625 0.01875 0.076171875
0 0.103125 0.45703125 0.00625 0.03125
0 0.11171875 0.4599609375 0.0046875 0.033203125
0 0.1171875 0.4541015625 0.00625 0.029296875
2 0.5109375 0.458984375 0.021875 0.0390625
2 0.4796875 0.4541015625 0.009375 0.009765625
2 0.43828125 0.4560546875 0.0140625 0.009765625
2 0.24453125 0.46875 0.0578125 0.046875
0 0.7109375 0.45703125 0.0125 0.05859375
0 0.68515625 0.4521484375 0.0109375 0.052734375
0 0.79609375 0.4482421875 0.0171875 0.064453125
