14 0.26796875 0.404296875 0.0234375 0.02734375
2 0.5375 0.455078125 0.159375 0.1875
2 0.42265625 0.4462890625 0.0609375 0.064453125
2 0.3953125 0.435546875 0.0125 0.02734375
2 0.384375 0.4306640625 0.021875 0.025390625
2 0.35859375 0.4248046875 0.0203125 0.017578125
2 0.315625 0.419921875 0.021875 0.0234375
2 0.2015625 0.40625 0.009375 0.01171875
2 0.209375 0.4140625 0.015625 0.01953125
2 0.21875 0.4228515625 0.021875 0.025390625
2 0.25 0.416015625 0.015625 0.01171875
2 0.25625 0.4423828125 0.046875 0.044921875
2 0.1890625 0.43359375 0.028125 0.02734375
2 0.1890625 0.4033203125 0.009375 0.009765625
2 0.14453125 0.4404296875 0.0359375 0.029296875
2 0.01796875 0.4521484375 0.0359375 0.041015625
2 0.33515625 0.416015625 0.0171875 0.0234375
2 0.28203125 0.4130859375 0.0171875 0.013671875
2 0.2421875 0.3994140625 0.0125 0.013671875
2 0.946875 0.44921875 0.10625 0.0546875
2 0.88515625 0.44921875 0.0890625 0.04296875
