0 0.8453125 0.6142578125 0.121875 0.302734375
0 0.89453125 0.6357421875 0.0921875 0.298828125
0 0.33515625 0.501953125 0.0109375 0.03125
2 0.68515625 0.521484375 0.0640625 0.05859375
2 0.62578125 0.51171875 0.0453125 0.04296875
2 0.5453125 0.5029296875 0.0125 0.013671875
2 0.4609375 0.509765625 0.025 0.0390625
2 0.48203125 0.505859375 0.0203125 0.02734375
2 0.49453125 0.494140625 0.0078125 0.0078125
2 0.5 0.494140625 0.003125 0.0078125
2 0.51328125 0.4912109375 0.0046875 0.005859375
2 0.534375 0.494140625 0.0125 0.01171875
2 0.41015625 0.4873046875 0.0796875 0.111328125
2 0.35703125 0.5107421875 0.0265625 0.021484375
