4 0.42421875 0.4306640625 0.0578125 0.052734375
0 0.38359375 0.474609375 0.0453125 0.13671875
1 0.38125 0.4931640625 0.11875 0.095703125
2 0.6171875 0.462890625 0.084375 0.0859375
2 0.57265625 0.4501953125 0.0546875 0.068359375
2 0.54453125 0.451171875 0.0234375 0.0546875
2 0.53125 0.4482421875 0.03125 0.041015625
2 0.51484375 0.4453125 0.0171875 0.03125
2 0.50390625 0.4443359375 0.0140625 0.025390625
2 0.49296875 0.4453125 0.0109375 0.01171875
2 0.484375 0.4453125 0.00625 0.0078125
2 0.4546875 0.4501953125 0.040625 0.041015625
2 0.3421875 0.4599609375 0.059375 0.072265625
2 0.2796875 0.4697265625 0.1 0.091796875
