4 0.7671875 0.494140625 0.2125 0.2109375
0 0.8859375 0.5478515625 0.028125 0.076171875
0 0.9125 0.5390625 0.034375 0.12109375
0 0.884375 0.5068359375 0.03125 0.076171875
0 0.928125 0.5009765625 0.015625 0.068359375
0 0.99296875 0.529296875 0.0140625 0.10546875
0 0.3046875 0.4765625 0.021875 0.05859375
2 0.48359375 0.478515625 0.0296875 0.03125
2 0.459375 0.4775390625 0.015625 0.013671875
2 0.43984375 0.478515625 0.0203125 0.0234375
2 0.41953125 0.4765625 0.0109375 0.015625
2 0.39765625 0.4736328125 0.0359375 0.033203125
2 0.38984375 0.484375 0.0484375 0.04296875
