4 0.51171875 0.451171875 0.0921875 0.1171875
0 0.56171875 0.4736328125 0.0140625 0.041015625
0 0.6375 0.4716796875 0.01875 0.068359375
0 0.6703125 0.4736328125 0.01875 0.060546875
0 0.68125 0.46875 0.0125 0.05078125
0 0.6953125 0.4658203125 0.01875 0.056640625
0 0.72578125 0.470703125 0.0171875 0.0625
0 0.88359375 0.4794921875 0.0359375 0.111328125
0 0.90859375 0.4833984375 0.0328125 0.123046875
0 0.09375 0.4931640625 0.01875 0.068359375
0 0.1015625 0.484375 0.015625 0.0546875
2 0.36171875 0.47265625 0.0234375 0.03125
2 0.3375 0.4775390625 0.03125 0.037109375
2 0.3 0.482421875 0.059375 0.05859375
2 0.43984375 0.47265625 0.0140625 0.03515625
2 0.40625 0.4775390625 0.071875 0.080078125
