1 0.74765625 0.453125 0.0359375 0.0546875
1 0.62734375 0.4697265625 0.0390625 0.052734375
1 0.55390625 0.4765625 0.0421875 0.04296875
1 0.5296875 0.470703125 0.040625 0.0703125
1 0.50234375 0.4736328125 0.0421875 0.072265625
1 0.4625 0.4775390625 0.05625 0.091796875
1 0.4296875 0.48828125 0.046875 0.06640625
1 0.36875 0.48828125 0.04375 0.0859375
1 0.2953125 0.4951171875 0.078125 0.087890625
1 0.1671875 0.4990234375 0.1125 0.099609375
2 0.3171875 0.4306640625 0.253125 0.107421875
2 0.79921875 0.4365234375 0.0359375 0.029296875
