1 0.08046875 0.5244140625 0.0515625 0.099609375
1 0.140625 0.51171875 0.046875 0.08203125
1 0.1859375 0.5009765625 0.03125 0.072265625
1 0.21015625 0.501953125 0.0234375 0.05078125
1 0.253125 0.49609375 0.01875 0.0390625
1 0.29375 0.486328125 0.01875 0.04296875
1 0.31875 0.484375 0.01875 0.0390625
1 0.33828125 0.4697265625 0.0109375 0.025390625
1 0.36015625 0.46875 0.0109375 0.02734375
2 0.56796875 0.462890625 0.0515625 0.04296875
2 0.3875 0.45703125 0.0125 0.015625
2 0.4421875 0.458984375 0.0125 0.015625
2 0.2484375 0.46875 0.071875 0.078125
