0 0.625 0.431640625 0.021875 0.08203125
0 0.60390625 0.4384765625 0.0234375 0.072265625
2 0.8484375 0.55859375 0.303125 0.5625
2 0.40859375 0.45703125 0.0734375 0.0390625
2 0.45625 0.45703125 0.03125 0.03125
2 0.05234375 0.470703125 0.0578125 0.02734375
2 0.128125 0.46875 0.08125 0.02734375
2 0.31796875 0.4541015625 0.0578125 0.048828125
2 0.28046875 0.458984375 0.0296875 0.04296875
2 0.3515625 0.4560546875 0.009375 0.029296875
2 0.359375 0.45703125 0.0125 0.0234375
2 0.36640625 0.4541015625 0.0109375 0.017578125
