0 0.0109375 0.4443359375 0.021875 0.138671875
0 0.24609375 0.4541015625 0.0078125 0.021484375
0 0.22734375 0.4462890625 0.0078125 0.033203125
0 0.21875 0.447265625 0.009375 0.0390625
0 0.23515625 0.447265625 0.0078125 0.03515625
0 0.26796875 0.4580078125 0.0171875 0.072265625
0 0.76328125 0.4716796875 0.0390625 0.142578125
1 0.11328125 0.4482421875 0.0484375 0.044921875
1 0.14765625 0.4501953125 0.0515625 0.044921875
2 0.3171875 0.46875 0.078125 0.0703125
2 0.34609375 0.435546875 0.0453125 0.0234375
2 0.371875 0.4375 0.015625 0.01953125
2 0.51875 0.4814453125 0.446875 0.216796875
