4 0.421875 0.3720703125 0.1625 0.193359375
2 0.7359375 0.4765625 0.209375 0.1875
2 0.59609375 0.42578125 0.1203125 0.109375
2 0.51484375 0.412109375 0.0234375 0.078125
2 0.33203125 0.4150390625 0.0453125 0.056640625
2 0.29453125 0.412109375 0.0484375 0.10546875
2 0.221875 0.4443359375 0.16875 0.169921875
2 0.071875 0.435546875 0.125 0.09765625
2 0.01328125 0.4560546875 0.0265625 0.087890625
2 0.3296875 0.380859375 0.04375 0.015625
2 0.87421875 0.4189453125 0.0671875 0.037109375
2 0.8625 0.294921875 0.053125 0.02734375
2 0.9859375 0.296875 0.028125 0.02734375
2 0.95390625 0.416015625 0.0328125 0.03515625
