0 0.8421875 0.490234375 0.028125 0.109375
0 0.91328125 0.466796875 0.0265625 0.04296875
0 0.93671875 0.4638671875 0.0265625 0.048828125
0 0.9828125 0.462890625 0.034375 0.0546875
0 0.73671875 0.4658203125 0.0171875 0.044921875
0 0.28828125 0.4638671875 0.0046875 0.013671875
1 0.803125 0.568359375 0.08125 0.18359375
1 0.91640625 0.5673828125 0.0859375 0.169921875
1 0.96328125 0.6220703125 0.0734375 0.271484375
1 0.7296875 0.5205078125 0.1 0.123046875
1 0.65 0.5166015625 0.05 0.119140625
1 0.35234375 0.517578125 0.0328125 0.0703125
1 0.44375 0.5888671875 0.084375 0.193359375
1 0.5796875 0.5859375 0.103125 0.234375
2 0.08125 0.5654296875 0.1625 0.283203125
