0 0.02109375 0.5302734375 0.0421875 0.197265625
2 0.7421875 0.4794921875 0.0625 0.060546875
2 0.7328125 0.4501953125 0.078125 0.033203125
2 0.65078125 0.470703125 0.0359375 0.03515625
2 0.6359375 0.45703125 0.015625 0.01953125
2 0.62265625 0.4580078125 0.0140625 0.021484375
2 0.609375 0.4599609375 0.015625 0.021484375
2 0.58984375 0.4619140625 0.0234375 0.021484375
2 0.5828125 0.4521484375 0.015625 0.017578125
2 0.56328125 0.462890625 0.0265625 0.02734375
2 0.53046875 0.4521484375 0.0234375 0.021484375
2 0.52265625 0.4658203125 0.0265625 0.033203125
2 0.50703125 0.4658203125 0.0234375 0.037109375
2 0.47265625 0.46484375 0.0546875 0.046875
2 0.5484375 0.48046875 0.034375 0.046875
2 0.29453125 0.455078125 0.0921875 0.0703125
2 0.1875 0.4365234375 0.10625 0.048828125
14 0.68984375 0.611328125 0.0234375 0.0234375
14 0.5453125 0.5712890625 0.015625 0.009765625
14 0.55390625 0.5439453125 0.0078125 0.009765625
