0 0.95 0.5400390625 0.1 0.224609375
0 0.7375 0.51171875 0.04375 0.14453125
0 0.76796875 0.5087890625 0.0671875 0.146484375
0 0.69921875 0.5224609375 0.0453125 0.134765625
0 0.65703125 0.4931640625 0.0609375 0.201171875
0 0.52265625 0.46484375 0.0234375 0.0703125
0 0.54296875 0.4755859375 0.0203125 0.056640625
0 0.56484375 0.4716796875 0.0296875 0.048828125
1 0.5875 0.501953125 0.1 0.09375
2 0.4921875 0.4716796875 0.053125 0.056640625
2 0.45546875 0.4755859375 0.0453125 0.080078125
2 0.38203125 0.484375 0.1296875 0.15234375
