0 0.871875 0.4482421875 0.025 0.044921875
0 0.7265625 0.4619140625 0.025 0.076171875
0 0.62109375 0.458984375 0.0109375 0.0546875
0 0.63671875 0.4580078125 0.0109375 0.041015625
0 0.5 0.4462890625 0.00625 0.017578125
0 0.49296875 0.4482421875 0.0046875 0.013671875
0 0.16875 0.4501953125 0.01875 0.044921875
0 0.0125 0.4794921875 0.025 0.138671875
0 0.09375 0.447265625 0.0125 0.03125
0 0.07890625 0.4482421875 0.0171875 0.033203125
0 0.065625 0.435546875 0.01875 0.03515625
1 0.2015625 0.474609375 0.03125 0.04296875
1 0.77578125 0.482421875 0.0484375 0.046875
2 0.58359375 0.48046875 0.0640625 0.0625
2 0.55625 0.47265625 0.025 0.05078125
2 0.5453125 0.4697265625 0.025 0.044921875
2 0.5359375 0.4658203125 0.01875 0.041015625
2 0.5359375 0.4580078125 0.028125 0.037109375
2 0.5203125 0.453125 0.015625 0.0234375
2 0.48203125 0.44921875 0.0140625 0.01171875
2 0.50859375 0.4501953125 0.0140625 0.013671875
2 0.27734375 0.4677734375 0.1203125 0.052734375
