0 0.0484375 0.4931640625 0.015625 0.064453125
0 0.28203125 0.4794921875 0.0140625 0.068359375
0 0.315625 0.45703125 0.0125 0.046875
0 0.334375 0.4599609375 0.0125 0.044921875
0 0.42109375 0.44921875 0.0046875 0.01953125
0 0.49375 0.46484375 0.0125 0.0390625
0 0.62421875 0.46484375 0.0078125 0.02734375
0 0.6375 0.458984375 0.00625 0.01953125
0 0.64453125 0.4599609375 0.0046875 0.017578125
0 0.65 0.4599609375 0.00625 0.017578125
0 0.6703125 0.4638671875 0.009375 0.017578125
0 0.73203125 0.4677734375 0.0078125 0.041015625
0 0.74765625 0.46875 0.0109375 0.0390625
0 0.73984375 0.46875 0.0109375 0.0390625
2 0.4765625 0.4443359375 0.009375 0.009765625
2 0.4859375 0.4443359375 0.009375 0.009765625
2 0.5140625 0.4443359375 0.009375 0.009765625
2 0.52109375 0.4453125 0.0109375 0.01171875
2 0.53203125 0.44921875 0.0171875 0.01953125
2 0.54609375 0.4541015625 0.0140625 0.017578125
2 0.5625 0.458984375 0.025 0.02734375
2 0.52734375 0.515625 0.1015625 0.11328125
2 0.6375 0.5068359375 0.05625 0.072265625
2 0.6890625 0.5234375 0.1125 0.09765625
2 0.778125 0.56640625 0.165625 0.13671875
1 0.4359375 0.458984375 0.009375 0.01953125
