0 0.6296875 0.537109375 0.021875 0.04296875
0 0.06796875 0.482421875 0.0234375 0.0390625
0 0.12109375 0.50390625 0.0203125 0.06640625
0 0.328125 0.5107421875 0.015625 0.056640625
0 0.3859375 0.494140625 0.009375 0.03125
0 0.375 0.4931640625 0.009375 0.029296875
0 0.65625 0.49609375 0.009375 0.03125
0 0.63125 0.4931640625 0.00625 0.029296875
1 0.58984375 0.533203125 0.0203125 0.046875
2 0.50390625 0.5380859375 0.1015625 0.111328125
2 0.1984375 0.5166015625 0.103125 0.091796875
2 0.2734375 0.509765625 0.065625 0.07421875
2 0.31484375 0.5078125 0.0234375 0.0625
2 0.34453125 0.50390625 0.0515625 0.0625
0 0.80703125 0.509765625 0.0328125 0.0703125
0 0.8765625 0.513671875 0.025 0.07421875
