4 0.328125 0.478515625 0.121875 0.13671875
0 0.8140625 0.533203125 0.021875 0.09765625
2 0.12421875 0.5537109375 0.2265625 0.177734375
2 0.41015625 0.5029296875 0.0140625 0.013671875
2 0.44921875 0.501953125 0.0140625 0.015625
2 0.70703125 0.5419921875 0.1421875 0.138671875
2 0.61640625 0.5166015625 0.0859375 0.095703125
2 0.56953125 0.517578125 0.0390625 0.0625
2 0.55078125 0.51171875 0.0359375 0.05078125
2 0.5328125 0.5087890625 0.021875 0.041015625
2 0.52109375 0.509765625 0.0171875 0.03125
2 0.5078125 0.50390625 0.015625 0.02734375
2 0.49609375 0.50390625 0.0140625 0.015625
2 0.48125 0.5029296875 0.015625 0.017578125
