4 0.52109375 0.533203125 0.0453125 0.04296875
0 0.83828125 0.5615234375 0.0203125 0.072265625
0 0.5828125 0.548828125 0.01875 0.05078125
0 0.54609375 0.55078125 0.0140625 0.03515625
0 0.49375 0.546875 0.015625 0.0390625
0 0.51015625 0.5478515625 0.0203125 0.037109375
0 0.43359375 0.5478515625 0.0140625 0.044921875
0 0.41875 0.55078125 0.01875 0.0390625
0 0.36953125 0.5693359375 0.0265625 0.064453125
0 0.35546875 0.56640625 0.0203125 0.078125
0 0.34140625 0.5712890625 0.0203125 0.076171875
0 0.3296875 0.556640625 0.015625 0.05078125
0 0.19921875 0.5537109375 0.0078125 0.033203125
0 0.22890625 0.5498046875 0.0109375 0.037109375
0 0.03203125 0.5849609375 0.0171875 0.064453125
0 0.0078125 0.5888671875 0.015625 0.072265625
0 0.0578125 0.5869140625 0.034375 0.064453125
0 0.0609375 0.5478515625 0.009375 0.025390625
0 0.01171875 0.556640625 0.0078125 0.02734375
0 0.0703125 0.5546875 0.009375 0.046875
0 0.0765625 0.55078125 0.009375 0.03515625
0 0.08671875 0.552734375 0.0078125 0.03125
0 0.21796875 0.5458984375 0.0078125 0.029296875
0 0.2453125 0.5439453125 0.00625 0.029296875
0 0.4 0.53125 0.009375 0.03125
0 0.3171875 0.5546875 0.015625 0.04296875
2 0.73984375 0.5771484375 0.1078125 0.095703125
2 0.66484375 0.5595703125 0.0640625 0.064453125
2 0.63203125 0.55859375 0.0234375 0.05078125
2 0.60625 0.546875 0.03125 0.03125
2 0.56328125 0.55078125 0.0265625 0.03125
2 0.44765625 0.55078125 0.0453125 0.0390625
2 0.4765625 0.548828125 0.021875 0.03515625
2 0.55234375 0.529296875 0.0234375 0.02734375
2 0.10078125 0.578125 0.0734375 0.0546875
2 0.15859375 0.5732421875 0.0546875 0.044921875
2 0.28671875 0.5498046875 0.0453125 0.048828125
2 0.4328125 0.669921875 0.415625 0.2109375
