0 0.775 0.4638671875 0.03125 0.099609375
0 0.66015625 0.4755859375 0.0203125 0.080078125
2 0.9015625 0.607421875 0.196875 0.3125
2 0.821875 0.447265625 0.078125 0.04296875
2 0.63359375 0.4619140625 0.1015625 0.044921875
2 0.71015625 0.44140625 0.0484375 0.0390625
2 0.753125 0.443359375 0.0375 0.03515625
2 0.09765625 0.5751953125 0.1953125 0.583984375
2 0.20078125 0.48828125 0.1421875 0.171875
2 0.2734375 0.4794921875 0.040625 0.072265625
2 0.290625 0.4638671875 0.021875 0.041015625
2 0.32265625 0.45703125 0.0265625 0.03515625
2 0.5296875 0.455078125 0.01875 0.04296875
2 0.49921875 0.455078125 0.0234375 0.03125
2 0.35859375 0.458984375 0.0265625 0.03125
