4 0.48984375 0.470703125 0.0359375 0.0390625
4 0.51484375 0.46875 0.0171875 0.01953125
4 0.53515625 0.4697265625 0.0171875 0.017578125
0 0.38515625 0.486328125 0.0171875 0.03515625
2 0.9484375 0.81640625 0.103125 0.36328125
2 0.86796875 0.6279296875 0.2640625 0.232421875
2 0.67265625 0.544921875 0.1171875 0.10546875
2 0.6296875 0.5087890625 0.034375 0.041015625
2 0.61171875 0.5009765625 0.0265625 0.037109375
2 0.53046875 0.6591796875 0.2578125 0.263671875
2 0.5484375 0.5146484375 0.1375 0.056640625
2 0.178125 0.5390625 0.35625 0.4140625
2 0.02421875 0.822265625 0.0484375 0.28125
2 0.37890625 0.5625 0.0890625 0.12890625
2 0.425 0.52734375 0.078125 0.0859375
2 0.44140625 0.490234375 0.0671875 0.0546875
2 0.896875 0.46875 0.05625 0.03515625
2 0.571875 0.4775390625 0.028125 0.017578125
